create_time,idppe,idbeacon,bluetooth_channel,rssi_1,rssi_2,rssi_3,rssi_4,az_1,az_2,az_3,az_4,el_1,el_2,el_3,el_4,x,y,z
1761084610.22916,2c08d2cc-7a1c-9d34-25ea-6265acb43d72,10b6b131-e96e-5c3d-0d58-98f8a30eb9ac,11,-83.0,-74.0,-76.0,-67.0,2.7419895930811475,-2.3290576776327643,1.7993972810773364,-2.760593903824223,0.24223339294168944,0.26177899797205345,0.5681304908709225,0.34067233230174954,-1.7426930665969849,4.999284744262695,1.7241029739379883
1761084611.217031,2c08d2cc-7a1c-9d34-25ea-6265acb43d72,cef86bfe-d758-73e3-3d4e-4b47fcb445bf,12,-68.0,-73.0,-79.0,-74.0,2.94480848485053,-2.3691209414913716,1.8179659054618045,-2.7506568508488103,0.18487978873233837,0.2231874135765811,0.725381031913368,0.2526450711576247,-1.701978325843811,5.012274742126465,1.6596940755844116
1761084612.214696,2c08d2cc-7a1c-9d34-25ea-6265acb43d72,be25c760-6dfd-eff1-4717-04192e1c42fe,0,-68.0,NaN,-72.0,-70.0,3.0176523322508135,NaN,1.842504271745795,-2.9031148337725767,0.18316514575400447,NaN,0.5968821777364997,0.21891570318809397,-1.6936924457550049,5.025132179260254,1.5988848209381104
1761084614.218129,2c08d2cc-7a1c-9d34-25ea-6265acb43d72,c5697f0d-472b-db13-fdc4-b4f93afc77e9,29,-79.0,NaN,-78.0,-78.0,2.9148436615293942,NaN,1.875619082004276,-2.9256989724486666,0.23476813628727702,NaN,0.3754630698342177,0.21840564126031656,-1.8240137100219727,5.053887367248535,1.4700678586959839
1761084615.218417,2c08d2cc-7a1c-9d34-25ea-6265acb43d72,ce061c6f-4237-aa61-d974-902844c58389,18,-69.0,NaN,-77.0,-69.0,2.9071636375778245,NaN,1.8917977856265074,-2.9222445861987247,0.26275428085275415,NaN,0.25029356649411194,0.22579744460291323,-1.9097404479980469,5.07139778137207,1.3851534128189087
1761084616.218773,2c08d2cc-7a1c-9d34-25ea-6265acb43d72,d0f10698-e38b-ad6d-89a1-e59ce7f313fc,24,-75.0,NaN,-75.0,-71.0,2.8549539623034743,NaN,1.8936492152163305,-2.98654075176429,0.25798013183511,NaN,0.29391288277727456,0.24152847084590232,NaN,NaN,NaN
1761084617.217915,2c08d2cc-7a1c-9d34-25ea-6265acb43d72,d2047b2c-3b32-2701-6e4d-cd6d233f0961,15,-76.0,-82.0,-69.0,-73.0,2.8840868141000695,-2.639263480353521,1.959910793666374,2.7158000669213083,0.23357598887005987,0.18218114102073382,0.4103891292395755,0.3360477197793133,-2.0559256076812744,5.088282585144043,1.2869707345962524
1761084619.218777,2c08d2cc-7a1c-9d34-25ea-6265acb43d72,e0fb5c05-ef74-bda0-58e5-a031dcd83fcd,20,-80.0,-77.0,-74.0,-73.0,2.8308933671190446,-2.8943977748925294,1.9764905693487713,2.9345079103863214,0.2525105149435484,0.1160649045871814,0.25977496925176885,0.3515564719398216,-2.47738528251648,5.131054401397705,1.0857906341552734
1761084620.218089,2c08d2cc-7a1c-9d34-25ea-6265acb43d72,d39c0695-e20d-64a2-cb57-a13fb727d47b,17,-75.0,-82.0,-76.0,-74.0,2.8537757798372234,-2.6372597179493455,1.8529358737356354,3.1137754033716973,0.20889655827207965,0.1100554982321744,0.18424410882489325,0.23286802078377597,-2.908928632736206,5.176058292388916,1.0228999853134155
1761084621.218068,2c08d2cc-7a1c-9d34-25ea-6265acb43d72,69354c50-8998-e3cb-4d9b-20ccaabe40de,15,-68.0,-74.0,-75.0,-78.0,2.7334616186384957,-2.5555273040948134,2.027941243712448,-2.9446731962671544,0.1372699003256386,0.14716982717097987,0.18866593827507677,0.1465069330861455,-3.39436674118042,5.211953163146973,1.0412757396698
1761084623.216061,2c08d2cc-7a1c-9d34-25ea-6265acb43d72,bfb701bf-0fcb-1bd9-ef0e-73b77eb522eb,9,-71.0,-78.0,-79.0,-75.0,2.6576930877290876,-2.4967169840587027,1.8977100032464835,-2.9104438530924748,0.18137212261583818,0.16996791755114404,0.3704524654012881,0.1340945883908019,-3.88916540145874,5.241617679595947,1.0657949447631836
1761084624.218904,2c08d2cc-7a1c-9d34-25ea-6265acb43d72,8de7d130-a700-087a-f322-5e6d01cd8b6c,13,-81.0,-81.0,-82.0,-65.0,2.6594150876899327,-2.4318711420441455,2.0248088336382972,-2.8449426071336488,0.29235526643471443,0.17795756726894993,0.3444763583133051,0.15368545051494048,-4.365512371063232,5.27021026611328,1.0760473012924194
1761084625.218893,2c08d2cc-7a1c-9d34-25ea-6265acb43d72,beedbb47-414a-e73e-1c3d-43a0ea41467d,20,-75.0,-74.0,NaN,-69.0,2.688095202101214,-2.4214547200725183,NaN,-2.8929657931743935,0.4752728547206393,0.1484351615839038,NaN,0.15615981012848995,-4.79295015335083,5.29612922668457,1.101214051246643
1761084627.217801,2c08d2cc-7a1c-9d34-25ea-6265acb43d72,54a3f456-210e-2701-cc34-dc5db3a1534e,25,-71.0,-85.0,NaN,-66.0,2.6185046722885716,-2.452735677604371,NaN,-2.9555032071560707,0.15817713800946814,0.10954082570675978,NaN,0.12800927362234923,-5.566587924957275,5.323106288909912,1.1963770389556885
1761084628.218875,2c08d2cc-7a1c-9d34-25ea-6265acb43d72,847375bd-ea27-76c6-da57-0f53f6cc416d,14,-75.0,-81.0,NaN,-76.0,2.6772737133277857,-2.675803382089953,NaN,-2.9263253479370532,0.1269500845225543,0.1451015496893971,NaN,0.15514757588766445,-5.890605926513672,5.32855749130249,1.2493771314620972
1761084629.217316,2c08d2cc-7a1c-9d34-25ea-6265acb43d72,bf34e384-658d-fd13-f9e5-3cd4d125bd90,29,-73.0,-74.0,NaN,-73.0,2.5994950284275857,-2.6145408233220975,NaN,-2.8990828078821966,0.12122966443533453,0.1352320993937804,NaN,0.12677326727092983,NaN,NaN,NaN
1761084630.219468,2c08d2cc-7a1c-9d34-25ea-6265acb43d72,b363fbcf-771c-e552-a18d-1cd6f7fcbcdb,2,-67.0,-76.0,-75.0,-66.0,2.790102793966737,-2.7388209640161714,2.0407068400816337,-2.8856860423346617,0.16715517003158642,0.258266554810348,0.27203714495114567,0.23577755756420113,-6.18643856048584,5.319739818572998,1.316972017288208
1761084632.218867,2c08d2cc-7a1c-9d34-25ea-6265acb43d72,5e3bc7af-e4d8-aa19-316a-1cbd1870b535,25,-82.0,-75.0,-79.0,-67.0,2.680531291973171,-2.6885199762950815,1.9660648263133291,-2.9147680277544366,0.17997516146603715,0.2523147892481844,0.09934000327013158,0.25566519570231544,-6.60273265838623,5.29384469985962,1.4296059608459473
1761084633.218857,2c08d2cc-7a1c-9d34-25ea-6265acb43d72,df4a6aa2-a758-bdd8-59f3-157eed3c176f,0,-77.0,NaN,-65.0,-71.0,2.6513680801401494,NaN,1.9889147484662089,-2.8766544641298766,0.20598362596126457,NaN,0.16215967903784306,0.3015412746932111,-6.63868808746338,5.2837553024292,1.41584849357605
1761084634.218712,2c08d2cc-7a1c-9d34-25ea-6265acb43d72,96ab76d6-daa0-01a3-ac59-bd5c1a89cdb1,0,-75.0,NaN,-69.0,-66.0,2.7296090898055874,NaN,1.9910016014963952,-2.8602224938879783,0.20797869980238382,NaN,0.2462251718100956,0.37250103549080427,-6.661120891571045,5.2918572425842285,1.4125969409942627
1761084636.215386,2c08d2cc-7a1c-9d34-25ea-6265acb43d72,c2e2b703-b126-ad96-d066-6a9f1a1718ff,28,-75.0,NaN,-81.0,-66.0,2.5809290672042073,NaN,1.8837401254323636,-2.966920445065349,0.16206222398670297,NaN,0.33182228181476636,0.42699603587557794,-6.68656301498413,5.249664306640625,1.4173991680145264
1761084637.218444,2c08d2cc-7a1c-9d34-25ea-6265acb43d72,b3d0b56b-1c4d-7831-9868-4161ec9c6cf4,31,-75.0,NaN,-81.0,-68.0,2.628200176553114,NaN,1.876928824628377,-3.016425680252723,0.16559961763887115,NaN,0.26769479421474424,0.3816356114507488,NaN,NaN,NaN
1761084638.219328,2c08d2cc-7a1c-9d34-25ea-6265acb43d72,902365a7-5ffc-40ad-c4e2-f913bdc25616,6,-68.0,-86.0,-74.0,-62.0,2.7207460896978035,3.1050961613791292,1.95366248511683,-3.031044304108386,0.22014600038792653,0.6390310962028024,0.25811635252486753,0.3402029834491367,-6.69423246383667,5.222023010253906,1.4125853776931763
1761084640.219195,2c08d2cc-7a1c-9d34-25ea-6265acb43d72,ac2bd9d4-c573-8e38-ac8b-f93ccac0d954,9,-74.0,-85.0,-69.0,-63.0,2.7031457906856877,-2.8775988210524184,1.96891547394415,-3.095452588755843,0.14740230448938696,0.6561535575363305,0.29945735114022415,0.3022719129382744,-6.781551361083984,5.17193841934204,1.3673219680786133
1761084641.21433,2c08d2cc-7a1c-9d34-25ea-6265acb43d72,d22d4a80-829b-3c98-7e35-dd45bc2f5b63,6,-85.0,NaN,-78.0,-63.0,2.7065951169295586,NaN,2.003767730497799,-3.08723380731575,0.15854328936984038,NaN,0.3790790100937864,0.28290613786051794,-6.817724227905273,5.143430709838867,1.3417505025863647
1761084642.21865,2c08d2cc-7a1c-9d34-25ea-6265acb43d72,43c90fde-4d6a-c9a5-d555-81fc07e3d62a,16,-80.0,-76.0,-76.0,-70.0,2.7235344193591167,-2.831374334011913,2.0331471910113352,-3.0705877189222095,0.20839388661632718,0.8180377325594049,0.25837997218327174,0.24255004279529985,NaN,NaN,NaN
1761084644.214621,2c08d2cc-7a1c-9d34-25ea-6265acb43d72,487ed2e5-df51-86d8-4785-83eea9602bd1,17,-70.0,-73.0,-71.0,-70.0,2.748865875015732,-2.8841280930969657,2.0733385529183748,-3.041751276954941,0.24453794274623272,0.8349006022656776,0.5107731915255591,0.227438667558945,-6.855130672454834,5.091350555419922,1.3327701091766357
1761084645.216125,2c08d2cc-7a1c-9d34-25ea-6265acb43d72,e58217de-50a6-97ed-3fef-7cf85b5e8a38,27,-75.0,-86.0,-75.0,-72.0,2.7571467081092247,-2.8469154768691793,2.094039304071561,-3.0460221883951,0.29738537852262886,0.8577135730584327,0.4728786396111444,0.23153128036412426,-6.904606342315674,5.061256408691406,1.294984221458435
1761084646.215409,2c08d2cc-7a1c-9d34-25ea-6265acb43d72,a1203854-ba76-29e5-3163-9e3579c98aea,4,-68.0,-75.0,-70.0,-65.0,2.7692028383640133,-2.7521069420623587,2.074176383397314,-2.9880251977559,0.24306880993089053,0.6630253120970621,0.4585041277589008,0.34932457649876714,-6.95500135421753,5.031249523162842,1.2406907081604004
1761084647.218936,2c08d2cc-7a1c-9d34-25ea-6265acb43d72,ffb5a1c7-82bb-ba28-b644-357c7bc35567,11,-67.0,-76.0,-75.0,-66.0,2.8591074283395623,-2.6961547265081207,2.0472550205699207,-2.888301532841229,0.18344118240099117,0.8247330526979186,0.356416141717971,0.2741717850781419,-6.978275775909424,5.036925315856934,1.1985225677490234
1761084649.219687,2c08d2cc-7a1c-9d34-25ea-6265acb43d72,cb3e34c5-6217-1fa4-99bd-f7ced7c86d77,7,-68.0,-79.0,-75.0,-65.0,2.825399265790211,-2.7011604040930335,2.032143179280375,-2.893006805855181,0.1247292245552668,0.6492082331504857,0.3728844641087485,0.28629377863563954,-7.03218698501587,5.11840009689331,1.1831934452056885
1761084650.218473,2c08d2cc-7a1c-9d34-25ea-6265acb43d72,bb4020c6-76ad-28e8-2013-bf919eed9449,18,-73.0,-80.0,-75.0,-68.0,2.782771111485749,-2.6591775337206975,1.9905691041353664,-2.895175151614723,0.17894981115684297,0.6228722331306921,0.47193694584969237,0.25499840674438684,-7.035427570343018,5.165436744689941,1.1841888427734375
1761084651.214807,2c08d2cc-7a1c-9d34-25ea-6265acb43d72,7bcdb405-7671-e4f0-cee9-92d46867badd,5,-64.0,-72.0,-72.0,-65.0,2.8260778392359636,-2.643368743173878,2.0643184263062766,-2.9059415129535866,0.21351396361481584,0.42835997382786206,0.5256150548595979,0.27736386660546763,-7.040817737579346,5.222712516784668,1.1585115194320679
1761084653.218418,2c08d2cc-7a1c-9d34-25ea-6265acb43d72,464779e1-f88c-fb53-54aa-2f524f55501b,17,-68.0,-73.0,-75.0,-64.0,2.7061871206505583,-2.500418511657804,1.99311828193079,-3.0530209757398286,0.2907425226575897,0.42174168562387887,0.44095386288576505,0.2826318988472671,-7.009088039398193,5.303077697753906,1.0876652002334595
1761084654.218832,2c08d2cc-7a1c-9d34-25ea-6265acb43d72,d0796e73-c19d-4a51-29df-01184f230bb4,6,-70.0,-75.0,-71.0,-64.0,2.677304073364213,-2.3693299996369426,1.9778375962281334,3.0001841260287656,0.3085854689345252,0.40489189869646114,0.578887131671807,0.28898423712689214,-6.970661163330078,5.32431983947754,1.0450879335403442
1761084655.21529,2c08d2cc-7a1c-9d34-25ea-6265acb43d72,8c073300-2159-fcb0-eed0-c324a0347667,22,-76.0,-77.0,-75.0,-71.0,2.667652244941548,-2.4262484100346615,2.005258035443807,-2.8700759236051625,0.32894190664827755,0.33805401218652453,0.5129156380435005,0.2993387406031747,-6.9201922416687,5.347941875457764,1.0291836261749268
1761084656.215541,2c08d2cc-7a1c-9d34-25ea-6265acb43d72,1d7c10af-0d2f-0a2e-abd3-629cdce8dcbe,25,-73.0,-79.0,-80.0,-66.0,2.6785003653258768,-2.3868868891232897,2.0140070522569355,-2.9442753200002962,0.37614929986810386,0.24247304415028298,0.5229567540385079,0.21571957698486266,-6.8737640380859375,5.35480785369873,1.0426580905914307
1761084658.21891,2c08d2cc-7a1c-9d34-25ea-6265acb43d72,a6385260-cf88-2a64-4d9e-ada1286be062,18,-69.0,-74.0,-81.0,-69.0,2.754395662703173,-2.3353989305043523,2.0551342489710294,-2.9708038665669028,0.4774386371876326,0.1432802138198919,0.6223565119855982,0.12882839539463037,-6.855769634246826,5.330655097961426,1.0212284326553345
1761084659.219003,2c08d2cc-7a1c-9d34-25ea-6265acb43d72,5d8c5f4a-6d6d-e67b-5def-00a3965b3d0d,27,-76.0,-69.0,-78.0,-69.0,2.579792430050962,-2.304409855427972,2.013959647989532,-3.008569355036989,0.35463435379065344,0.15943906024724538,0.5043276093182675,0.1717594426611972,-6.86984634399414,5.29289722442627,0.977354109287262
1761084660.220584,2c08d2cc-7a1c-9d34-25ea-6265acb43d72,0af0bf10-2852-e69d-b005-ffd5f9343a59,36,-78.0,-87.0,-76.0,-67.0,2.7624559860584066,-2.3377395827864227,1.9804395046131409,-2.9939850859593884,0.10553866051010231,0.17017348029778454,0.38801611265890157,0.2504402234463913,-6.879170894622803,5.258159637451172,0.9750561118125916
1761084662.219393,2c08d2cc-7a1c-9d34-25ea-6265acb43d72,173b95db-cc21-2495-2743-468613d076bf,27,-79.0,-72.0,-69.0,-79.0,2.6931211197104115,-2.40486988438405,2.003707010424945,-3.0116026955185893,0.08689274619737272,0.14998112659669477,0.3407379126435928,0.2894244909445959,-6.853679180145264,5.1901469230651855,1.0581663846969604
1761084663.219658,2c08d2cc-7a1c-9d34-25ea-6265acb43d72,d6364d5b-2abe-8267-bd09-175d4a87f8e6,27,-83.0,-78.0,-70.0,-68.0,2.832546657523766,-2.4012498495143055,1.9936162930546348,-2.9594436203049517,0.10022301594143938,0.1766338097596124,0.29786265027948466,0.4250932738557436,-6.81653928756714,5.2152228355407715,1.1141905784606934
1761084664.218854,2c08d2cc-7a1c-9d34-25ea-6265acb43d72,e96ef7a0-4aaf-6287-4ec9-c922ff93ef15,19,-67.0,-74.0,-82.0,-68.0,2.6674849984250906,-2.449119371160153,1.9573355168922673,-3.049605471641802,0.2043715979086828,0.15279026220402397,0.18916731163979783,0.4893247578963333,-6.805792808532715,5.19942283630371,1.193200945854187
1761084666.219942,2c08d2cc-7a1c-9d34-25ea-6265acb43d72,21019d63-0c05-7510-4e53-6614f2a505be,35,-72.0,-75.0,-75.0,-69.0,2.6208871361997566,-2.4883954046005323,1.9728644092085195,-3.1239646577023406,0.21948909841554487,0.15113572344254175,0.2009690267866999,0.45482187478818914,-6.815157413482666,5.105262756347656,1.2937242984771729
1761084667.217785,2c08d2cc-7a1c-9d34-25ea-6265acb43d72,99318f54-80a2-7b9c-9de6-2b8375ebd2ee,30,-85.0,-74.0,-89.0,-70.0,2.690876607543693,-2.475043380159311,1.978821900567027,-3.100286758766555,0.20966391485067232,0.20501526729939815,0.2730520922873317,0.4104493832592385,-6.820699214935303,5.06125831604004,1.3167953491210938
1761084668.220024,2c08d2cc-7a1c-9d34-25ea-6265acb43d72,31604788-b4df-3d9d-bbf6-400a9cf0c166,2,-67.0,-75.0,-77.0,-63.0,2.8134411398635373,-2.4879296177258774,1.9534142785032347,-3.0914895387376964,0.19805343131479478,0.21440519047361084,0.20489470932580162,0.4431830618762158,-6.805978775024414,5.02089548110962,1.3434027433395386
1761084669.218434,2c08d2cc-7a1c-9d34-25ea-6265acb43d72,cd97b033-9cf6-9c0c-fcfc-8f527e01485b,19,-75.0,-78.0,-78.0,-66.0,2.831838789306023,-2.5127659917358476,1.981488257450414,-3.0353503692749353,0.21511072842540008,0.23143692123775142,0.24440328666361558,0.5202491847372517,-6.79010820388794,5.00073766708374,1.3612291812896729
1761084671.218991,2c08d2cc-7a1c-9d34-25ea-6265acb43d72,57724b2d-8a92-194a-428c-12607d392efe,7,-77.0,-76.0,-73.0,-70.0,2.82952823074427,-2.6057630443691964,1.9486903633616521,-3.0174930752176268,0.2035045558815371,0.18159725959649076,0.3175916805299279,0.5513130613507493,-6.7845258712768555,4.981922149658203,1.3085744380950928
1761084672.218649,2c08d2cc-7a1c-9d34-25ea-6265acb43d72,588c9501-9b5a-12c6-b191-eec1693464bd,31,-81.0,-76.0,-75.0,-72.0,2.7969140947707234,-2.465838163851452,1.8886398092058916,-3.057921724777793,0.22269139982355385,0.23692842598452207,0.32846852976451596,0.5747443848591072,-6.774182319641113,4.964752197265625,1.2530921697616577
1761084673.219523,2c08d2cc-7a1c-9d34-25ea-6265acb43d72,ac5bce01-ee4c-5f13-c23e-5363fe80e318,21,-72.0,-91.0,-72.0,-75.0,2.775777117830983,-2.41911619831932,2.0000904376646176,3.1278864287235915,0.20986859542520173,0.26841090158710973,0.5178640243754631,0.5808896956534922,-6.800278186798096,4.90156078338623,1.1746129989624023
1761084675.218235,2c08d2cc-7a1c-9d34-25ea-6265acb43d72,79d7964f-136d-fa1c-6a5f-6c7e85b19e0d,30,-74.0,-74.0,-75.0,-69.0,2.778329491419715,-2.480899405080286,1.9791899494296756,-2.9926638917426,0.17097619033984807,0.18905685703358677,0.4591166880991327,0.545087489539012,-6.80539608001709,4.9008636474609375,1.0619871616363525
1761084676.220252,2c08d2cc-7a1c-9d34-25ea-6265acb43d72,16c6381a-238d-b26b-e77a-b3359d94fb85,27,-84.0,-76.0,-77.0,-71.0,2.73314097404325,-2.4805337530626184,1.9895762776809847,-3.0202142932194698,0.189216962949371,0.150071091507269,0.3624352519661999,0.4884252086591318,-6.80176591873169,4.937458038330078,1.0361570119857788
1761084677.22075,2c08d2cc-7a1c-9d34-25ea-6265acb43d72,12f8b527-885d-6f2d-fd8b-b4636112f2ed,11,-79.0,NaN,-72.0,-67.0,2.692698209729307,NaN,1.942974154397906,-2.983989709756103,0.22336048575792264,NaN,0.3175129841197161,0.4391996719652434,-6.7926177978515625,4.9713945388793945,1.0150799751281738
1761084678.219352,2c08d2cc-7a1c-9d34-25ea-6265acb43d72,c52aa8d8-6a21-2dc0-cbf4-4ccbfea4dadc,35,-76.0,NaN,-79.0,-75.0,2.7255626828453208,NaN,1.9222883169468248,-2.914711036107109,0.4447265634649985,NaN,0.40136930223309975,0.5466844207971644,-6.7770733833313,5.0059027671813965,1.00156033039093
1761084680.218729,2c08d2cc-7a1c-9d34-25ea-6265acb43d72,f6c12078-e939-f792-65c0-11795700366c,4,-79.0,NaN,-73.0,-67.0,2.809623764757018,NaN,1.9035737513346198,-2.973719229012212,0.25537402897138567,NaN,0.28996547883053186,0.5502127097673559,-6.72732162475586,5.06104278564453,0.924769103527069
1761084681.219394,2c08d2cc-7a1c-9d34-25ea-6265acb43d72,7a46cc2b-3d2e-40d3-de97-1166d1af64f7,15,-70.0,NaN,-70.0,-72.0,2.7443006842751183,NaN,1.8558738730502105,-2.8760155717843663,0.2581640730426504,NaN,0.6505396805374708,0.41539151116263945,-6.687121868133545,5.091918468475342,0.9066209197044373
1761084682.223229,2c08d2cc-7a1c-9d34-25ea-6265acb43d72,1961913a-ceb2-c793-ae91-59c0ef955cab,13,-76.0,-75.0,-70.0,-72.0,2.742377349335863,-2.6015086445277946,1.8881141012067097,-2.8994543188542625,0.24488393730610444,0.3915034222378195,0.6784909543374248,0.4070822821140241,NaN,NaN,NaN
1761084684.219873,2c08d2cc-7a1c-9d34-25ea-6265acb43d72,04459dbd-bb0e-c28e-6714-e1d96e7ca09d,0,-77.0,-69.0,-69.0,-78.0,2.6564866757552816,-2.550726956229946,1.8470199276901331,-3.0592391905690546,0.11278385683469015,0.2233337209889673,0.6095171460542173,0.22466696600968825,-6.671216011047363,5.1157450675964355,0.930382013320923
1761084685.216215,2c08d2cc-7a1c-9d34-25ea-6265acb43d72,a0f51050-8cfc-b243-4a73-31ea7c44fe38,1,-78.0,-67.0,-68.0,-84.0,2.6355100211131632,-2.55812415247375,1.8313552141582872,-3.071807713017575,0.13285255663741619,0.16318830836412934,0.6171043588417985,0.16477243980429254,-6.648250579833984,5.12608528137207,0.9727495908737183
1761084686.216576,2c08d2cc-7a1c-9d34-25ea-6265acb43d72,4b36a8e0-0993-7214-d985-7273f6942a49,8,NaN,-75.0,-65.0,-78.0,NaN,-2.5716580708174237,1.8892203783235288,-3.069995165579667,NaN,0.13388504754728311,0.6527196776267824,0.16876049024717257,-6.6385760307312,5.10449743270874,1.002917766571045
1761084687.220618,2c08d2cc-7a1c-9d34-25ea-6265acb43d72,59873f88-f9e4-2c16-8423-6a23832bc9fe,36,NaN,-78.0,-74.0,-76.0,NaN,-2.5269337424189597,1.8501299672111278,-3.0655242507416416,NaN,0.2008696076542559,0.735703177982406,0.2566410278599909,-6.616585731506348,5.07934856414795,1.0189133882522583
1761084689.217547,2c08d2cc-7a1c-9d34-25ea-6265acb43d72,c85dcbb7-11fc-e39d-9a2e-71bed733bd73,34,NaN,-86.0,-72.0,-80.0,NaN,-2.67354129306004,1.8289802070981545,-3.0597981880818623,NaN,0.21414509950365102,0.7029357770881257,0.3502674686827097,-6.574312686920166,5.01436710357666,1.0487940311431885
1761084690.22042,2c08d2cc-7a1c-9d34-25ea-6265acb43d72,e40e7d0c-872f-95fe-cbfe-77ba6e353c01,19,NaN,-80.0,-72.0,-65.0,NaN,-2.6774923588532817,1.8071422861595046,-3.068581027040835,NaN,0.24941720340315096,0.8025148323556056,0.34729757801408057,-6.559699058532715,4.970749855041504,1.069855809211731
1761084691.215949,2c08d2cc-7a1c-9d34-25ea-6265acb43d72,958f1c11-6b4c-891f-851e-48d1b107cde7,26,-71.0,-79.0,-69.0,-75.0,2.5764389776063337,-2.4196112799659657,1.8192703217637254,3.0813727223887035,0.24044060283011856,0.37737338857364516,0.7275649571652876,0.25249668315063684,NaN,NaN,NaN
1761084693.22041,2c08d2cc-7a1c-9d34-25ea-6265acb43d72,e11e443d-a074-c86e-67d4-939bc386ccb2,26,-74.0,-80.0,-72.0,-67.0,2.621780893061587,-2.4165097625604592,1.909100343228752,-2.9989960898664814,0.22961440359051247,0.28126826050060555,0.6097487079109996,0.1205268312565274,-6.56629228591919,4.848304748535156,1.1332398653030396
1761084694.220437,2c08d2cc-7a1c-9d34-25ea-6265acb43d72,90734f20-6ee7-9d30-2103-4870ddfe4a52,28,-88.0,-71.0,-82.0,-74.0,2.7071165638709958,-2.3717087351226014,1.8977126664075734,-2.954034207498783,0.24113124372456016,0.25090421268731034,0.8073740360805641,0.13468218159581427,-6.555052757263184,4.849212646484375,1.1794315576553345
1761084695.219264,2c08d2cc-7a1c-9d34-25ea-6265acb43d72,517eb53a-6194-1683-faac-e499aaa2067a,27,-72.0,-74.0,-74.0,-64.0,2.756119260560672,-2.3663991908573103,1.9634650484571936,-2.9109884695353956,0.36764382913666327,0.22130630638536045,0.7596465940788726,0.150942827355836,-6.547523021697998,4.876495838165283,1.199000358581543
1761084697.219569,2c08d2cc-7a1c-9d34-25ea-6265acb43d72,519190e5-25e3-0192-7644-95935acc5461,9,-69.0,-74.0,-76.0,-64.0,2.544943901922839,-2.3527654039727586,2.091366555601557,-2.8595559046671313,0.4855905067053379,0.1815646192283805,0.5839228363980107,0.1916938692107128,-6.510096073150635,4.9410600662231445,1.190969467163086
1761084698.219863,2c08d2cc-7a1c-9d34-25ea-6265acb43d72,c858f0b8-8f95-a51d-2a42-7321cb707fbb,22,-81.0,-81.0,-72.0,-66.0,2.5973330742546596,-2.254437768101507,2.022457795027975,-2.8598248839372293,0.5283460599784469,0.15914995746616048,0.5711756824193737,0.1787428169611166,-6.45353126525879,4.971031665802002,1.2043042182922363
1761084699.22006,2c08d2cc-7a1c-9d34-25ea-6265acb43d72,742efdaf-15b5-f3cd-6f19-d54158d4f5e9,1,-67.0,-86.0,-68.0,-62.0,2.5770973110278015,-2.291469023059059,1.9063567546737525,-2.8841520615467764,0.5142152606554592,0.2413018691266502,0.49747792570507005,0.2163703203972235,-6.427030086517334,5.001652717590332,1.2018346786499023
1761084700.219294,2c08d2cc-7a1c-9d34-25ea-6265acb43d72,d232f233-e43e-c75c-a06c-6bf2a10b216f,14,-68.0,-75.0,-73.0,-73.0,2.5834489502276403,-2.3165639900108754,2.0127271370370434,3.0923374892287776,0.434851895038121,0.29775392672798223,0.515395340623987,0.30856013561465584,-6.382373332977295,5.01815128326416,1.2132946252822876
1761084702.220062,2c08d2cc-7a1c-9d34-25ea-6265acb43d72,83a56216-af6f-2e43-749e-5f0e4aaadb70,17,-75.0,-78.0,-80.0,-69.0,2.5100916453691897,-2.3450544873525434,1.8635794633482456,-3.0240497778214017,0.4490352585031241,0.25958851468594973,0.31671243789603826,0.2955804876728549,-6.164358139038086,5.053401947021484,1.2667380571365356
1761084703.217765,2c08d2cc-7a1c-9d34-25ea-6265acb43d72,c5d058b0-cedd-1b1f-2833-5dd6247d8275,7,-76.0,-79.0,-75.0,-71.0,2.4477172168462262,-2.3826474029839932,1.8716088940348348,-2.997736148354765,0.518888775473412,0.32298877621605526,0.37277783779660445,0.2579411831041676,-6.014154434204102,5.04840326309204,1.2670589685440063
1761084704.219185,2c08d2cc-7a1c-9d34-25ea-6265acb43d72,58e3329b-6fad-6814-b55b-9b3b428d27fc,9,-68.0,-85.0,-74.0,-68.0,2.5114519880540023,-2.3141485029021736,1.9158045849569179,-2.9774971893345987,0.612636506639027,0.3277317662489455,0.7089594479997217,0.2543130921721254,-5.854833602905273,5.024445056915283,1.2383064031600952
1761084706.219568,2c08d2cc-7a1c-9d34-25ea-6265acb43d72,9c2b7e96-0a5e-a563-af7a-22a0f419bedb,6,-69.0,NaN,-73.0,-69.0,2.5873254475103598,NaN,1.9175420312520852,-3.003544769008337,0.48534679417608195,NaN,0.47119096113884756,0.27491149471566817,NaN,NaN,NaN
1761084707.219829,2c08d2cc-7a1c-9d34-25ea-6265acb43d72,7245cf01-1dc2-a52d-fdf0-dfaaf777ca28,18,-71.0,-87.0,-74.0,-70.0,2.5915231220205426,-2.3957296492067894,1.921190029313276,-2.962342471151503,0.47078885710375923,0.21106676824438522,0.5295270054743288,0.22066501719486936,-5.528020858764648,4.959691524505615,1.1890357732772827
1761084708.215787,2c08d2cc-7a1c-9d34-25ea-6265acb43d72,bd8dbcf0-0517-3a89-ad4b-cb0733743c97,35,-76.0,-79.0,-77.0,-69.0,2.6242240770456253,-2.4566132401515266,2.098142170046937,-2.926672890459309,0.5077079929794187,0.2407432045089788,0.5729772443177851,0.24723607447037604,-5.42016839981079,4.94472885131836,1.1336894035339355
1761084709.216171,2c08d2cc-7a1c-9d34-25ea-6265acb43d72,52cfae14-203f-e0c5-7866-07b1adee8b5e,3,-65.0,-81.0,-69.0,-66.0,2.631686254420028,-2.443397569558117,2.020197836526934,-2.92423769595854,0.4660150409812514,0.2067451069407023,0.651234898740036,0.24135691333743076,-5.347593307495117,4.933637619018555,1.0935425758361816
1761084711.216976,2c08d2cc-7a1c-9d34-25ea-6265acb43d72,58b5566f-ce4c-ec09-9550-658cf8dffea6,17,-69.0,-76.0,-66.0,-64.0,2.6600531810871155,-2.5926874560491253,1.938770620933325,-2.9033446645746506,0.419101993640906,0.13277823779824616,0.5590581663014587,0.21759617344698698,-5.215217113494873,4.941856384277344,1.0610384941101074
1761084712.220435,2c08d2cc-7a1c-9d34-25ea-6265acb43d72,3af20681-e9ba-e7fb-409b-35991534f0b8,16,-71.0,-76.0,-71.0,-68.0,2.6371670399434106,-2.546191592893541,1.9341005016457622,-3.0086710877906304,0.25960579194352157,0.12697254662187343,0.5545100863708485,0.2098943781535051,-5.226962566375732,4.956695079803467,1.074440360069275
1761084713.216026,2c08d2cc-7a1c-9d34-25ea-6265acb43d72,58fb28e0-45ab-4414-1dd1-ba0c1a2126ad,4,-75.0,-68.0,-78.0,-84.0,2.672474697043463,-2.5416085589736235,1.899308965164967,-3.090258891997971,0.24793816695750498,0.13418216477877346,0.44239203645343506,0.2501645862735681,-5.330144882202148,4.9620161056518555,1.0877773761749268
1761084715.221815,2c08d2cc-7a1c-9d34-25ea-6265acb43d72,6e315a72-73c1-6a72-2261-fb0dba88127a,27,NaN,NaN,-78.0,-73.0,NaN,NaN,1.806247996665456,-3.10179144478245,NaN,NaN,0.38426921145272824,0.2800727341977553,NaN,NaN,NaN
1761084716.216103,2c08d2cc-7a1c-9d34-25ea-6265acb43d72,08575653-5747-bb19-00eb-f2e368d51250,5,-79.0,NaN,-69.0,-68.0,2.752832919775514,NaN,1.9095727880061324,3.11306061093512,0.20658476799832273,NaN,0.4104939246284701,0.29347149711610754,-5.633062362670898,4.968915939331055,1.1140077114105225
1761084717.220403,2c08d2cc-7a1c-9d34-25ea-6265acb43d72,66d721d4-bd8e-1619-cde3-e7f422eae182,35,-85.0,NaN,-85.0,-68.0,2.5710178468913685,NaN,1.822237615850292,-3.1297671530854054,0.10743573834548505,NaN,0.4324729598153804,0.48292837759018103,-5.80580711364746,4.96466064453125,1.1487220525741577
1761084718.221952,2c08d2cc-7a1c-9d34-25ea-6265acb43d72,d0315088-1142-fe7b-edb1-d6567c8e2bc3,3,-75.0,-70.0,-68.0,-70.0,2.5356329581197037,-2.4488445329356563,1.8036876335934537,3.1052133404670927,0.13547514613276376,0.31195739705921544,0.4154062251276621,0.419050727789922,-5.959567546844482,4.94280481338501,1.1566022634506226
1761084720.219298,2c08d2cc-7a1c-9d34-25ea-6265acb43d72,4ff4f8ee-3951-c60c-69f6-7c466ae29eae,21,-69.0,-78.0,-89.0,-67.0,2.554064696024142,-2.380235644300817,1.7681285740864978,-3.0925321663044625,0.15146905134247884,0.30366684342774425,0.39123723928686593,0.3092451006470242,-6.061647415161133,4.915161609649658,1.2037897109985352
1761084721.221033,2c08d2cc-7a1c-9d34-25ea-6265acb43d72,12ecace8-e5e9-18ee-66b2-9356b481417f,6,-67.0,-70.0,-79.0,-69.0,2.681705746013896,-2.398853004533234,1.7998308437028012,-2.9948735164990383,0.19592724672425957,0.35235239092110543,0.4600316170916294,0.366090507141361,-6.1518683433532715,4.89932918548584,1.2028212547302246
1761084722.221067,2c08d2cc-7a1c-9d34-25ea-6265acb43d72,7e061543-aa37-f320-3fad-d59fbefe4d99,20,-72.0,-76.0,-69.0,-69.0,2.7364720559347213,-2.312980973080283,1.8434241275863081,-2.938282408599291,0.22455657798250445,0.39439807860565385,0.675562675560828,0.19457644148510095,-6.223087787628174,4.890061378479004,1.1947777271270752
1761084724.221454,2c08d2cc-7a1c-9d34-25ea-6265acb43d72,9ccfcff6-ab23-0504-585a-d6e94b9fb3c2,32,-76.0,-77.0,-74.0,-66.0,2.746255977147454,-2.33022920219629,1.950596121437713,-2.9064096966732227,0.17156260176712673,0.34841384198498726,0.6374304698086375,0.1370515211162521,-6.38762664794922,4.893736839294434,1.2192456722259521
1761084725.21827,2c08d2cc-7a1c-9d34-25ea-6265acb43d72,ce94581b-0de2-6192-4409-f066b971f41a,21,-74.0,-78.0,-66.0,-73.0,2.7311292221558046,-2.305007468776586,2.0112682573918983,-2.933661824108003,0.1877679702897725,0.33575024468555154,0.5505217363223459,0.1356972121557843,-6.4232048988342285,4.922423362731934,1.2163094282150269
1761084726.220192,2c08d2cc-7a1c-9d34-25ea-6265acb43d72,7b9701bc-4a6e-f9a0-96d8-753eba258566,29,-74.0,-73.0,-75.0,-72.0,2.74233527139064,-2.3670828243091337,2.027261072370042,-2.8626494325893677,0.19957712564296998,0.38407020674027204,0.6266774242752244,0.1888537410661978,-6.431621551513672,4.966403007507324,1.1952383518218994
1761084728.220104,2c08d2cc-7a1c-9d34-25ea-6265acb43d72,cab765e5-24f9-68da-dd24-084967d09cea,17,-72.0,-79.0,-71.0,-66.0,2.569040716098094,-2.477485498878914,1.921628918260921,-3.056382683983836,0.19136290486624322,0.38720840918979404,0.5080841311938787,0.2850299755403425,-6.43826675415039,5.02824306488037,1.1644033193588257
1761084729.218839,2c08d2cc-7a1c-9d34-25ea-6265acb43d72,355fd6e9-324e-02a6-5399-c602e8afa94c,7,-70.0,-81.0,-72.0,-74.0,2.7458831345948433,-2.6080070239036974,1.8810950738376968,-3.081036365143026,0.14227282320329895,0.5190157749678951,0.23661219224983196,0.3153824885371664,-6.447814464569092,5.058466911315918,1.1150681972503662
1761084730.220706,2c08d2cc-7a1c-9d34-25ea-6265acb43d72,60233e2b-bdd4-5b9f-74de-d3ce85c77e1d,11,-67.0,-78.0,-72.0,-76.0,2.7857474603200214,3.125553499608682,1.9046816263480928,-3.073492961355377,0.17978660966085952,0.18783273503853187,0.2435191504712229,0.31870744515813026,-6.49183988571167,5.086108207702637,1.074591875076294
1761084731.221357,2c08d2cc-7a1c-9d34-25ea-6265acb43d72,16f06484-d67b-316c-9c6d-e437b01673f2,15,-71.0,-73.0,-73.0,-66.0,2.7294775296477374,-2.9161222451687414,1.8757628927031402,-2.956640909573752,0.18347262434661096,0.24249007173650267,0.4460419320169023,0.3154600531039149,-6.529998302459717,5.1020660400390625,1.0841786861419678
1761084733.220883,2c08d2cc-7a1c-9d34-25ea-6265acb43d72,ddc6e2f8-70d1-6b87-a3bc-3a7b8362bea5,24,-73.0,-78.0,-74.0,-74.0,2.652537207858694,-2.7868145889688165,1.8960119717354489,-3.037900612334795,0.1360558151189419,0.19807463673497452,0.340712878929346,0.3841213061436879,-6.599438190460205,5.109984397888184,1.0880104303359985
1761084734.217446,2c08d2cc-7a1c-9d34-25ea-6265acb43d72,b1430d48-ec64-526e-711a-9bd5b5840dea,29,-73.0,-75.0,-76.0,-66.0,2.654038165449063,-2.6455722426598096,1.881770984122359,-2.963217852201812,0.10469273235697386,0.22036732571926892,0.292161088701734,0.5568047325450881,-6.609667778015137,5.102252006530762,1.0704350471496582
1761084735.221257,2c08d2cc-7a1c-9d34-25ea-6265acb43d72,ad1069b2-6986-0393-3659-9bef5ff430f1,29,-72.0,-75.0,-81.0,-69.0,2.6498271751334292,-2.560951097970869,1.9026858534271873,-2.9687103556339918,0.1396817505549768,0.24375978372046836,0.25108853672425746,0.6051055531294737,-6.609040260314941,5.092094898223877,1.048819899559021
1761084737.220853,2c08d2cc-7a1c-9d34-25ea-6265acb43d72,550655d8-e121-24de-bc88-5a43151eb0b8,12,-75.0,-76.0,-70.0,-69.0,2.6691830299361254,-2.4142340914089866,1.8635464401507287,-3.01709226947357,0.1497251801711813,0.1704191569083444,0.28350365134059086,0.6256616280564411,-6.6108980178833,5.054864883422852,1.0913840532302856
1761084738.220091,2c08d2cc-7a1c-9d34-25ea-6265acb43d72,dc0de354-17aa-4db0-b666-0df36846382e,26,-73.0,-76.0,-89.0,-69.0,2.6726984025750298,-2.285894227949196,2.117911880083031,-3.01169643878896,0.1909535270724276,0.16781663266733488,0.5148355108733386,0.6576617056616423,-6.639634609222412,5.052410125732422,1.1097534894943237
1761084739.219707,2c08d2cc-7a1c-9d34-25ea-6265acb43d72,ecaf6093-911c-837d-b142-303667b35106,6,-74.0,-80.0,-73.0,-67.0,2.673910673503234,-2.5709592573473867,1.934266682897783,-3.052108576750368,0.1881641654361922,0.1509802281243948,0.2527634153785651,0.6482444351519859,-6.662497520446777,5.049561977386475,1.1609952449798584
1761084740.220291,2c08d2cc-7a1c-9d34-25ea-6265acb43d72,cfa2d64d-58c3-c2dd-c6ec-f3fe179efc14,15,-72.0,-81.0,-71.0,-71.0,2.706244112297886,-2.700427768477153,1.9491702649900844,-3.0565832200139185,0.20073228841054866,0.1139334935430069,0.604020448143321,0.6252335249112109,-6.6891131401062,5.045101165771484,1.19961941242218
1761084742.221234,2c08d2cc-7a1c-9d34-25ea-6265acb43d72,dcc0ac00-1de4-bf0a-4669-8555f42f5851,8,-70.0,NaN,-74.0,-75.0,2.686745512060762,NaN,1.8835387904539538,-3.0352851218282284,0.21164027998513377,NaN,0.6468957437969426,0.5485394123649454,-6.7274909019470215,5.019824981689453,1.1841278076171875
1761084743.218548,2c08d2cc-7a1c-9d34-25ea-6265acb43d72,fc5b1887-fdfa-295d-c21e-dbf1763d33dd,2,-68.0,NaN,-76.0,-61.0,2.643358356845627,NaN,1.876285937541232,-3.0257936157031855,0.22173161321144608,NaN,0.4553753129522212,0.5074727359866238,-6.72343635559082,5.010433197021484,1.1532666683197021
1761084744.217799,2c08d2cc-7a1c-9d34-25ea-6265acb43d72,484302f0-d68e-70ec-ea51-472ea396b5a1,19,-79.0,NaN,-72.0,-72.0,2.67249174127444,NaN,1.8965983998074845,-2.9893517182948686,0.3462261550180281,NaN,0.5212906471710408,0.5254029673682866,-6.70801067352295,5.0067138671875,1.1097694635391235
1761084746.217729,2c08d2cc-7a1c-9d34-25ea-6265acb43d72,dae7d299-679f-60b2-45d5-bce4856e571b,21,-73.0,NaN,-76.0,-71.0,2.6378179165138262,NaN,1.9779361331884664,-3.047718622009481,0.2785644362696322,NaN,0.5130201338267725,0.376328097845789,NaN,NaN,NaN
1761084747.223282,2c08d2cc-7a1c-9d34-25ea-6265acb43d72,9d939ba4-51bc-c3b1-4f8c-4db4db605c09,9,-79.0,-79.0,-71.0,-66.0,2.6707612191981065,-2.537156286263229,1.9350581743737545,-3.061639231343434,0.2746611076389303,0.43544065337611026,0.5223423294855131,0.34627262717904994,-6.709560871124268,4.982972145080566,0.998632252216339
1761084748.222138,2c08d2cc-7a1c-9d34-25ea-6265acb43d72,61b7720f-52fb-7e08-3d3e-d94fd09566d7,10,-76.0,-76.0,-71.0,-65.0,2.6408954654695216,-2.5302579000915966,1.9209732480005437,-3.0270346487711626,0.19901952628973463,0.36230921786761194,0.5778385119925884,0.3591961157113638,-6.719990253448486,4.97301483154297,0.937919020652771
1761084749.220017,2c08d2cc-7a1c-9d34-25ea-6265acb43d72,717aa851-2c77-4863-7acf-2604e54dbd8f,19,-81.0,-77.0,-73.0,-68.0,2.6521372010629642,-2.556914544706636,1.9247054019521805,-3.0221458839581037,0.18838219510568566,0.34750933261025546,0.5002561686437543,0.31737050500139685,-6.699830532073975,4.96253776550293,0.9189717173576355
1761084751.217955,2c08d2cc-7a1c-9d34-25ea-6265acb43d72,ae6f4c02-4180-211d-d72c-68ac8324ccae,19,-75.0,-77.0,-73.0,-67.0,2.6309458956369856,-2.7410857162071744,1.965288248539462,-3.0420135983223133,0.1337168938915798,0.29661932023506754,0.3578260524885726,0.24351453987358568,-6.675418853759766,4.9518280029296875,0.8985280394554138
1761084752.21605,2c08d2cc-7a1c-9d34-25ea-6265acb43d72,354057cd-5e83-abec-9189-c0699c7c7044,8,-75.0,NaN,-79.0,-72.0,2.6550677435264873,NaN,1.9629467973090644,-2.9746276332600385,0.1657365873426853,NaN,0.5560109440926764,0.2605708882330527,-6.663803577423096,4.963348388671875,0.902482032775879
1761084753.221793,2c08d2cc-7a1c-9d34-25ea-6265acb43d72,a6109da2-0b23-1ef4-2829-86f8fb6e0830,18,-69.0,-82.0,-75.0,-71.0,2.565988200856645,-2.684135347876375,1.961924676082692,-2.9777145032795493,0.18921564801358276,0.24681264850181026,0.7441696334038771,0.3937611836309614,NaN,NaN,NaN
1761084755.217137,2c08d2cc-7a1c-9d34-25ea-6265acb43d72,b72368a7-54f3-e7e4-3a1a-2a2b72de1c5e,12,-68.0,-73.0,-74.0,-70.0,2.5894234858171243,-2.62280008481076,1.9101549550204235,-3.08206088321438,0.23021195036009903,0.2271869489016621,0.5598782201801213,0.5026347043923314,-6.689022064208984,4.939754486083984,0.8913992047309875
1761084756.216221,2c08d2cc-7a1c-9d34-25ea-6265acb43d72,c5212105-f23c-9783-8c5d-7631819e17d9,20,-77.0,-73.0,-75.0,-68.0,2.559281828599607,-2.736594028712647,1.9153704896992347,-3.0717733582395126,0.18675190775488,0.2871671956046447,0.6090548212889795,0.4431225082509302,-6.725035667419434,4.91646146774292,0.8820742964744568
1761084757.217841,2c08d2cc-7a1c-9d34-25ea-6265acb43d72,dca7e698-4f75-1bb1-4f0f-264b3bc93774,21,-69.0,-73.0,-70.0,-68.0,2.6915828778647817,-2.7137941739882607,1.9943284223301219,-3.057935306899352,0.2625874171657039,0.3370983701188631,0.6036836248444533,0.4030952969355801,-6.76433229446411,4.890725135803223,0.8559327125549316
1761084759.220228,2c08d2cc-7a1c-9d34-25ea-6265acb43d72,985014ba-a382-577d-0038-971200c80d6c,19,-73.0,-74.0,-72.0,-67.0,2.6034716605672923,-2.668802996848571,1.9774695473654844,-3.0604288246279934,0.2103560038389567,0.3584278270263896,0.537513059924663,0.40721317648160144,-6.831684112548828,4.862456321716309,0.803746461868286
1761084760.222091,2c08d2cc-7a1c-9d34-25ea-6265acb43d72,fc266c00-fed6-5b14-4cc4-bee325c5ad29,24,-79.0,-78.0,-76.0,-66.0,2.65315293070272,-2.505768269655555,2.0625815126433267,-3.021197532293927,0.21261098555771085,0.21753988087944545,0.2502167176519064,0.398846190126845,-6.872314453125,4.856424808502197,0.8127698302268982
1761084761.221166,2c08d2cc-7a1c-9d34-25ea-6265acb43d72,91c63635-42db-a5a3-125c-a1e37910eddf,19,-78.0,-78.0,-82.0,-69.0,2.67014815951517,-2.5601465570055564,2.0342619902436425,-3.0137097885730597,0.14597591540954052,0.17872397509640428,0.34485003310375684,0.3888060395277327,-6.9121270179748535,4.853643894195557,0.8241669535636902
1761084763.222764,2c08d2cc-7a1c-9d34-25ea-6265acb43d72,bac4f441-33e4-dd6e-3e5c-c0032a66a11e,19,NaN,-93.0,-73.0,-67.0,NaN,-2.6079628154296017,2.015682180582595,-3.0047186904168433,NaN,0.19299695393208857,0.44892313942123174,0.41350932206222596,-6.967793941497803,4.85008716583252,0.848040521144867
1761084764.21816,2c08d2cc-7a1c-9d34-25ea-6265acb43d72,c7d96c40-ac07-a4ea-1cbb-f9214ef48f1d,18,NaN,-80.0,-75.0,-64.0,NaN,-2.558434410740744,1.9645574771363443,-3.0605065889318235,NaN,0.1794825432433997,0.4556396316904116,0.5228132096557527,-6.988127708435059,4.85827922821045,0.8476901054382324
1761084765.22099,2c08d2cc-7a1c-9d34-25ea-6265acb43d72,d9786091-8630-a8c3-46cb-6e26c6e3f7c6,14,NaN,-75.0,-69.0,-65.0,NaN,-2.424963701124807,2.036762165875009,-3.0423648692700946,NaN,0.1996229153689625,0.5090913720076604,0.551929816169698,-7.011720657348633,4.87062692642212,0.840928316116333
1761084767.223238,2c08d2cc-7a1c-9d34-25ea-6265acb43d72,04f7801f-723e-faab-1cdc-67da7bf27e74,12,NaN,-76.0,-71.0,-70.0,NaN,-2.7989780446155352,2.0095015163247396,-3.0378795733621833,NaN,0.1263415771806064,0.48170582020226654,0.6067256871786234,NaN,NaN,NaN
1761084768.221245,2c08d2cc-7a1c-9d34-25ea-6265acb43d72,f70a3981-013a-44d9-993b-90482c608440,23,-74.0,-87.0,-71.0,-79.0,2.5310123736284162,-2.912130699326931,1.9693634176395014,-3.081085899939302,0.6128680019167821,0.16869817227766473,0.4300926597225812,0.506450381733656,-7.030944347381592,4.891797065734863,0.9063721895217896
1761084769.223239,2c08d2cc-7a1c-9d34-25ea-6265acb43d72,a0136a6e-7b01-47b3-652a-6d4fcf027c7a,21,-78.0,-79.0,-81.0,-68.0,2.6684048542656043,2.6521057757621014,2.003628180856679,-3.104583769185398,0.5631065706325425,0.2432382702000036,0.4563951039126398,0.4093936729136175,-7.03362512588501,4.891704559326172,0.937483310699463
1761084770.222416,2c08d2cc-7a1c-9d34-25ea-6265acb43d72,856ee491-ad6f-cfef-962c-5b9d03223ac9,20,-79.0,-73.0,-70.0,-65.0,2.6893921615520826,2.7454538330271228,1.9702012481184403,-3.1147008518505,0.3964069675949279,0.22520359296933917,0.4190020918105144,0.3679909056057279,-7.037958145141602,4.883013725280762,0.9694460034370422
1761084772.219272,2c08d2cc-7a1c-9d34-25ea-6265acb43d72,c66348dc-0555-7ab6-4565-705e7b8d321e,16,-72.0,-74.0,-73.0,-77.0,2.669210726811462,-2.7548675748483347,1.9457694082780532,3.140204614029644,0.3167845762720658,0.25651023336095435,0.365665766237007,0.2957753311961078,-7.004061222076416,4.8453850746154785,0.88831889629364
1761084773.222116,2c08d2cc-7a1c-9d34-25ea-6265acb43d72,04345450-63a6-5c0d-315a-1d47836b6aca,25,-83.0,-75.0,-78.0,-78.0,2.630727516427599,-2.7730843956528037,1.9784325464156571,-3.1187888041237715,0.2049926304301325,0.3024428545907438,0.4628720781312806,0.394786400782101,-6.99791717529297,4.8222222328186035,0.7863200306892395
1761084774.221636,2c08d2cc-7a1c-9d34-25ea-6265acb43d72,e71df79c-cd40-9185-8fbd-2c603396cacf,18,-76.0,-73.0,-80.0,-76.0,2.6514101580853726,-2.533355955387686,1.9672930762080736,-3.0459862357203846,0.1772684909816487,0.19987410139402742,0.7683886200941396,0.35139701516955313,-6.991745471954346,4.79592752456665,0.7405860424041748
1761084776.216474,2c08d2cc-7a1c-9d34-25ea-6265acb43d72,1895f303-a26b-bfe0-e563-47e6b3b58a55,5,-71.0,-71.0,-70.0,-67.0,2.655901312947682,-2.4676291396845302,1.91044044588928,-3.0658867069660016,0.1363123357885654,0.15974402548157307,0.4516306421434608,0.264967817127044,-6.9712748527526855,4.76707649230957,0.78582102060318
1761084777.223328,2c08d2cc-7a1c-9d34-25ea-6265acb43d72,65602540-4fbc-a4c4-bc5f-1b342f1197cd,27,-71.0,-74.0,NaN,-67.0,2.64326088514973,-2.5352169723574334,NaN,-3.0655998845166,0.11904014654512587,0.174487884487497,NaN,0.28181181167909075,NaN,NaN,NaN
1761084778.222923,2c08d2cc-7a1c-9d34-25ea-6265acb43d72,617f3ffe-4c17-ab8f-d1ae-d658280dbd67,10,-75.0,-72.0,-71.0,-69.0,2.635331589320128,-2.3546019198604773,1.937022521993797,-3.058020528054235,0.15361602523427348,0.13746923793323104,0.42914500713819015,0.35253681482659344,-6.95146942138672,4.75917911529541,0.8096945881843567
1761084779.2224,2c08d2cc-7a1c-9d34-25ea-6265acb43d72,ae6fd7d8-1132-fae4-77cb-da5fb38f9250,4,-75.0,-73.0,-69.0,-68.0,2.675833475810271,-2.592174264907067,1.902073859008687,-3.0162991801009444,0.3282330397451257,0.14314595721143825,0.4032986625743213,0.2837890090513928,-6.932440280914307,4.765695571899414,0.870776116847992
1761084781.221918,2c08d2cc-7a1c-9d34-25ea-6265acb43d72,be5b3401-1ae2-020b-0388-b8af4afb8af2,25,-79.0,-75.0,-69.0,-72.0,2.665421048580279,-2.364056141730259,1.8861193935502405,-2.9903330931565626,0.4124524132941144,0.08631820248170173,0.3468268642914091,0.293142130668292,-6.8438081741333,4.810270309448242,0.9610095024108887
1761084782.221448,2c08d2cc-7a1c-9d34-25ea-6265acb43d72,089477f4-caf0-c05f-31f7-fa9d43e9cc9e,35,-83.0,-83.0,-76.0,-66.0,2.6223966159056133,-2.4378922829527054,1.8391071434592896,-3.0535655921827503,0.23449779214712035,0.10074298149952053,0.36712417982896156,0.25889319661484367,-6.806971549987793,4.8277201652526855,1.0323328971862793
1761084783.221866,2c08d2cc-7a1c-9d34-25ea-6265acb43d72,92acf829-7552-ecf3-0690-d01a271751a5,1,-65.0,NaN,-69.0,NaN,2.6686562566725076,NaN,1.942327538885235,NaN,0.1017228916226152,NaN,0.3249510598862529,NaN,-6.782073020935059,4.846038818359375,1.111718773841858
1761084785.220832,2c08d2cc-7a1c-9d34-25ea-6265acb43d72,27f073f1-050e-bc69-b7e3-13ead2201ba5,17,-69.0,NaN,-66.0,NaN,2.696329163559521,NaN,1.9233658319238707,NaN,0.14806436633638068,NaN,0.27442719887143724,NaN,-6.73498010635376,4.8708906173706055,1.3060345649719238
1761084786.219279,2c08d2cc-7a1c-9d34-25ea-6265acb43d72,78723c4e-80c7-2062-cf80-9d1102198571,19,-70.0,NaN,-64.0,NaN,2.64172530646519,NaN,1.8816095965603001,NaN,0.13622405199842927,NaN,0.2697951461427056,NaN,-6.71457576751709,4.875823020935059,1.3607194423675537
1761084787.221922,2c08d2cc-7a1c-9d34-25ea-6265acb43d72,8b835b72-d0ca-66c0-707a-16a75672afc8,23,-73.0,NaN,-86.0,NaN,2.554796532691696,NaN,1.9045239672115601,NaN,0.16650703984604523,NaN,0.2448158269612257,NaN,NaN,NaN,NaN
1761084788.220923,2c08d2cc-7a1c-9d34-25ea-6265acb43d72,239e5612-a752-f901-aa49-5896668d867d,18,-72.0,NaN,-76.0,-70.0,2.535877968939991,NaN,1.9350619027992808,-2.8297085267500686,0.1436091308592735,NaN,0.2351502832589466,0.5490478763960688,-6.690955638885498,4.891589641571045,1.3769116401672363
1761084790.22125,2c08d2cc-7a1c-9d34-25ea-6265acb43d72,37f8cbbc-6f5b-3852-3ea2-2d9e294f03b4,11,-70.0,NaN,-69.0,-69.0,2.617066565299929,NaN,1.9862665010782343,-2.840677820963996,0.13517305211898628,NaN,0.19601072017967675,0.31821509325160185,-6.64339256286621,4.925208568572998,1.4166187047958374
1761084791.21874,2c08d2cc-7a1c-9d34-25ea-6265acb43d72,c4a4b4ec-4499-2ddb-aa0e-759370a6cbaa,28,-76.0,NaN,-75.0,-73.0,2.691210035312171,NaN,1.9334064818656875,-2.9292223345708415,0.16420475372842852,NaN,0.20652631161239549,0.4285243907356608,-6.64315366744995,4.93961477279663,1.4440926313400269
1761084792.222005,2c08d2cc-7a1c-9d34-25ea-6265acb43d72,6e5ce09f-37fb-a02a-c31b-1048e00a6783,28,-77.0,-71.0,-66.0,-66.0,2.6550288613745723,-2.4774253114382776,1.873265380232864,-2.854019192760857,0.18639439502329366,0.300531770192503,0.5366956692070904,0.38839201784676625,NaN,NaN,NaN
1761084794.221875,2c08d2cc-7a1c-9d34-25ea-6265acb43d72,d0718e72-1fd8-9330-bebd-feac41223f0e,8,-78.0,-69.0,-77.0,-65.0,2.614829509984262,-2.458276117936172,1.7883547499334318,-2.9100268020657682,0.20609652734672715,0.2675941100807824,0.4846551712409884,0.42392913956424266,-6.595885753631592,4.98718500137329,1.4176181554794312
1761084795.222964,2c08d2cc-7a1c-9d34-25ea-6265acb43d72,26d4c3f2-984a-a10f-296e-10414d31b068,35,-73.0,-76.0,-81.0,-68.0,2.6121264014778314,-2.45644333047398,1.853834956919646,-2.925089374875147,0.193145824637024,0.3223662623112493,0.4145094056305779,0.4756210963226807,-6.55700969696045,5.02318239212036,1.3704426288604736
1761084796.217001,2c08d2cc-7a1c-9d34-25ea-6265acb43d72,1f72da91-0c2b-86de-6653-17a61e28c038,12,-71.0,-72.0,-88.0,-69.0,2.654485043879978,-2.370048254182937,1.9679199843286783,-2.932945167458663,0.17865078810069754,0.2820828881885472,0.46676045977036446,0.49079701992595637,-6.46610450744629,5.05715799331665,1.338330626487732
1761084798.222191,2c08d2cc-7a1c-9d34-25ea-6265acb43d72,00cb080f-54bb-45f4-74fe-a9ef477bc063,18,NaN,-80.0,-75.0,-69.0,NaN,-2.5671581275235167,1.9528571452031902,-2.991962148795364,NaN,0.2469197575119019,0.3877984658188148,0.42361338852750025,-6.37416648864746,5.1198344230651855,1.2225522994995117
1761084799.222908,2c08d2cc-7a1c-9d34-25ea-6265acb43d72,ae46d688-66d1-983b-5b8d-3faa8ff3ca67,17,NaN,-79.0,-73.0,-67.0,NaN,-2.4681465918843326,1.9956205880910287,-3.016525282477492,NaN,0.3313466412440782,0.3500742563456244,0.3603753301525373,-6.366089820861816,5.133859157562256,1.173643946647644
1761084800.221614,2c08d2cc-7a1c-9d34-25ea-6265acb43d72,4e49a84a-b150-64a8-16fa-8f467f525fc4,17,NaN,-75.0,-75.0,-66.0,NaN,-2.5179037621108282,1.9405240461950333,-3.04814046672615,NaN,0.3134013630022564,0.1360409347063511,0.3340567405483701,-6.374269008636475,5.139572620391846,1.1357042789459229
1761084801.217238,2c08d2cc-7a1c-9d34-25ea-6265acb43d72,452762e6-402a-f982-767c-9e3caebc5f3d,18,-82.0,-76.0,-72.0,-66.0,-3.076529497630285,-2.514679739295178,1.93570905094417,-3.0353301292506507,0.28326303473610215,0.4130549202012312,0.23165569992130142,0.31579404679412443,NaN,NaN,NaN
1761084803.22335,2c08d2cc-7a1c-9d34-25ea-6265acb43d72,f391ddac-579f-e4aa-0656-be734222b0ce,8,-69.0,-76.0,-77.0,NaN,2.903949734774317,-2.556276451309453,2.0165887206176585,NaN,0.09052697072230048,0.31584045237611913,0.2678700967934987,NaN,-6.386083126068115,5.136803150177002,1.0405011177062988
1761084804.222326,2c08d2cc-7a1c-9d34-25ea-6265acb43d72,da1e1e79-c3a8-5366-4263-8423874707a4,8,-72.0,-70.0,-75.0,NaN,2.8582397704564144,-2.5434988707153616,2.007023178614312,NaN,0.12990377984280438,0.19991511407481463,0.2934469294550515,NaN,-6.42116403579712,5.127300262451172,1.0430227518081665
1761084805.223816,2c08d2cc-7a1c-9d34-25ea-6265acb43d72,09402a31-946e-7068-ce6e-57bafd9fb573,13,-72.0,-74.0,-69.0,NaN,2.8249763558091066,-2.503040127434878,2.059451765730266,NaN,0.150301887705238,0.36054364193343025,0.32256763057917287,NaN,-6.473746299743652,5.117037296295166,1.0555779933929443
1761084807.221998,2c08d2cc-7a1c-9d34-25ea-6265acb43d72,e7e1ff2f-5a97-8787-5f03-e42d400a62da,22,-87.0,-78.0,-72.0,NaN,2.766233413748575,-2.4456793659800975,2.0479431813955973,NaN,0.16627010173281223,0.46976264126721085,0.3023238112900173,NaN,NaN,NaN,NaN
1761084808.221372,2c08d2cc-7a1c-9d34-25ea-6265acb43d72,4063db16-df93-8037-0c5c-b6ea18865697,33,-73.0,-75.0,-86.0,-72.0,2.7402564078437237,-2.3903660427713698,2.0011232115353503,-2.8117545599451903,0.20265259400406394,0.35854893427696094,0.2703074717574096,0.5028920989116875,-6.615378379821777,5.126122951507568,1.0401532649993896
1761084809.220981,2c08d2cc-7a1c-9d34-25ea-6265acb43d72,7f034330-37a9-71d8-c3c7-2db88d40fb83,24,-73.0,-78.0,-72.0,-69.0,2.6530517305812973,-2.469227568970796,1.9626442622092315,-2.867766696623955,0.1964598622975186,0.31873537506006244,0.1892581087882127,0.32228044194512145,-6.66938591003418,5.146888256072998,1.0688198804855347
1761084810.221025,2c08d2cc-7a1c-9d34-25ea-6265acb43d72,1e70556e-3eb4-e9c1-ecf9-6f535fb72be8,9,-77.0,-86.0,-75.0,-73.0,2.7582316799373228,-2.4125831978492465,1.8955112974505137,-2.8606440722885376,0.3533168547098776,0.28401061734360106,0.40835826917130824,0.3164796110377382,-6.68033218383789,5.170629501342773,1.1052039861679077
1761084812.221983,2c08d2cc-7a1c-9d34-25ea-6265acb43d72,edb4d6a7-ff9a-42c2-bd39-0de19e247247,33,-77.0,-87.0,-71.0,-70.0,2.837091608240095,-2.446399751054964,1.983233160596634,-2.8620217255204357,0.3564370142430145,0.2342368023602926,0.46597662488252695,0.4216105915192197,-6.66740083694458,5.23132848739624,1.0899840593338013
1761084813.222403,2c08d2cc-7a1c-9d34-25ea-6265acb43d72,68747f1a-a01f-8b55-9dea-414d90dfaf23,28,-76.0,-78.0,-78.0,-66.0,2.862825201221313,-2.430316921231975,1.988451891068753,-2.895097387310893,0.37538017894528897,0.22852805024759873,0.5030201969601205,0.30974251255962376,-6.65876817703247,5.283745765686035,1.0645133256912231
1761084814.222584,2c08d2cc-7a1c-9d34-25ea-6265acb43d72,ed38647a-24ea-ebc0-7471-7c93a2f986b8,4,-75.0,-76.0,-69.0,-69.0,2.81285524442372,-2.4206083674780916,1.8136617045080186,-2.951856806991534,0.3753983883092424,0.2526220181694387,0.6020055670415942,0.3088061784098656,-6.62810230255127,5.3174786567688,1.0575124025344849
1761084816.220747,2c08d2cc-7a1c-9d34-25ea-6265acb43d72,ca563c7e-a315-12e6-d605-975eff9cd9bb,11,-73.0,-74.0,-69.0,-74.0,2.7500142300777743,-2.356870933109225,1.7363293654065157,-3.049157527946451,0.25568581855600675,0.34621903106211205,0.5185086758068304,0.391264303661444,-6.482402324676514,5.34244680404663,0.985317826271057
1761084817.217884,2c08d2cc-7a1c-9d34-25ea-6265acb43d72,7a050f8c-d7bb-c996-8b8f-e0e0a2d9db6d,17,-68.0,NaN,-79.0,-68.0,2.665194147255405,NaN,1.8335549852186925,-2.996969157960822,0.24882180380719332,NaN,0.4790474195126358,0.5131609484694104,-6.403198719024658,5.336320877075195,0.9693598747253418
1761084818.222833,2c08d2cc-7a1c-9d34-25ea-6265acb43d72,12237d15-18d7-9c8d-92fd-9a5742023d7c,21,-70.0,NaN,-74.0,-67.0,2.689406542621969,NaN,1.880928359953458,-3.0002523029526715,0.18245095252867247,NaN,0.42605081342568163,0.5880727737456539,-6.348974227905273,5.312504291534424,0.9568771719932556
1761084819.221741,2c08d2cc-7a1c-9d34-25ea-6265acb43d72,ce0d14af-6d85-efe9-ef7d-1b99b90243fd,0,-77.0,NaN,-70.0,-69.0,2.6571013333348716,NaN,1.9644711907170258,-2.965706309924382,0.10609878986637325,NaN,0.4236768383404713,0.5123938249174131,-6.307851791381836,5.28080129623413,0.9382991790771484
1761084821.218569,2c08d2cc-7a1c-9d34-25ea-6265acb43d72,ac913789-28e4-e417-4f30-88d2f09cd21c,14,-71.0,NaN,-68.0,-65.0,2.6706360506268725,NaN,1.9309968537113837,-2.9822293602755603,0.08562077884885883,NaN,0.4252084222833759,0.49453593164885945,NaN,NaN,NaN
1761084822.223104,2c08d2cc-7a1c-9d34-25ea-6265acb43d72,5c0b3c93-b0ef-14ae-ca1d-4d816c7d90c0,23,-71.0,-83.0,-66.0,-69.0,2.5813359982187714,-2.6261016056141315,1.938292849833765,-3.0893145350754283,0.054745262625835456,0.21701898321498272,0.41629026145151393,0.4306852796441511,-6.29286813735962,5.212504863739014,0.9368196725845337
1761084823.220193,2c08d2cc-7a1c-9d34-25ea-6265acb43d72,83d1a7f7-d7f7-2198-2223-18d925d4a7b0,30,-78.0,-74.0,-86.0,-69.0,2.738918435712068,-2.551961331395198,1.8992178850556865,-3.000565224380756,0.0745341058098862,0.15808888750884562,0.5013136766231112,0.42080824766180613,-6.293851375579834,5.160162448883057,0.9825454354286194
1761084825.220325,2c08d2cc-7a1c-9d34-25ea-6265acb43d72,7fc50f76-2fd0-9621-ab25-4c7ed527e9a3,32,-87.0,-73.0,-89.0,-73.0,2.712178167838801,-2.5452741338980087,2.143584752991395,-3.0429843205396474,0.0893037974783839,0.17284516350335202,0.4530794683554911,0.43735772988680377,-6.294225692749023,5.064043045043945,1.0725475549697876
1761084826.218473,2c08d2cc-7a1c-9d34-25ea-6265acb43d72,339e757e-3931-fb5c-97c8-03bf701476b6,32,-81.0,NaN,-72.0,-82.0,2.6622438973998146,NaN,2.096867048517007,-3.0076755981751586,0.1508134310163718,NaN,0.4084902620928353,0.5187126406568169,-6.34541130065918,5.0364766120910645,1.100841999053955
1761084827.222971,2c08d2cc-7a1c-9d34-25ea-6265acb43d72,bb758cd3-60ad-4437-c736-08c6c17e80f3,19,-70.0,NaN,-74.0,-73.0,2.686107418663579,NaN,2.098706760198034,-2.93892955674418,0.13397065985395074,NaN,0.4928248506484836,0.36860250055006455,-6.429350852966309,5.030060291290283,1.1349585056304932
1761084829.222006,2c08d2cc-7a1c-9d34-25ea-6265acb43d72,ca3f9ab9-be43-b4ae-bf6a-1f5220ee24bd,34,-69.0,NaN,-80.0,-68.0,2.816580474156523,NaN,1.9228454502468693,-2.929310751519032,0.14714522622041026,NaN,0.48285524052874473,0.3821757338093305,-6.55966854095459,5.053184986114502,1.2170459032058716
1761084830.220792,2c08d2cc-7a1c-9d34-25ea-6265acb43d72,f516ceca-582a-ef31-cc36-9bfed21b113e,6,-76.0,NaN,-74.0,-77.0,2.9014468959818602,NaN,1.8791877178649823,-2.987351151684001,0.16623140267322198,NaN,0.41565602963791154,0.34158979129728184,NaN,NaN,NaN
1761084831.222461,2c08d2cc-7a1c-9d34-25ea-6265acb43d72,74365bc1-e61a-43d2-8855-994639d4ed62,10,-68.0,-75.0,-77.0,-68.0,2.844615570951787,-2.537280655886136,1.8966458040748875,-3.084754404340886,0.10641878531610306,0.4792200256407866,0.4267287210811613,0.422579149918168,-6.596821308135986,5.058990001678467,1.2142635583877563
1761084832.224127,2c08d2cc-7a1c-9d34-25ea-6265acb43d72,27a1e13b-57ff-c5a5-5860-5f39c1f820ab,3,-68.0,-75.0,-67.0,-71.0,2.7279281025255293,-2.613648664356921,1.8857156583289845,3.133655900909139,0.15942432963746583,0.2491494392003003,0.48199417396929484,0.2998604205712076,-6.63081932067871,5.040532112121582,1.2124000787734985
1761084834.224702,2c08d2cc-7a1c-9d34-25ea-6265acb43d72,59ae2501-52ff-9361-3b5b-daee297bef15,20,-72.0,-83.0,-77.0,-79.0,2.598258789049571,-2.435755362494026,1.877835897295658,3.072666316153016,0.13709510541196693,0.1772442728604858,0.5540942670561464,0.18985756970483275,-6.64428949356079,5.003902435302734,1.2323561906814575
1761084835.223501,2c08d2cc-7a1c-9d34-25ea-6265acb43d72,b03fa1e7-0897-0baa-334a-fe72f52baf94,31,-76.0,-81.0,-74.0,-76.0,2.5851395248876226,-2.715524962380703,1.849965916487979,3.1090818482665417,0.1266887951301039,0.11520003470079974,0.5914699686111863,0.18935982489709693,-6.65445613861084,4.9692120552063,1.233983039855957
1761084836.219003,2c08d2cc-7a1c-9d34-25ea-6265acb43d72,b217ce8a-deba-5348-978d-1870d459d922,26,-77.0,-73.0,-71.0,-68.0,2.582923774860677,-2.794062115559358,1.9625462578811166,3.078208354381471,0.1536741154355508,0.11643643220400425,0.5550571329482644,0.23488919360357793,-6.668580055236816,4.932888984680176,1.2253245115280151
1761084838.223917,2c08d2cc-7a1c-9d34-25ea-6265acb43d72,a7996018-8893-b5f9-0fe4-91279323c6d7,34,-74.0,-77.0,-75.0,-70.0,2.570828229821755,-2.733335118486717,1.9640152575384042,-3.019225461506723,0.17537117179729222,0.19863899385947595,0.49447973894985886,0.18996301423924306,-6.682688236236572,4.849196910858154,1.2458676099777222
1761084839.222958,2c08d2cc-7a1c-9d34-25ea-6265acb43d72,f7217952-1cf2-0f72-4d95-9c1c5309e905,12,-71.0,-77.0,-69.0,-71.0,2.5192928669354133,-2.8086730162478597,1.9185780009161262,-2.9677585418603973,0.18985429068774057,0.10513266160191975,0.5171775946044952,0.18797837666064557,-6.681153297424316,4.803916931152344,1.2413694858551025
1761084840.221594,2c08d2cc-7a1c-9d34-25ea-6265acb43d72,f9da5b3a-89c8-cc2a-56aa-5c63e440cea1,4,-87.0,-74.0,-86.0,-69.0,2.446141158113117,-2.7524425003597086,1.9315183006528214,-2.9881511652754607,0.13816669485558755,0.13275656632487565,0.5241304757099332,0.21155121389142745,-6.689785480499268,4.749176025390625,1.2306361198425293
1761084841.218431,2c08d2cc-7a1c-9d34-25ea-6265acb43d72,8df7fedd-1970-9ff9-4b52-68c11629dd8e,32,-79.0,-74.0,-74.0,-76.0,2.705329582779553,-2.594719447960856,1.9596870881348076,-2.999961485761635,0.14550538477919395,0.10320453297270236,0.5767655243893953,0.2342548286319211,-6.70989990234375,4.713547706604004,1.2551491260528564
1761084843.219763,2c08d2cc-7a1c-9d34-25ea-6265acb43d72,6899dfcf-30c3-6c10-dd8a-9b853aaa404b,8,-69.0,-79.0,-65.0,-68.0,2.7317998061182864,-2.581779680856379,1.9997112035253903,-3.010410398298561,0.14254346694907827,0.12482912638565838,0.514767566976028,0.1928982338794307,-6.739940643310547,4.713898658752441,1.2976069450378418
1761084844.222189,2c08d2cc-7a1c-9d34-25ea-6265acb43d72,d962a907-274f-2a47-07b9-8e3f9603d62d,26,-77.0,-80.0,-65.0,-82.0,2.7575073001208215,-2.633578430374529,1.9871943464020176,-3.051497381280195,0.15035591658585298,0.15386536369133216,0.5686853604840406,0.20365319355987713,-6.784337997436523,4.72926950454712,1.2945709228515625
1761084845.22281,2c08d2cc-7a1c-9d34-25ea-6265acb43d72,606665a1-bb68-ec48-9e2c-c2dc0073d7aa,14,-75.0,-70.0,-66.0,-69.0,2.7611281339388927,-2.5697421927292208,2.0268445539755535,-3.037523242408331,0.14479535274306524,0.11966028024970767,0.6322139364444175,0.3064901936573917,-6.827548503875732,4.753464698791504,1.29680335521698
1761084847.223804,2c08d2cc-7a1c-9d34-25ea-6265acb43d72,a2106ce5-9ea9-9617-0a96-e7ac3e255da0,3,-74.0,-78.0,-65.0,-71.0,2.7825521996441442,-2.518165018213765,2.000005216509735,-2.8625114808449017,0.16082570164782237,0.10983169283206687,0.5945690225926842,0.2603229479355663,-6.883874416351318,4.82820463180542,1.3092952966690063
1761084848.223286,2c08d2cc-7a1c-9d34-25ea-6265acb43d72,516fae68-deff-0505-97ab-6ad51ca0b79e,32,-77.0,-75.0,-70.0,-77.0,2.734304775439615,-2.5194960661265866,1.9570532218167191,-3.0868239468239866,0.16151156549705864,0.18662157930903425,0.6229550574405935,0.3500424981496252,-6.892648696899414,4.861210346221924,1.30211067199707
1761084849.222687,2c08d2cc-7a1c-9d34-25ea-6265acb43d72,1e414853-4526-53d5-2168-191e111e557c,24,NaN,-76.0,-70.0,-77.0,NaN,-2.4563668977506943,1.971601538219604,-3.0301926251917783,NaN,0.17005393765435362,0.5657476940646015,0.4033239293151634,-6.901910781860352,4.88718032836914,1.2898441553115845
