create_time,idppe,idbeacon,bluetooth_channel,rssi_1,rssi_2,rssi_3,rssi_4,az_1,az_2,az_3,az_4,el_1,el_2,el_3,el_4,x,y,z
1755131644.192582,72828ff7-3ccc-0c5d-596b-8331ba7d4f39,0fa1f2c5-3547-5d8f-cac3-b5bbbb8dc07d,18,-76.0,-66.0,-75.0,NaN,2.0776603307353554,-0.8381436666831216,0.46853685479647456,NaN,0.24042087879329516,0.5443445008843935,0.1865437484261767,NaN,-1.699539303779602,4.580950736999512,1.17648720741272
1755131645.192987,72828ff7-3ccc-0c5d-596b-8331ba7d4f39,de785b8a-8c1f-4e83-a86f-29c862be6394,11,-72.0,-65.0,-72.0,NaN,2.050628180406615,-0.8613137007990291,0.6949377717023998,NaN,0.3192384129004648,0.5835247603940712,0.2933906701770236,NaN,-1.7971266508102417,4.5665459632873535,1.1322239637374878
1755131646.192338,72828ff7-3ccc-0c5d-596b-8331ba7d4f39,91e1957f-8ce1-cf6c-952b-c91ddaf8f639,22,-67.0,-72.0,-80.0,NaN,2.006851138407893,-0.8581559906945221,0.7077688818344016,NaN,0.3602303876102097,0.5878769648265059,0.18130546036480213,NaN,-1.8492140769958496,4.55391502380371,1.0886926651000977
1755131647.19239,72828ff7-3ccc-0c5d-596b-8331ba7d4f39,ef69464f-2968-49bd-da7f-7ce1ef550bb1,5,-71.0,-67.0,-75.0,NaN,2.02955671722969,-0.879461545731265,0.6871448297206099,NaN,0.3970806807716906,0.677596931159485,0.14700607605345362,NaN,-1.9069668054580688,4.524713516235352,1.0748578310012817
1755131648.191919,72828ff7-3ccc-0c5d-596b-8331ba7d4f39,4f697d3d-bbf8-7420-a703-998f60c40d1e,13,-70.0,-76.0,-73.0,NaN,1.8838929908789341,-0.8172447763448338,0.7389675476885709,NaN,0.39015323285466286,0.6485510981515087,0.11604577143922484,NaN,NaN,NaN,NaN
1755131649.192055,72828ff7-3ccc-0c5d-596b-8331ba7d4f39,c2ef453a-838b-2dcb-24ef-3d29babcb49d,18,-72.0,-64.0,-86.0,-63.0,1.9883235267042114,-0.8514333731548351,0.6784075308162779,0.2602643417468278,0.3804830951995034,0.6075970069082701,0.05068834450164165,0.3711850344381416,-1.93918240070343,4.49271583557129,1.1032794713974
1755131650.193057,72828ff7-3ccc-0c5d-596b-8331ba7d4f39,279b0425-3038-b255-e0ef-dc00e4a22c51,4,-67.0,-68.0,-72.0,-54.0,2.0365091655714513,-0.8470119931130854,0.6414721496579691,0.29202173879769566,0.3970241218880401,0.46638964787808457,0.08024087719651932,0.3188284858296744,-1.976399540901184,4.44169807434082,1.1312551498413086
1755131651.172623,72828ff7-3ccc-0c5d-596b-8331ba7d4f39,3d773753-bb09-871b-0fcc-2016ef0cb672,10,-70.0,-69.0,-77.0,-64.0,2.0676409860822593,-0.8542611176002812,0.6170365813920559,0.31571321985504053,0.256246447254982,0.49370126367371514,0.11914395989336853,0.27514533690413395,-2.009906530380249,4.4097442626953125,1.1511261463165283
1755131652.192186,72828ff7-3ccc-0c5d-596b-8331ba7d4f39,8356c98a-d940-4353-2e9b-aaca85860e46,14,-68.0,-67.0,-72.0,-58.0,1.9240353506219168,-0.8801446465508702,0.6580721653646509,0.24581136651096772,0.2399276946489261,0.4363774535790592,0.0715489935111516,0.35015102196404596,-2.032240152359009,4.384095668792725,1.2008593082427979
1755131653.192295,72828ff7-3ccc-0c5d-596b-8331ba7d4f39,0c92ba00-e411-2e4d-daa4-33665f871b95,0,-70.0,-68.0,-67.0,-57.0,1.9463121605082114,-0.8694576474124913,0.5975728685652119,0.2996884469438158,0.2848651258688666,0.4524953372598959,0.10653492410676577,0.390565323743839,-2.051337480545044,4.361956596374512,1.1748716831207275
1755131654.173092,72828ff7-3ccc-0c5d-596b-8331ba7d4f39,6eb27893-5b9a-83a0-c05b-009c31fb15e3,1,-67.0,-68.0,-66.0,-58.0,1.9583219517600328,-0.8659569221595821,0.60937679746477,0.2380695572221074,0.26036244594348357,0.370482559121606,0.14178684623863,0.32965353658106034,-2.0432286262512207,4.330110549926758,1.1661573648452759
1755131655.192847,72828ff7-3ccc-0c5d-596b-8331ba7d4f39,9b394570-38c4-c82b-aa70-afc537fd56b9,32,-69.0,-71.0,-76.0,-60.0,1.9261605531717998,-0.9049775584514231,0.60127785827373,0.23297253321180472,0.3071184666480551,0.371626919442013,0.20078160682498555,0.36267966357524195,-2.021709680557251,4.306591033935547,1.175900936126709
1755131656.192323,72828ff7-3ccc-0c5d-596b-8331ba7d4f39,a1cc89b0-4195-bdaa-00ee-8f97fd3b476f,2,-70.0,-81.0,-82.0,-56.0,2.0182771647487687,-0.9152098228336711,0.5692884998919163,0.28305913646514297,0.3283421960603053,0.3066417275234173,0.18577787323094033,0.2955616458081426,-2.012998342514038,4.288769245147705,1.2059550285339355
1755131657.192003,72828ff7-3ccc-0c5d-596b-8331ba7d4f39,0350e28e-7ebf-7867-7ed9-8e08e5573d33,1,-69.0,-71.0,-66.0,-58.0,2.016005488338931,-0.8806937903676446,0.6100284729835124,0.27117824221008147,0.3384021206305115,0.2670286544023313,0.31602913733935123,0.32185919643969824,NaN,NaN,NaN
1755131658.171307,72828ff7-3ccc-0c5d-596b-8331ba7d4f39,2fc5e73b-edb4-5a67-7bf9-5bf39d8d69a7,29,-70.0,-69.0,-77.0,-67.0,2.033513109345112,-0.8983846368568231,0.6176653537254236,0.23648178058020214,0.35283419005181443,0.2392994216582628,0.2643260785281189,0.32003489780348027,-1.9513157606124878,4.247901916503906,1.2002627849578857
1755131659.192784,72828ff7-3ccc-0c5d-596b-8331ba7d4f39,a5773a3b-9ce0-b86b-a0da-6dc78fc359d6,28,-67.0,-67.0,-76.0,-60.0,1.7813889857862202,-0.8989135406493127,0.6477297792713281,0.22205357274247986,0.38858879216180947,0.2385897058725135,0.25357785997418175,0.34976602873896134,-1.8558175563812256,4.204633712768555,1.0350338220596313
1755131660.172353,72828ff7-3ccc-0c5d-596b-8331ba7d4f39,d5cac117-ef07-3cba-1b1d-fa8e2dfff8c7,36,-69.0,-68.0,-84.0,-66.0,1.4582042674929625,-0.9144697303667381,0.7020199159892475,0.3139342282468676,0.4131182368561478,0.2017101345837985,0.32334843612127057,0.3386257928725645,-1.7722877264022827,4.175761699676514,0.9634485840797424
1755131661.192937,72828ff7-3ccc-0c5d-596b-8331ba7d4f39,b9bfbf45-d2ba-5314-2116-d5f459a66202,30,-68.0,-72.0,-81.0,-59.0,1.749416139003165,-0.9304843832658206,0.8523140805273242,0.1933987583615543,0.4777482629538679,0.15886959318240232,0.3182713858191435,0.43037625308916105,-1.7040807008743286,4.170433044433594,0.915126919746399
1755131662.172337,72828ff7-3ccc-0c5d-596b-8331ba7d4f39,a351b04a-dd18-bd1c-9180-924b283f0f7d,4,-69.0,-78.0,-69.0,-57.0,1.902674668150609,-0.9102326410724222,0.7269572238045315,0.24041633477468521,0.4435212167556286,0.22184333281917493,0.3000250372160881,0.4101078661389495,-1.6769641637802124,4.17138385772705,0.8918896317481995
1755131663.193189,72828ff7-3ccc-0c5d-596b-8331ba7d4f39,377c6f43-c70a-a070-533d-5e3abff30fba,36,-68.0,-68.0,-80.0,-62.0,1.8443146886548305,-0.9297863687441108,0.7721555948770292,0.3029963593338032,0.46754542650166536,0.1509394984044734,0.2687312465767326,0.4645451425070957,-1.6633882522583008,4.17292308807373,0.8363395929336548
1755131664.19148,72828ff7-3ccc-0c5d-596b-8331ba7d4f39,5516dabe-136d-b42e-771a-1ff3f2876d4c,35,-68.0,-69.0,-82.0,-64.0,1.8306084637886288,-0.9764275073371591,0.6880937140170051,0.3164756828751302,0.42615014933434153,0.16111698489204979,0.23476171141114724,0.402170247930941,-1.6501325368881226,4.185574054718018,0.8436018228530884
1755131665.172884,72828ff7-3ccc-0c5d-596b-8331ba7d4f39,8c906115-47c6-7a25-9d26-ed58193bfee2,35,NaN,-69.0,-74.0,-67.0,NaN,-0.9509722146898547,0.6047293150464728,0.32060784362249717,NaN,0.14250396894116105,0.182585575321776,0.4973264251285582,NaN,NaN,NaN
1755131666.19266,72828ff7-3ccc-0c5d-596b-8331ba7d4f39,ffd04776-8a43-a413-5e53-463715276142,18,NaN,-78.0,-83.0,-61.0,NaN,-0.9310064959975307,0.6086513523838324,0.2784076593052106,NaN,0.12080141980967138,0.16452731247070757,0.4581658064319199,-1.634753704071045,4.199204444885254,0.8349990248680115
1755131668.193557,72828ff7-3ccc-0c5d-596b-8331ba7d4f39,b2465315-e65a-3c72-4edc-e2dc48a55b7f,35,NaN,-71.0,-75.0,-67.0,NaN,-0.9297054086469724,0.5523960690975437,0.28513027684489756,NaN,0.16089632535097986,0.16577007659339305,0.4626118207137526,-1.6248891353607178,4.198719024658203,0.803537428379059
1755131669.17289,72828ff7-3ccc-0c5d-596b-8331ba7d4f39,ea1fa189-f434-feb5-636e-4439e07226f7,31,NaN,-69.0,-73.0,-63.0,NaN,-0.9446416144626273,0.5412944157774393,0.23734597635393284,NaN,0.16131467466871774,0.19802769852076188,0.4387034251856208,NaN,NaN,NaN
1755131670.193221,72828ff7-3ccc-0c5d-596b-8331ba7d4f39,8da29bed-178e-30bb-4e06-1b098b152385,13,NaN,-81.0,-72.0,-62.0,NaN,-0.8683140860404114,0.6061823357372199,0.27428375435722285,NaN,0.23840944315622875,0.16468390634280422,0.3932324129965261,-1.6081280708312988,4.19189739227295,0.794817566871643
1755131671.192319,72828ff7-3ccc-0c5d-596b-8331ba7d4f39,af092d67-cd1a-6614-91c5-efe695a916ce,22,-68.0,-78.0,-72.0,-63.0,2.0178116441902225,-0.8393474154958374,0.5419940281958032,0.29958698050628374,0.34053993990605896,0.238475106721856,0.09978209633346315,0.4770249151122888,-1.636075496673584,4.204339981079102,0.7611485719680786
1755131672.192518,72828ff7-3ccc-0c5d-596b-8331ba7d4f39,63c66481-e2b4-d211-f9c3-f08f73685b5f,27,-66.0,-68.0,-73.0,-62.0,1.9281275639529323,-0.8700299607307493,0.5238507106374204,0.29306436636446165,0.32655797799849307,0.2809654590846635,0.11575333138439893,0.5145874041282841,-1.6796174049377441,4.21462106704712,0.8430416584014893
1755131673.193818,72828ff7-3ccc-0c5d-596b-8331ba7d4f39,da9b6187-b490-5c66-d636-a86b17fc538c,6,-69.0,-63.0,-69.0,-54.0,1.9309670263071748,-0.8550946870214761,0.5512173539990747,0.22889043989293126,0.26876650017166254,0.28137948076562996,0.11237098364194381,0.47911150182636586,-1.7205030918121338,4.236665725708008,0.839312493801117
1755131674.192846,72828ff7-3ccc-0c5d-596b-8331ba7d4f39,26b58965-3bef-1efe-b2cc-87e9fd0e8de1,14,-64.0,-70.0,-74.0,-64.0,1.917632578729148,-0.8530677551158167,0.5637821480220685,0.30003918525937917,0.35786350319140176,0.32716657688660344,0.11759607241116564,0.4493257427990245,-1.7347607612609863,4.229914665222168,0.7997239232063293
1755131675.193503,72828ff7-3ccc-0c5d-596b-8331ba7d4f39,a6e6c503-ed6b-c193-2e00-0875f9d87237,3,-69.0,-72.0,-67.0,-52.0,2.001256369589854,-0.9891434357520149,0.6169942371307238,0.2366591471088014,0.30778122757483495,0.3190730971757981,0.1381352695547246,0.4155514672756123,-1.71209180355072,4.228765487670898,0.787838876247406
1755131676.192165,72828ff7-3ccc-0c5d-596b-8331ba7d4f39,81f019cc-bcc9-827d-8f26-41e0a768b908,32,-71.0,-68.0,-80.0,-62.0,1.9409480214405739,-1.008746698219979,0.6620581185681725,0.2865326974749333,0.30920938099890355,0.3248011572063951,0.1224041517655731,0.42323382149313665,-1.6727643013000488,4.217243671417236,0.809524893760681
1755131677.194385,72828ff7-3ccc-0c5d-596b-8331ba7d4f39,e7c44c00-eca6-f499-9f16-741418b1d15d,19,-70.0,-65.0,-69.0,-57.0,1.9317313535400278,-0.9784258102610999,0.6305590481430423,0.25999855827003787,0.37379945968027245,0.31820573889827297,0.059736267857617736,0.3590090619342994,-1.6452538967132568,4.207548141479492,0.85442453622818
1755131678.17238,72828ff7-3ccc-0c5d-596b-8331ba7d4f39,4f3f76f5-2f18-6253-9b01-8dd978a40150,16,-70.0,-69.0,-75.0,-62.0,1.9322032656851897,-0.9273521063497239,0.5787800060169587,0.28638542466665196,0.34481201647919596,0.3607574271899364,0.07439169327059422,0.3971845107646901,NaN,NaN,NaN
1755131679.192026,72828ff7-3ccc-0c5d-596b-8331ba7d4f39,bf66e34e-9350-2d50-5621-26dd4001e50a,24,-67.0,-68.0,-81.0,-60.0,1.8936172572832495,-0.9461636110256075,0.6808440568975914,0.22165729437227605,0.49851429484327436,0.37848262845717684,0.07479074299280737,0.45574416076319724,-1.6705200672149658,4.217740058898926,0.9193230867385864
1755131680.173112,72828ff7-3ccc-0c5d-596b-8331ba7d4f39,b8ec4cac-0195-0d85-12d1-9618e9588842,24,-69.0,-68.0,-83.0,-67.0,1.8130561016761346,-0.9675156382233723,0.6998947134393643,0.30411914804938056,0.5350240029908477,0.393987918508268,0.10745666912717738,0.3480726910493481,-1.68888521194458,4.217362880706787,0.9828670620918274
1755131681.173072,72828ff7-3ccc-0c5d-596b-8331ba7d4f39,281457a4-6329-d328-8862-d8ef665da9da,3,-71.0,-69.0,-69.0,-53.0,1.7955378280255934,-0.838288276330313,0.7713489233828443,0.2554080674990683,0.3861141162978806,0.38112471728513075,0.1352916709784141,0.3386778576718756,NaN,NaN,NaN
1755131682.172459,72828ff7-3ccc-0c5d-596b-8331ba7d4f39,d16be9c5-b9d5-b139-984e-28695b9af48a,12,-65.0,-70.0,-75.0,-63.0,1.8176921325017446,-0.938127389278239,0.8661582571379922,0.283865807959328,0.3177293326687714,0.37854348168808505,0.11404229199591506,0.3069129371909282,-1.7226557731628418,4.20797348022461,1.0283054113388062
1755131683.193413,72828ff7-3ccc-0c5d-596b-8331ba7d4f39,010b0e8f-8fdc-0069-3fdc-0ee2ea71a017,0,-69.0,-69.0,-65.0,-54.0,1.8175674965627289,-0.9660955075720876,0.7840993397338167,0.23638058045877913,0.38174107262991597,0.38227839866935304,0.26163412200875313,0.2270240300219765,-1.7489286661148071,4.215582847595215,1.1059173345565796
1755131684.193578,72828ff7-3ccc-0c5d-596b-8331ba7d4f39,d708b4ba-33ba-c96b-abaa-ae2736e5478a,31,-70.0,-68.0,-84.0,-65.0,1.1879325653179444,-0.9866170279839112,0.6883408553661645,0.23571479018625932,0.3766080959448972,0.3662396108728918,0.4290808915349465,0.30236535660302255,-1.777958869934082,4.223914623260498,1.17280912399292
1755131685.191418,72828ff7-3ccc-0c5d-596b-8331ba7d4f39,3ea10353-e47e-71bd-74da-a2bb50b6e35c,15,-65.0,-70.0,-75.0,-62.0,2.011265594230808,-0.9332767076687686,0.6450277360293337,0.26131309458410096,0.3401614714256451,0.39154653215796514,0.44110250056410505,0.32722839551340693,NaN,NaN,NaN
1755131686.173539,72828ff7-3ccc-0c5d-596b-8331ba7d4f39,03b027ce-5fa0-7539-ffdd-25d630bbbf86,5,-71.0,-78.0,-72.0,-58.0,2.030384960328705,-1.041765501521163,0.6090942360731126,0.28613988121414663,0.42505642236415964,0.4298038066128485,0.37152372194977246,0.27023150508731514,-1.8007901906967163,4.212666034698486,1.1138181686401367
1755131687.191357,72828ff7-3ccc-0c5d-596b-8331ba7d4f39,28779bcd-c641-41dc-ea9f-66e5774b83f7,20,-72.0,-69.0,-68.0,-70.0,1.2532953269000857,-0.9505587589306199,0.6043940230652318,0.2667874885208678,0.5063929906121648,0.3259035727396334,0.20896987842584092,0.283664472980918,-1.8472294807434082,4.211713790893555,1.0438036918640137
1755131688.173718,72828ff7-3ccc-0c5d-596b-8331ba7d4f39,20e97b18-4b60-d3e8-6cd0-4c7d55b10342,35,-69.0,NaN,-90.0,-63.0,1.2629351710978456,NaN,0.5551223471054578,0.31163325706503914,0.4770050745621676,NaN,0.16263059249759634,0.3596579411338972,-1.9144939184188843,4.221222877502441,0.9518277645111084
1755131689.19283,72828ff7-3ccc-0c5d-596b-8331ba7d4f39,193bb83f-9160-4f37-732a-7b31d1965b68,21,-68.0,NaN,-72.0,-65.0,2.068460707065786,NaN,0.6320149983109886,0.27485100766940973,0.3668341615862519,NaN,0.0803767400240054,0.37855393459536363,-1.9824390411376953,4.245298385620117,0.9360962510108948
1755131690.173205,72828ff7-3ccc-0c5d-596b-8331ba7d4f39,58bf11ce-73ad-3f95-f6ce-6574a02c9bc1,24,-78.0,NaN,-71.0,-62.0,2.0820998202725174,NaN,0.64194166495815,0.23343539060926052,0.4282296120925026,NaN,0.1311444467261314,0.4951075125978178,-2.030778408050537,4.26933193206787,0.9229811429977417
1755131691.193801,72828ff7-3ccc-0c5d-596b-8331ba7d4f39,5a9377f8-fe92-46bc-2a3b-7fc061092568,2,-73.0,NaN,-67.0,-56.0,2.080635614305192,NaN,0.6888106369824545,0.2878925075275278,0.32583636121162246,NaN,0.1902623036114975,0.4510640879110601,-2.0591039657592773,4.27170991897583,0.9003652334213257
1755131692.172576,72828ff7-3ccc-0c5d-596b-8331ba7d4f39,d86f2064-73a6-0246-c9df-186756c32e32,24,-73.0,NaN,-69.0,-58.0,2.045379089898069,NaN,0.6809617686177729,0.16293832076155498,0.3459699589211624,NaN,0.12128686414212238,0.370700805172938,-2.073972702026367,4.296107292175293,0.9044088125228882
1755131693.193495,72828ff7-3ccc-0c5d-596b-8331ba7d4f39,1e98834d-ed8d-cf45-f1d6-fda9bbd66b1a,30,-76.0,-67.0,-71.0,-57.0,2.036035122897417,-0.7788348028909481,0.6693823441981084,0.12448280725302878,0.30302845042493864,0.7718887461358034,0.09167751456986356,0.4895510932994765,-2.057286262512207,4.321852207183838,0.902654767036438
1755131694.193406,72828ff7-3ccc-0c5d-596b-8331ba7d4f39,86068f58-562f-c2e2-00b9-793df4e473a0,3,-78.0,-68.0,-66.0,-55.0,1.9301515663813926,0.8022112319913365,0.7285151730422279,0.13519031273180138,0.18324833624855583,0.5301013161634044,0.0543800308882771,0.4548138187258916,-2.04282546043396,4.333495616912842,0.9416848421096802
1755131695.193088,72828ff7-3ccc-0c5d-596b-8331ba7d4f39,653b3828-fbad-4b7d-ede0-45ae009bf225,36,-73.0,-88.0,-69.0,-60.0,2.0376905438310104,0.8450242096754503,0.7457048126142533,0.12604448491625125,0.18238362448736392,0.638848403352023,0.0623518207820226,0.500399946053105,NaN,NaN,NaN
1755131696.192665,72828ff7-3ccc-0c5d-596b-8331ba7d4f39,752e46c8-4b76-51da-55e7-6cb03d4f764b,11,-72.0,-65.0,-68.0,-57.0,2.04433726127963,0.8656730291873798,0.7854682045341174,0.15603540721606962,0.16873204435777914,0.4398508148517678,0.08478735090809694,0.43364281990322495,NaN,NaN,NaN
1755131697.19357,72828ff7-3ccc-0c5d-596b-8331ba7d4f39,67898d81-36ce-f8c2-1263-f1e1fd37e24f,34,-68.0,-75.0,-69.0,-59.0,2.041314040810172,0.9037836633347406,0.7482063198261647,0.11662009045067884,0.1487374636571414,0.3554541413532071,0.1307837215564802,0.4388734680212224,-2.034259080886841,4.351765155792236,0.960543930530548
1755131698.173165,72828ff7-3ccc-0c5d-596b-8331ba7d4f39,f40fb263-41ce-4d50-d02a-a15d8e53ce5d,25,-76.0,-66.0,-69.0,-59.0,1.9981340795278455,0.8826642632581942,0.7357749501737838,0.16101844793171685,0.14631230594473113,0.5152756315329878,0.10824249306345411,0.5130644754589223,-2.077690362930298,4.3863844871521,1.1085227727890015
1755131699.193063,72828ff7-3ccc-0c5d-596b-8331ba7d4f39,ffb7c8cd-0ef0-e152-b1cc-3ec6bb76dffb,12,NaN,-67.0,-71.0,-56.0,NaN,0.8476977570937808,0.7059254417278487,0.16518975714710793,NaN,0.7039132903662393,0.07815056205691612,0.5261581732744058,NaN,NaN,NaN
1755131700.192506,72828ff7-3ccc-0c5d-596b-8331ba7d4f39,3b1d6b78-89d9-8ec5-4d19-9589cc15c915,19,-69.0,-67.0,-70.0,-63.0,1.862787439240056,0.8552579387962979,0.6859232377285905,0.2326564159904123,0.24186707513374903,0.5792673644964432,0.09773536548957477,0.49145814966656853,-2.0735201835632324,4.411574840545654,1.2587827444076538
1755131701.192847,72828ff7-3ccc-0c5d-596b-8331ba7d4f39,db2ead09-8883-0fd7-34c7-ac360c99939d,22,-68.0,-74.0,-86.0,-61.0,1.9474951366644246,0.8428798323657186,0.672629270199133,0.2340953219273821,0.24774322356571118,0.6063312064421554,0.10749425298806113,0.4086543793950115,-2.061857223510742,4.41160488128662,1.3936976194381714
1755131702.193264,72828ff7-3ccc-0c5d-596b-8331ba7d4f39,1ea06295-caa3-86b7-fa2b-95315300e71e,27,-67.0,-69.0,-80.0,-60.0,1.9723695938779826,0.8602452405696893,0.5982660893969595,0.2480284481184587,0.28831348671684204,0.4989716261814683,0.1107780221582913,0.44012611912945476,-2.064086675643921,4.417248249053955,1.4214999675750732
1755131703.19276,72828ff7-3ccc-0c5d-596b-8331ba7d4f39,67a90bde-8d07-5e40-557d-ee065dcba3b3,4,-66.0,-72.0,-70.0,-56.0,1.9498232720893718,0.8698749647553067,0.8263408030479995,0.2530503709860211,0.2787312167328984,0.4869412620102261,0.051266100655377525,0.41520748673131497,NaN,NaN,NaN
1755131704.173072,72828ff7-3ccc-0c5d-596b-8331ba7d4f39,e5381a03-ccdb-97d4-4519-edf130199c46,34,-69.0,-68.0,-74.0,-63.0,1.9626437295770134,0.8832163365521677,0.8438846430450054,0.19209434205963344,0.31630367595822473,0.43769828161119767,0.07965927610395965,0.4016129481833284,-2.1033012866973877,4.41772174835205,1.446855902671814
1755131705.194637,72828ff7-3ccc-0c5d-596b-8331ba7d4f39,94fb57d0-7ebb-6596-d758-5d8fe12023f1,30,-70.0,-66.0,-89.0,-63.0,1.9946341532232632,0.8439144704492143,0.8586854271192299,0.2159954138947676,0.34768293742381495,0.4524937393632419,0.08036278339541769,0.45944575494132556,-2.1421594619750977,4.42227554321289,1.4510818719863892
1755131706.17453,72828ff7-3ccc-0c5d-596b-8331ba7d4f39,a210127d-7fb8-147f-e18d-4282c8d1478e,9,-72.0,-72.0,-68.0,-61.0,1.8478380507770056,0.8374680227145685,0.7896967717129452,0.2046325044717265,0.4384211966890997,0.3789674569336257,0.12045261228589826,0.38669881331520745,-2.1592297554016113,4.4188690185546875,1.4517892599105835
1755131707.194342,72828ff7-3ccc-0c5d-596b-8331ba7d4f39,f474a75a-d6d7-8fe7-3c36-82920a1dc1b2,23,-67.0,-78.0,-74.0,-62.0,1.8642415251952398,0.8273786369248034,0.715885930520854,0.22127965812970282,0.46444014738111933,0.4211893793033101,0.14521704765692245,0.44953053988685154,-2.176482677459717,4.42393398284912,1.4359822273254395
1755131708.173063,72828ff7-3ccc-0c5d-596b-8331ba7d4f39,f08ed18d-ffc1-2b41-b068-ee03e28da967,19,-70.0,-81.0,-97.0,-61.0,1.9306415880219672,0.8590907602371399,0.7114648167952136,0.2761231997221406,0.39754500290774597,0.46157598420776635,0.1684888811054981,0.4201773447995663,-2.205515146255493,4.431708335876465,1.4002692699432373
1755131709.193907,72828ff7-3ccc-0c5d-596b-8331ba7d4f39,6da9fd01-4492-937a-0683-8f7fb92d2154,1,-69.0,-71.0,-71.0,-57.0,1.9697628918030132,0.8464593871868941,0.5821233384494442,0.21639701858715155,0.3024223149608366,0.34722870201038836,0.15729603116281543,0.38131776317464783,-2.2380528450012207,4.43326187133789,1.4265202283859253
1755131710.193725,72828ff7-3ccc-0c5d-596b-8331ba7d4f39,f4ad76c5-6830-5111-c501-c4bed779dc85,29,-70.0,-68.0,-80.0,-63.0,1.9836193189546953,0.8480801870263163,0.34570680531594894,0.26032879024520766,0.3739962339953157,0.3662063546487794,0.11521263478170718,0.36262330442867313,-2.2489755153656,4.4239888191223145,1.4015183448791504
1755131711.194588,72828ff7-3ccc-0c5d-596b-8331ba7d4f39,1ca23e37-51ba-a7d2-0d1a-dda2ea9b1e3a,1,-73.0,-71.0,-68.0,-54.0,1.9735110247211907,0.8444617500532257,0.5658490273440789,0.23785384117381095,0.3996246321134752,0.32987361355564176,0.11783569033024552,0.4491947818524198,NaN,NaN,NaN
1755131712.172317,72828ff7-3ccc-0c5d-596b-8331ba7d4f39,74534d64-cbac-dab1-7fb1-5b0552421d56,5,-74.0,-67.0,-76.0,-53.0,1.9878494840301775,0.8729945916562256,0.5714685635602551,0.22539717149107436,0.3007041432940583,0.3010131032700212,0.10793657907798809,0.3865926197667406,-2.3063998222351074,4.4231719970703125,1.376718282699585
1755131713.19342,72828ff7-3ccc-0c5d-596b-8331ba7d4f39,d2f1a384-59cb-deb6-6b12-5d77ae5a21ef,30,-70.0,-73.0,-78.0,-60.0,1.7901672973713396,0.8613640345436315,0.5671158930746296,0.2658380715922546,0.3939495024095435,0.3136881188726306,0.13193935037724963,0.44288109269811443,-2.3064253330230713,4.423352241516113,1.3529064655303955
1755131714.193473,72828ff7-3ccc-0c5d-596b-8331ba7d4f39,384fd9f0-0ea9-0140-410c-8f551489929f,27,-70.0,-73.0,-75.0,-58.0,1.7955298385423233,0.8712643358960012,0.6046827097273965,0.2829422236932885,0.4301457232073011,0.4124517142143282,0.09742980936638021,0.4991201639912674,-2.2840287685394287,4.41184377670288,1.3385794162750244
1755131715.173028,72828ff7-3ccc-0c5d-596b-8331ba7d4f39,40c30d69-f066-9f88-2b0d-497f880d54dd,23,-70.0,-71.0,-72.0,-62.0,1.7615638819994526,0.8792668686555801,0.5850456251135882,0.2487379142328558,0.49918141669633925,0.5212164781346821,0.10001154430613028,0.42680701801720966,-2.24329662322998,4.3966264724731445,1.2999950647354126
1755131716.174334,72828ff7-3ccc-0c5d-596b-8331ba7d4f39,ea08155a-b9e3-5804-ce21-af0d902adfbe,8,-74.0,-73.0,-75.0,-58.0,1.9352919999174636,0.8422374779107915,0.6337377972201609,0.16426777077772256,0.3435551376027331,0.2804145176341534,0.1517169916399652,0.3123902938944078,-2.191103219985962,4.4013261795043945,1.3075037002563477
1755131717.173387,72828ff7-3ccc-0c5d-596b-8331ba7d4f39,f06a2905-aee9-1ddb-f501-e4f26f498387,25,NaN,-65.0,NaN,-59.0,NaN,0.8396206558236795,NaN,0.24048664222746327,NaN,0.36457473571742877,NaN,0.3790373316227266,NaN,NaN,NaN
1755131718.173714,72828ff7-3ccc-0c5d-596b-8331ba7d4f39,1d5bf436-1c3e-0e83-2ab6-9940072aeb38,28,-67.0,-66.0,-76.0,-64.0,1.9532172045825689,0.8962312047993849,0.6967966581432751,0.24804788919441628,0.3215489048831903,0.36067380393170795,0.15245841568744326,0.4223700251935695,-2.198903799057007,4.39629077911377,1.2806499004364014
1755131719.194689,72828ff7-3ccc-0c5d-596b-8331ba7d4f39,067af592-399b-d808-eed1-f9612e0b41da,5,-71.0,-67.0,-74.0,-60.0,1.9943156391568897,0.8769299447990357,0.7189823879202892,0.24582574758085415,0.26700823128572176,0.349543188734749,0.2156112695522805,0.33229722330566835,-2.243304491043091,4.387409210205078,1.274397373199463
1755131720.192312,72828ff7-3ccc-0c5d-596b-8331ba7d4f39,17f86d9d-ea87-cfb9-5852-34d5fb9fcb76,28,-69.0,-69.0,-81.0,-63.0,1.9597014692046937,0.8758146129345106,0.7180651952408659,0.31465780911504215,0.24395414454577372,0.29037410761029087,0.23026286667118998,0.3519251533032295,NaN,NaN,NaN
1755131721.193689,72828ff7-3ccc-0c5d-596b-8331ba7d4f39,764d2a72-85c9-dd04-df79-3751c8c2c304,8,-73.0,-63.0,-71.0,-58.0,1.95903141787443,0.8958104253471524,0.661671427577893,0.2610747416665389,0.2645151629655145,0.2814718258764285,0.25302874944692105,0.3370451068970616,-2.2740650177001953,4.385977268218994,1.2717881202697754
1755131722.193819,72828ff7-3ccc-0c5d-596b-8331ba7d4f39,a66ab5fc-bffd-d643-b897-69ca0cbf59fe,10,-75.0,-68.0,-87.0,-56.0,1.898370999829041,0.8715213309411938,0.6961793374025947,0.27099182093377594,0.30952666335327284,0.2650675525098674,0.2556481514713389,0.322029838486545,-2.277968645095825,4.38883876800537,1.261459469795227
1755131723.173504,72828ff7-3ccc-0c5d-596b-8331ba7d4f39,8ac17640-7937-ceda-1c6d-1d9483b818b8,20,-70.0,-75.0,-76.0,-58.0,1.5124427388857344,0.8994134159859206,0.6362206623044417,0.25412655438252213,0.4544161421961156,0.29746430795943607,0.2859109492289407,0.40472947915948,-2.2356958389282227,4.391691207885742,1.2232403755187988
1755131724.173584,72828ff7-3ccc-0c5d-596b-8331ba7d4f39,496213b6-ddfe-6bfd-7941-f921bb5fa79c,34,-70.0,-70.0,-79.0,-59.0,1.617762770515098,0.9424833887152272,0.5813757891314589,0.19390555791699637,0.5200506793674999,0.34050661710291935,0.22663267849978935,0.4583710695729378,NaN,NaN,NaN
1755131725.174544,72828ff7-3ccc-0c5d-596b-8331ba7d4f39,7dab4bdd-eb30-b1a3-6bba-cf96b8fb7129,27,-71.0,-71.0,-71.0,-62.0,1.5616105515629954,0.9426088236025698,0.5576933628218202,0.26062999376449564,0.6403630762220055,0.3646184781383333,0.1385112995782654,0.4580886080498212,-2.19008731842041,4.38767147064209,1.1993000507354736
1755131726.193578,72828ff7-3ccc-0c5d-596b-8331ba7d4f39,a6c77cee-ed43-2c86-08ea-49086b9597e0,30,-66.0,-81.0,-72.0,-66.0,1.6209479111788327,0.8837151466243395,0.5602135121613623,0.2665880177552209,0.60715678638008,0.34736392401473715,0.15458325205267665,0.4780812912481823,NaN,NaN,NaN
1755131727.174324,72828ff7-3ccc-0c5d-596b-8331ba7d4f39,30cc3d28-3375-90a5-31b0-15f4a90db69f,1,-67.0,-70.0,-70.0,-56.0,1.6804690289098858,1.3012066601750474,0.5208756933836928,0.30402993215286295,0.5036965400084595,0.3229452335322325,0.09799479066926213,0.43717380532402017,-2.191582441329956,4.385394096374512,1.1778573989868164
1755131728.194553,72828ff7-3ccc-0c5d-596b-8331ba7d4f39,83d998f1-d6aa-4cfd-51ac-40a9f2afa758,35,-68.0,-75.0,-74.0,-63.0,1.6048842561156929,1.1730742569641741,0.5339065405974506,0.26334588544415843,0.5664702096683399,0.2812421615219228,0.11142462934858414,0.45287031034137903,-2.2146003246307373,4.38356876373291,1.1610313653945923
1755131729.174418,72828ff7-3ccc-0c5d-596b-8331ba7d4f39,01c9c2f4-6b9b-4f4d-9f5f-6b4cbb3b4404,1,-80.0,-72.0,-68.0,-56.0,1.587114580058248,1.0186133105845592,0.5508751377989994,0.18725351414619643,0.5957171779176446,0.2844758715860379,0.11201794002756175,0.33928492524235915,NaN,NaN,NaN
1755131730.195257,72828ff7-3ccc-0c5d-596b-8331ba7d4f39,039614c9-6f7e-0630-21c8-b7e0e17084a2,12,-66.0,-83.0,-74.0,-57.0,1.7884879079879357,0.9780618892981406,0.6410617565339878,0.2119897532991794,0.25583289162720635,0.31650444501490305,0.12545962145135622,0.34434313367977387,-2.20701265335083,4.383113384246826,1.1630303859710693
1755131731.175096,72828ff7-3ccc-0c5d-596b-8331ba7d4f39,8b31a62c-0982-a2a7-c95e-011fc38899bc,13,-67.0,-74.0,-70.0,-58.0,1.816061745282398,1.0563015673830336,0.7464299913790818,0.20995989191632103,0.31398539422931077,0.2856798534253491,0.20933048708219443,0.33675155996590767,-2.1988751888275146,4.3700737953186035,1.155385136604309
1755131732.194515,72828ff7-3ccc-0c5d-596b-8331ba7d4f39,44a8b7ee-9f9c-94d3-4ad9-881cb59a45ad,20,NaN,-75.0,-82.0,-57.0,NaN,0.9469380582706026,0.7361643043251535,0.19047886854239138,NaN,0.25338967435365406,0.2223530784965729,0.460077490041406,-2.1714093685150146,4.360416412353516,1.1582365036010742
1755131733.155286,72828ff7-3ccc-0c5d-596b-8331ba7d4f39,9b167cc1-cb42-b601-fd88-955d82f23001,0,NaN,-68.0,-78.0,-56.0,NaN,0.9079294062036669,0.7877627841293295,0.2465189684126018,NaN,0.22474344866724394,0.18688461640095003,0.4357973838041263,-2.1287930011749268,4.358707904815674,1.1686091423034668
1755131734.195094,72828ff7-3ccc-0c5d-596b-8331ba7d4f39,4412fe51-d05d-7f2d-b615-31288406eca8,1,NaN,-69.0,-78.0,-57.0,NaN,0.8882078993833032,0.6761760681389005,0.2939045936883817,NaN,0.23169914273658335,0.20783552160427843,0.410047745277341,-2.100933074951172,4.35587215423584,1.1724841594696045
1755131735.175003,72828ff7-3ccc-0c5d-596b-8331ba7d4f39,4fbc4f93-d195-00fb-6e58-3d5d433395aa,26,NaN,-67.0,-72.0,-61.0,NaN,0.8774631096492694,0.7629628954262938,0.2814034492154407,NaN,0.235340100065642,0.15273679924514064,0.43726395332691936,-2.109982967376709,4.352384567260742,1.1787182092666626
1755131736.195153,72828ff7-3ccc-0c5d-596b-8331ba7d4f39,fca0514d-b770-26bb-cb3b-c2781ff5ce27,0,NaN,-67.0,-71.0,-60.0,NaN,0.8602433763569262,0.6599406391854505,0.3249312193361318,NaN,0.25459603639318945,0.22780783162030044,0.4031084462934624,-2.1467134952545166,4.355244159698486,1.2109354734420776
1755131737.194122,72828ff7-3ccc-0c5d-596b-8331ba7d4f39,1ceb3bff-c284-6c4d-dd45-f87c1d13289e,35,-70.0,-72.0,-77.0,-63.0,1.5704937916950636,0.88850137973543,0.62050108765414,0.2902717756454046,0.5218646582544938,0.3223793783796179,0.2141120430166204,0.5073779607413306,NaN,NaN,NaN
1755131738.175073,72828ff7-3ccc-0c5d-596b-8331ba7d4f39,2d5dc824-27ae-f394-2c15-79231a25ba9a,16,-70.0,-78.0,-86.0,-57.0,1.9939422639720605,0.8922921232310488,0.6115541979720188,0.2851398642248219,0.3497702897967055,0.26318221755041626,0.2646728553915608,0.49027793653998636,-2.186060667037964,4.35583257675171,1.2397668361663818
1755131739.193399,72828ff7-3ccc-0c5d-596b-8331ba7d4f39,57fe2c48-13a7-7854-a0c1-264a3d7e2811,31,-69.0,-73.0,-85.0,-63.0,2.023760080801024,0.8697034571811056,0.6362012212284842,0.2886693516175039,0.3361579746484426,0.31378369306625087,0.18119901714498304,0.5362709615922501,NaN,NaN,NaN
1755131740.193879,72828ff7-3ccc-0c5d-596b-8331ba7d4f39,9b7f2984-45b6-7121-2b1c-3a6baa0e13e5,17,-71.0,-80.0,-83.0,-58.0,2.0678886600636366,0.8486455761257402,0.6932727633888822,0.26118046916181503,0.41541524658585477,0.25269891694591473,0.2252427580821202,0.5044904616189259,NaN,NaN,NaN
1755131741.195816,72828ff7-3ccc-0c5d-596b-8331ba7d4f39,cdf0cc45-1952-d32e-f912-5d0af7fedea6,11,-68.0,-69.0,-74.0,-62.0,2.091686667564585,0.8323821839808443,0.6402108765657075,0.2841220040561936,0.38153627554208885,0.33413110932181056,0.23147661898275043,0.5188995279863131,-2.220919132232666,4.35082244873047,1.2618297338485718
1755131742.195032,72828ff7-3ccc-0c5d-596b-8331ba7d4f39,5c1ad587-f879-a4b9-9549-77f740fff18a,35,NaN,-67.0,-80.0,-71.0,NaN,0.8585717101406835,0.6712641338243585,0.3280186219878607,NaN,0.4489141179630391,0.2738839805880884,0.4352325273369206,-2.2515852451324463,4.352914810180664,1.27395224571228
1755131743.193644,72828ff7-3ccc-0c5d-596b-8331ba7d4f39,6adbef3a-1f1a-ddba-c42e-33548f9edc15,23,NaN,-67.0,-72.0,-64.0,NaN,0.8442316529350428,0.6659671064161908,0.3179627920278305,NaN,0.47500544005768164,0.2492302661393842,0.4518731229607125,-2.298527479171753,4.354069232940674,1.258178472518921
1755131744.194891,72828ff7-3ccc-0c5d-596b-8331ba7d4f39,4db9da99-7ca9-bdbe-c354-bbc26f644baf,0,NaN,-75.0,-75.0,-57.0,NaN,0.8586579965600021,0.630649861936214,0.29599171303467675,NaN,0.4344745584011704,0.246483348633022,0.35776003938305223,-2.32501769065857,4.355361461639404,1.226495385169983
1755131745.174298,72828ff7-3ccc-0c5d-596b-8331ba7d4f39,5da150b0-b3b6-a083-900c-ad9e7e8d4e0f,0,NaN,-65.0,-75.0,-52.0,NaN,0.8770902670966584,0.6687565013419398,0.26043957774655496,NaN,0.3750696543621857,0.206558752243424,0.3347285895123698,-2.3352911472320557,4.36264419555664,1.19270396232605
1755131746.175568,72828ff7-3ccc-0c5d-596b-8331ba7d4f39,a7a6aa05-f9ab-5d56-d9c7-fb070eb22c31,5,NaN,-62.0,-66.0,-57.0,NaN,0.8793113434457844,0.6693602399610608,0.19847607497979033,NaN,0.344076018622439,0.20369460571482786,0.41813693064088847,NaN,NaN,NaN
1755131747.195271,72828ff7-3ccc-0c5d-596b-8331ba7d4f39,4e32128e-6fc8-c082-5584-bbc30cd4283f,8,-87.0,-67.0,-75.0,-55.0,0.8211628189405584,0.9000754778329143,0.685437743461869,0.20251955246285766,0.26439848322025544,0.32071856454481723,0.22686424035657177,0.5332135195027847,-2.3256893157958984,4.360631942749023,1.1453604698181152
1755131748.175171,72828ff7-3ccc-0c5d-596b-8331ba7d4f39,0713d6c8-e1cf-6105-7ba9-a6076f294b88,36,-80.0,-73.0,-72.0,-59.0,0.8419621070540773,0.9009916052479016,0.642650065808111,0.16651547873774944,0.3113545239674487,0.24300051649368676,0.2666937618952539,0.44646534134071125,-2.288555145263672,4.348730564117432,1.0935176610946655
1755131749.195431,72828ff7-3ccc-0c5d-596b-8331ba7d4f39,c0ab5083-243e-4d76-bb6f-5d53ea3920e1,36,-80.0,-74.0,-69.0,-59.0,0.8647883270732554,0.8567551679611405,0.7108333813007557,0.12231472780959529,0.23081119489488047,0.2582246766022065,0.21319085559556197,0.4636867391087359,-2.234450578689575,4.3411030769348145,1.0399972200393677
1755131750.194263,72828ff7-3ccc-0c5d-596b-8331ba7d4f39,97592aa6-bb26-564a-7d59-23b80c31f5ad,26,-68.0,-69.0,-66.0,-61.0,0.8605288672257826,0.872772217705204,0.6472400239468625,0.07436051764108348,0.24572235035153184,0.30686856226926473,0.11919808864252439,0.4192433742052756,-2.1650278568267822,4.33008098602295,0.9974637627601624
1755131751.194456,72828ff7-3ccc-0c5d-596b-8331ba7d4f39,35c52b73-f8ef-0eae-dcb7-d2e90b38a214,2,-60.0,-82.0,-69.0,-54.0,0.8501377452845115,0.8669193885775368,0.70345003349462,0.009226255280470512,0.2771321216563603,0.24020839182782044,0.184631132710309,0.37414197548597017,-2.106050729751587,4.344568252563477,0.966824471950531
1755131752.194684,72828ff7-3ccc-0c5d-596b-8331ba7d4f39,30fb459e-6fc3-7527-9f25-a48f6d4a04cc,3,-63.0,-73.0,-70.0,-53.0,0.885205717886457,0.8886337388416068,0.738741445312023,0.0637741859919095,0.37157748451427847,0.25255086183406317,0.1695301438022055,0.4090657379148879,-2.0545144081115723,4.37172555923462,0.9370715618133545
1755131753.195866,72828ff7-3ccc-0c5d-596b-8331ba7d4f39,60945cb3-1916-48a2-996c-1526b13cce15,3,-66.0,-80.0,-71.0,-51.0,0.8943550078114241,0.8826919601335311,0.6921473115122148,0.0692254104271927,0.3698048844927217,0.3163310066489117,0.10742600948512784,0.3985324031714065,-2.0019993782043457,4.39680004119873,0.913586437702179
1755131754.195601,72828ff7-3ccc-0c5d-596b-8331ba7d4f39,fa8ece16-0842-24e5-de31-e7d8ae5216ad,8,-77.0,-89.0,-75.0,-54.0,0.8763448483075452,0.8355438888269862,0.6949598759394474,0.05369598547872264,0.37693226922858714,0.22629007947030746,0.11833718853064265,0.44565071365276965,-1.9667843580245972,4.43104648590088,0.9081915020942688
1755131755.175053,72828ff7-3ccc-0c5d-596b-8331ba7d4f39,6f8a4e82-5d0b-6810-4eae-946af588d7b3,7,-72.0,-76.0,-75.0,-53.0,0.8798061587763213,0.8227748303483834,0.6769249490374308,0.024733842308001918,0.4443905724039714,0.15699446145887758,0.07374258936677944,0.4558081764979,NaN,NaN,NaN
1755131756.175571,72828ff7-3ccc-0c5d-596b-8331ba7d4f39,83b59d21-84b3-5b15-7efb-7fb18b18ead2,23,-66.0,-76.0,-86.0,-63.0,0.8971236300806705,0.847329708231132,0.6919680807708525,0.04412511715319588,0.6444168068752696,0.10507711804843477,0.08508985271841632,0.3887179221851647,-1.9294072389602661,4.454826831817627,0.9230875372886658
1755131757.194845,72828ff7-3ccc-0c5d-596b-8331ba7d4f39,20a2232d-7353-4b27-4e5c-8b748b9b08be,16,-63.0,-75.0,-73.0,-64.0,0.9155705480033223,0.8588228462314779,0.679348958261621,0.062260178912199454,0.8153543980240683,0.13150383199285917,0.18668497918773497,0.3831897323943782,-1.9072433710098267,4.477749347686768,0.959827184677124
1755131758.175073,72828ff7-3ccc-0c5d-596b-8331ba7d4f39,a285472a-5de1-db47-92f8-d3611d82b1c8,11,-69.0,-67.0,-71.0,-65.0,0.8281181967595184,0.8470908226813519,0.3260196532736472,-0.00893037808336271,0.5270367168285094,0.21213103399500813,0.21250700576190004,0.25362456516179904,-1.8984118700027466,4.5035834312438965,1.0002261400222778
1755131759.175042,72828ff7-3ccc-0c5d-596b-8331ba7d4f39,00b179a0-f300-bca6-9d07-60c939611571,10,-70.0,-66.0,-72.0,-62.0,0.8518469620721244,0.8490921882405463,0.45030884871542726,0.031036213027674432,0.5414218813251133,0.22076665007996948,0.25613081612940214,0.3352253023451832,-1.898954153060913,4.529674530029297,1.0509052276611328
1755131760.17472,72828ff7-3ccc-0c5d-596b-8331ba7d4f39,5afa00f8-7d4e-637d-5eed-64143d8b6457,16,-70.0,-68.0,-69.0,-61.0,0.8994056928187594,0.8639787261018714,0.5790508494998198,0.08642730054023251,0.5520020544142664,0.2091194815000761,0.08798390987500541,0.2842081573174577,NaN,NaN,NaN
1755131761.194708,72828ff7-3ccc-0c5d-596b-8331ba7d4f39,880f647e-2ddd-1004-e49a-7a3065d4e269,1,-73.0,-68.0,-70.0,-61.0,0.8995572266847849,0.8571256136687704,0.5672770143205794,0.14976339653282397,0.350353422206892,0.1761497968762473,0.06020458889649737,0.4164766161487922,-1.9019204378128052,4.551115036010742,1.1038507223129272
1755131762.195009,72828ff7-3ccc-0c5d-596b-8331ba7d4f39,855163d2-9b3b-67ed-a5a7-5b9899b19988,13,-74.0,-70.0,-77.0,-56.0,0.8762969114079239,0.8794234625276769,0.526157540773647,0.22264293029171436,0.27368271218870566,0.22713624897240972,0.09604442464494257,0.45614733006272157,NaN,NaN,NaN
1755131763.195423,72828ff7-3ccc-0c5d-596b-8331ba7d4f39,b3710721-46eb-8139-03ac-3957ffceb785,2,-79.0,-62.0,-75.0,-58.0,0.8550478153862906,0.8553540789116496,0.7021983477822829,0.2853728908202038,0.2683138293653763,0.16038156960178118,0.16620294013907183,0.429062415854884,-1.950925588607788,4.571662425994873,1.13151741027832
