create_time,idppe,idbeacon,bluetooth_channel,rssi_1,rssi_2,rssi_3,rssi_4,az_1,az_2,az_3,az_4,el_1,el_2,el_3,el_4,x,y,z
1755131490.186838,72828ff7-3ccc-0c5d-596b-8331ba7d4f39,94023883-4ac8-6abd-350f-0f23977bf6c9,35,-79.0,-69.0,NaN,-66.0,0.8410041680099757,0.8761637533534199,NaN,0.20945389130920597,0.12320153548545644,0.23939386400841972,NaN,0.570346640372032,-1.246026873588562,4.5596160888671875,0.8675548434257507
1755131491.188109,72828ff7-3ccc-0c5d-596b-8331ba7d4f39,a2633881-5a1e-0070-775a-f8a3a6b91372,25,-70.0,-63.0,NaN,-72.0,0.8325193367769832,0.913240015733394,NaN,0.23421676207308978,0.1707389193314788,0.1950942099352828,NaN,0.5698032889306286,-1.2800461053848267,4.550886154174805,0.80453759431839
1755131492.168071,72828ff7-3ccc-0c5d-596b-8331ba7d4f39,51f3cc74-0644-e150-d8ba-81a74f7ba552,23,-75.0,-67.0,NaN,-69.0,0.8410521049095971,0.9038529055230826,NaN,0.2522865763853864,0.13014820809660319,0.16195503175282733,NaN,0.5838763642369889,-1.3405381441116333,4.546237468719482,0.7347877025604248
1755131493.186588,72828ff7-3ccc-0c5d-596b-8331ba7d4f39,b5d851c5-97fb-4f3b-f221-44c707755916,17,-75.0,-63.0,-82.0,-63.0,0.8487190793718263,0.8748910286684709,0.6557847763043818,0.2189057163340062,0.18182191387919575,0.16623258445095573,0.16549264178683404,0.5928538802716459,-1.41026508808136,4.5444817543029785,0.736371099948883
1755131494.187448,72828ff7-3ccc-0c5d-596b-8331ba7d4f39,ea8615d3-fe63-4192-64f5-00b257aa156c,25,-77.0,-68.0,-75.0,-75.0,0.9008975956614217,0.8568622270369616,0.5332141187140299,0.18463482784632154,0.22114238882026604,0.136292120731416,0.2251354160454332,0.6128064828956014,-1.4368025064468384,4.547786712646484,0.725285530090332
1755131495.186717,72828ff7-3ccc-0c5d-596b-8331ba7d4f39,4d226f3b-af97-3a8d-0656-017688ebe6ce,12,-75.0,-69.0,-70.0,-66.0,0.9267587540588542,0.8731330760329098,0.5289655778270265,0.19185838598705243,0.16304984063220204,0.13684184711467878,0.11496322974562126,0.49412906721332267,-1.469272494316101,4.5504469871521,0.7181508541107178
1755131496.186207,72828ff7-3ccc-0c5d-596b-8331ba7d4f39,9269b9bb-9f8f-936f-5919-6a67f1ac7922,27,-69.0,-72.0,-83.0,-63.0,0.9015852238548803,0.8900271047239363,0.5203169621869942,0.1880857519868462,0.11865201578338205,0.14181923693538806,0.08238077706666842,0.4948568092707004,-1.4922633171081543,4.55000638961792,0.70437490940094
1755131497.186157,72828ff7-3ccc-0c5d-596b-8331ba7d4f39,f97f4f8d-932f-aabc-8ab7-fd8398a3b284,12,-65.0,-63.0,-75.0,-63.0,1.1358475259826106,0.8839175468671856,0.4903886241727927,0.2073004592517679,0.21882971637439808,0.15819687869104831,0.05446425751894006,0.38747459214074753,-1.5210886001586914,4.55022954940796,0.7530781626701355
1755131498.188525,72828ff7-3ccc-0c5d-596b-8331ba7d4f39,868cd4e8-04e7-f857-6c6d-c422c2cfe998,8,-79.0,-70.0,-71.0,-70.0,1.0010146094690977,0.9329537993865966,0.45620348947220857,0.1874295490942507,0.19348632642714744,0.17968649144862933,0.09763352454501446,0.31578462586176825,-1.5871516466140747,4.54763412475586,0.8172662258148193
1755131499.167387,72828ff7-3ccc-0c5d-596b-8331ba7d4f39,4b47214e-eb04-4e93-da08-34822ad6c8c1,31,-72.0,-78.0,-81.0,-66.0,1.041285333576622,0.9128799563540153,0.3978560268335536,0.1748477108402803,0.18395925045679565,0.17845075141331898,0.1252000880807496,0.29663899433762053,-1.6789449453353882,4.542333126068115,0.8846355080604553
1755131500.169193,72828ff7-3ccc-0c5d-596b-8331ba7d4f39,5ea87c94-6ad6-f94f-02ac-f218fba6c383,33,-69.0,-75.0,-76.0,-71.0,1.1266700065500883,0.966242247748151,0.3580268548347645,0.09335498148385563,0.2346699821563508,0.15806898037969724,0.16665502837886959,0.3528587577128704,-1.76329243183136,4.536545753479004,0.9487454295158386
1755131501.187074,72828ff7-3ccc-0c5d-596b-8331ba7d4f39,5a826226-f1a9-dea2-a153-071763cb754a,34,-74.0,-75.0,-70.0,-68.0,1.3644274412924384,1.0187501970645891,0.4440770517646418,0.0731477140806614,0.22071848015375267,0.1942400343051535,0.22982482660614237,0.34014888798949444,-1.850437045097351,4.530667304992676,1.0128495693206787
1755131502.149631,72828ff7-3ccc-0c5d-596b-8331ba7d4f39,e4044154-c2c1-0dc6-a2b0-096fa90cf6dd,6,-77.0,-75.0,-73.0,-60.0,1.5217765858742442,1.013231860969836,0.4710479493883103,0.09294378941154739,0.25295572889878243,0.18497068574929412,0.2532275377775386,0.3415867286620282,-1.926033854484558,4.523794174194336,1.089343786239624
1755131503.168762,72828ff7-3ccc-0c5d-596b-8331ba7d4f39,f31102bd-e61a-d000-740d-845d5403b499,34,-77.0,NaN,-76.0,-70.0,1.5306869902494311,NaN,0.572776175655484,0.11844755159069122,0.27820134754451353,NaN,0.18377364477357397,0.3214391160672518,-1.9322168827056885,4.496036529541016,1.1159571409225464
1755131504.188459,72828ff7-3ccc-0c5d-596b-8331ba7d4f39,fde533a2-5d36-5e25-accc-2ec2151afae9,30,-73.0,NaN,-69.0,-66.0,1.3809805853639348,NaN,0.6607952475792569,0.1249706983647313,0.27267592078335795,NaN,0.14808380741233826,0.2981655182744539,-1.8944138288497925,4.46348762512207,1.1500967741012573
1755131505.187838,72828ff7-3ccc-0c5d-596b-8331ba7d4f39,7050e2a9-0b60-ebfc-7b2d-87e0c2d8f06f,3,-72.0,NaN,-68.0,-68.0,1.7721787094722903,NaN,0.6179945204361574,0.14324131502321993,0.22818824753726144,NaN,0.05809255651044242,0.3290763629938129,-1.8610761165618896,4.453471660614014,1.210693359375
1755131506.188184,72828ff7-3ccc-0c5d-596b-8331ba7d4f39,57dcb139-035c-f88f-2a42-7793a895c961,31,-74.0,NaN,-69.0,-65.0,1.7138959616481242,NaN,0.6568010385763561,0.2453868586332091,0.2920904816433333,NaN,0.07613514000059299,0.38832414052848285,-1.8576204776763916,4.445432662963867,1.2637056112289429
1755131507.186962,72828ff7-3ccc-0c5d-596b-8331ba7d4f39,63f548bf-af9d-f4ca-f4ff-60af2417bfeb,26,-71.0,NaN,-69.0,-72.0,1.6025374785631148,NaN,0.5552722830748292,-0.02077984703756127,0.2866117267802815,NaN,0.14445791358819537,0.36805475489286255,-1.8407896757125854,4.443000316619873,1.2849687337875366
1755131508.168642,72828ff7-3ccc-0c5d-596b-8331ba7d4f39,cb2cd32d-1ac9-7cec-d522-822f5cfc065f,27,-71.0,-73.0,-72.0,-67.0,1.736130160956978,2.4115355102764093,0.5065281793269999,0.11667282104026241,0.19948241697670402,0.6051014918088113,0.15424273361779633,0.34333619247161495,-1.809451937675476,4.43856954574585,1.3180632591247559
1755131509.187417,72828ff7-3ccc-0c5d-596b-8331ba7d4f39,208e63e4-2c6d-bd36-12f2-d92038b98746,12,-67.0,-78.0,-72.0,-62.0,1.828587657153477,2.248824357155838,0.6106673653290224,0.1991637031732488,0.2941442781864888,0.6962057692764138,0.14626388634716217,0.3351651149045474,-1.7688241004943848,4.436153888702393,1.3503360748291016
1755131510.18758,72828ff7-3ccc-0c5d-596b-8331ba7d4f39,3acaaa61-c79a-7274-1385-2f2b6c7b5205,19,-69.0,-73.0,-71.0,-72.0,1.8577865553451056,2.181297244555789,0.5515028448679311,0.15081108410566116,0.30490175122521396,0.7955562587433376,0.1316734337424052,0.31163851680819205,-1.72368586063385,4.43355131149292,1.3857616186141968
1755131511.18809,72828ff7-3ccc-0c5d-596b-8331ba7d4f39,182463c2-d2c0-a9a2-37ff-c8d59ba2d910,12,-73.0,-70.0,-75.0,-69.0,1.8554525609657602,2.0939040154881847,0.5718557871827527,0.16241101486571932,0.245369065388176,0.8252886546803365,0.0951593813133036,0.3184007821586076,-1.6895853281021118,4.428167819976807,1.43013858795166
1755131512.186342,72828ff7-3ccc-0c5d-596b-8331ba7d4f39,fbcd4243-fbd3-ce82-5608-ffe6ddbce93d,8,-76.0,-74.0,-70.0,-63.0,1.8471104751671958,2.124362588875421,0.5424472982133347,0.19423286041496707,0.18097527832390273,0.9712876730123333,0.11314199374465696,0.3111764583590633,-1.654309868812561,4.422669410705566,1.475467324256897
1755131513.188588,72828ff7-3ccc-0c5d-596b-8331ba7d4f39,3d442464-e7de-640d-90e1-7109dd2c4a87,32,-70.0,-74.0,-77.0,-67.0,1.833140597353076,2.3160020630208686,0.5411226418871292,0.21164514025412318,0.1859223330753203,0.843521987083564,0.13695345020910993,0.38274105632972716,-1.665940284729004,4.44334888458252,1.5069079399108887
1755131514.188824,72828ff7-3ccc-0c5d-596b-8331ba7d4f39,31aaeec3-338a-18bf-045d-e6d3ee01f76a,2,-76.0,-75.0,-76.0,-62.0,1.8375428026349772,2.058979320952886,0.5297370955948225,0.11432923928099269,0.2136038120120924,0.7580499624263428,0.10911682549408395,0.20054530121251146,-1.7128238677978516,4.4645233154296875,1.5432384014129639
1755131515.18758,72828ff7-3ccc-0c5d-596b-8331ba7d4f39,ab3c8a61-0df2-69a3-65e0-bf5c64827712,31,-77.0,-75.0,-80.0,-63.0,1.8457655788167058,2.1020698000225857,0.4859070566904074,0.1295718417800612,0.2787267060038021,0.8349514686424981,0.09909437659384222,0.2138654675891927,-1.7765378952026367,4.45642614364624,1.514733076095581
1755131516.16892,72828ff7-3ccc-0c5d-596b-8331ba7d4f39,0389abd9-18cb-ee07-c089-5dacb663edb9,28,-75.0,-72.0,-77.0,-63.0,1.4336307474825836,2.210846614746872,0.5298974178924453,0.12971458721448947,0.21939688646280087,0.7688541406526853,0.10045716605790618,0.2500670479986439,-1.8004175424575806,4.4586920738220215,1.4462398290634155
1755131517.187924,72828ff7-3ccc-0c5d-596b-8331ba7d4f39,833526ef-8fe4-d283-d7bc-8093ad5a5070,6,-75.0,-68.0,-77.0,-67.0,1.408171992725862,2.0069006732041683,0.4452784037323766,0.11632075114415395,0.22645719282870994,0.8313004745250813,0.08279796125142935,0.27761045867765216,-1.8572187423706055,4.4475250244140625,1.3256726264953613
1755131518.187238,72828ff7-3ccc-0c5d-596b-8331ba7d4f39,d8f6902e-de70-585d-9ba7-43fbff96924b,28,-72.0,-69.0,NaN,-66.0,1.3645259782527714,2.2295281571615604,NaN,0.17350547765088037,0.23634421166514272,0.8067149702897968,NaN,0.28963594593514813,NaN,NaN,NaN
1755131519.188557,72828ff7-3ccc-0c5d-596b-8331ba7d4f39,d0183d0b-11d1-d53d-cdc9-bffcbc83f77d,15,-76.0,-74.0,-73.0,-57.0,1.6587877018433328,2.0788662100769435,0.4740996656814321,0.17255179966452297,0.3406360134423836,0.8685505081661831,0.07659285416819356,0.31114413424133247,-1.8922548294067383,4.439579486846924,1.2905951738357544
1755131520.188838,72828ff7-3ccc-0c5d-596b-8331ba7d4f39,2ca1bd7d-300f-d2b0-5029-cb1bd79d0c35,18,-79.0,-70.0,-75.0,-83.0,1.7206023339051617,1.8923474620754999,0.5640127777724693,0.24074070779545684,0.31725142841115667,0.7685150536668909,0.1641900896976763,0.3069775521368763,-1.9145584106445312,4.431577682495117,1.2797467708587646
1755131521.168972,72828ff7-3ccc-0c5d-596b-8331ba7d4f39,e92e40b0-96f8-4867-56f7-227519cbbdb2,22,-81.0,-75.0,-68.0,-62.0,1.5404176482403626,1.3669590422246678,0.537080229668498,0.19032307361862175,0.2849473176780091,0.578320877045029,0.15186468056716693,0.2817162041959569,-1.92482328414917,4.427926063537598,1.2525132894515991
1755131522.187864,72828ff7-3ccc-0c5d-596b-8331ba7d4f39,a45cf490-565e-3866-94d2-ebeafdecccc4,27,-72.0,-69.0,-71.0,-79.0,1.519150709039426,1.3811707350657665,0.5634391328736663,0.12337013854959368,0.2445345971501133,0.5610356299898698,0.17382424138860603,0.2978053590265343,-1.9112439155578613,4.426355838775635,1.224714994430542
1755131523.188788,72828ff7-3ccc-0c5d-596b-8331ba7d4f39,fbfe4839-5129-497e-2dd6-26e5801a9800,7,-78.0,NaN,-72.0,-60.0,1.5884802490652405,NaN,0.5003664235128836,0.1742522280205386,0.20781193598387443,NaN,0.16831695741237668,0.3040848265608322,-1.90004301071167,4.419462203979492,1.2184709310531616
1755131524.169278,72828ff7-3ccc-0c5d-596b-8331ba7d4f39,8d0387f8-7a82-9b29-2319-b95f4694be39,29,-73.0,NaN,-79.0,-66.0,1.6698403529993795,NaN,0.4932003896516984,0.15940510494334684,0.23805830536650183,NaN,0.17269571023192812,0.2790150597708304,-1.9043346643447876,4.406373023986816,1.2193673849105835
1755131525.168443,72828ff7-3ccc-0c5d-596b-8331ba7d4f39,078c3dd0-2e98-babe-d314-27c0cf60fe7d,33,-72.0,NaN,-86.0,-66.0,1.72477976839106,NaN,0.5742129510635817,0.21049199150211886,0.20203557286900617,NaN,0.15195288113351896,0.3874138720678938,-1.8904248476028442,4.40389633178711,1.2025495767593384
1755131526.168397,72828ff7-3ccc-0c5d-596b-8331ba7d4f39,fd92b052-0dc3-a4c6-91c3-f94354701962,26,-79.0,NaN,-78.0,-65.0,1.7326510073088985,NaN,0.5960697804459711,0.1849368303139365,0.38450789726542656,NaN,0.21392066160278458,0.3419136649753491,-1.8539786338806152,4.4050679206848145,1.1917859315872192
1755131527.192346,72828ff7-3ccc-0c5d-596b-8331ba7d4f39,0cfe3728-3156-a489-b939-ba2dcc48be09,6,-67.0,NaN,-66.0,-62.0,1.6980410984144467,NaN,0.47392975600388504,0.1663988322820039,0.33287972321509596,NaN,0.16393489228621946,0.25528138425496455,-1.8330172300338745,4.391289234161377,1.253847360610962
1755131528.187967,72828ff7-3ccc-0c5d-596b-8331ba7d4f39,be4b0fa9-a093-7168-25ef-d9a67fb2efe9,14,-72.0,-69.0,-78.0,NaN,1.706926469075387,2.833545875564764,0.42179092081453173,NaN,0.3127396673399126,0.59065557394984,0.1659612915596607,NaN,-1.7642320394515991,4.445056438446045,1.3543952703475952
1755131529.188682,72828ff7-3ccc-0c5d-596b-8331ba7d4f39,39f49dd8-bda1-69fb-151f-981386c3fd03,4,-72.0,-63.0,-68.0,NaN,1.7818001778585286,2.528608604428511,0.5052751620341176,NaN,0.4861534989597806,0.6048182646268814,0.14846906695353185,NaN,-1.730507493019104,4.454566478729248,1.357833981513977
1755131530.187358,72828ff7-3ccc-0c5d-596b-8331ba7d4f39,70cf3388-3043-ff6e-fe12-cf6de5e3cc87,9,-72.0,-69.0,-74.0,NaN,1.7375842469121612,1.7898035095664346,0.4913188663415574,NaN,0.35693389352339605,0.6208689367797072,0.10501071379112935,NaN,-1.6940977573394775,4.456964492797852,1.3378411531448364
1755131531.189541,72828ff7-3ccc-0c5d-596b-8331ba7d4f39,3ce9effb-a32c-4708-6653-d58c0adc7a9e,32,-76.0,-72.0,-81.0,NaN,1.7373019518366126,1.8311975550217543,0.5436465196521973,NaN,0.22506111385101996,0.768427102771891,0.10808732231806496,NaN,-1.6729159355163574,4.436840534210205,1.356525182723999
1755131532.189557,72828ff7-3ccc-0c5d-596b-8331ba7d4f39,b4ab22de-3623-e48d-89bd-22260c469c2e,26,NaN,-77.0,-74.0,NaN,NaN,2.4881983306798663,0.4891345416154744,NaN,NaN,0.6780575248700142,0.1721526251066338,NaN,NaN,NaN,NaN
1755131533.169378,72828ff7-3ccc-0c5d-596b-8331ba7d4f39,74957b65-9402-dab6-a72b-607188b13203,27,-86.0,-66.0,-72.0,-63.0,1.7187738075007133,2.1880009536517364,0.4747428190846862,0.2112728303337301,0.16526915263710595,0.5671374646794592,0.18400174452093923,0.23758732532772128,-1.6669739484786987,4.421794414520264,1.3581740856170654
1755131534.169365,72828ff7-3ccc-0c5d-596b-8331ba7d4f39,94f5aa42-98c1-1e1a-c56b-7363ec58664a,21,-76.0,-69.0,-69.0,-63.0,1.747556719930072,2.115687607940597,0.5551923882421269,0.20272674639566582,0.13984994582257212,0.4049392363848373,0.1594748964086637,0.2599795333130006,-1.654725193977356,4.415642738342285,1.3468945026397705
1755131535.189001,72828ff7-3ccc-0c5d-596b-8331ba7d4f39,b3dda903-9b8e-aebe-2cec-7d16f91a3990,11,-61.0,-70.0,-67.0,-62.0,1.6364246055377192,2.339362246838608,0.6158589315580228,0.15361299588853353,0.19147477427678333,0.3730680557763958,0.1412892845232191,0.2135012303758539,-1.600585699081421,4.411773681640625,1.359454870223999
1755131536.18814,72828ff7-3ccc-0c5d-596b-8331ba7d4f39,b779008c-5cda-6962-f26c-dbd05b11da45,12,-65.0,-79.0,-67.0,-62.0,1.7282509325558695,2.440981549817198,0.6277326352781412,0.11866326763898763,0.25016801509347153,0.32550985766197876,0.1774978557305318,0.19321298623076444,-1.5857006311416626,4.408666133880615,1.3732731342315674
1755131537.190051,72828ff7-3ccc-0c5d-596b-8331ba7d4f39,878a120b-b70c-1aa1-b3d9-081558cc49ba,36,-72.0,-78.0,-75.0,-68.0,1.7326067988348028,1.5094504110849212,0.46734349231201006,0.06594626017697813,0.32555336705628796,0.25031635316618894,0.1501128864916264,0.18953362944773822,-1.575643539428711,4.413034439086914,1.4127285480499268
1755131538.190109,72828ff7-3ccc-0c5d-596b-8331ba7d4f39,e01676f5-aca3-d94f-7329-0684e4521526,21,-66.0,-74.0,-73.0,-63.0,1.732268577376363,1.3401980016948976,0.4446371145418854,0.09756277600618082,0.3002342950987411,0.2815169664569053,0.13319232605823986,0.1660290523646464,-1.5571057796478271,4.4362616539001465,1.4151965379714966
1755131539.167736,72828ff7-3ccc-0c5d-596b-8331ba7d4f39,1ac43caf-a9e4-ca81-463b-d1e2028ec1dd,20,-65.0,-75.0,-68.0,-66.0,1.7108562295799077,1.264228135807079,0.48862614416337835,0.08612156964709142,0.35083106014839766,0.2919402127788256,0.10355086875008877,0.2106095367747322,-1.555556297302246,4.407161712646484,1.4443585872650146
1755131540.189077,72828ff7-3ccc-0c5d-596b-8331ba7d4f39,2089ebeb-4a84-b023-3f81-39c78c938b3f,29,-68.0,-72.0,-70.0,-64.0,1.7095997501776086,1.0756829885321944,0.5264009536972802,0.06251797290571913,0.24513139490564326,0.2576048425032474,0.10419291527701485,0.21793496082715869,-1.5266835689544678,4.415899276733398,1.4989838600158691
1755131541.170186,72828ff7-3ccc-0c5d-596b-8331ba7d4f39,948cf5cb-27f9-a1fa-9abf-19e93c5742e6,5,-64.0,-73.0,-66.0,-61.0,1.705652945442111,1.022610449064659,0.5903407883089927,0.017853565631782205,0.39243932362390055,0.24516540014381222,0.10882482652531358,0.2742911113397342,-1.5030415058135986,4.447897911071777,1.5306824445724487
1755131542.170589,72828ff7-3ccc-0c5d-596b-8331ba7d4f39,7a46da8f-7aed-5fc3-8c9c-8249d35b8356,31,-69.0,-72.0,-70.0,-65.0,1.664618426733952,0.84800668378023,0.5100986794004692,0.013048690393061243,0.5219815044473209,0.2710517753478163,0.17240510942273007,0.2681393423797057,-1.4641281366348267,4.49188995361328,1.5221376419067383
1755131543.18878,72828ff7-3ccc-0c5d-596b-8331ba7d4f39,6ad3b49a-9ac1-af51-7d79-d026880edf60,24,-69.0,-78.0,-72.0,-67.0,1.686291231685017,0.8821087278548038,0.5249396772071537,0.06600165392765178,0.3479520165624539,0.2524694523284908,0.12162959632965878,0.3062452827056453,-1.4300336837768555,4.525381565093994,1.5347108840942383
1755131544.170151,72828ff7-3ccc-0c5d-596b-8331ba7d4f39,d216ffe8-c90d-866f-092a-396bfcaede14,35,-73.0,-73.0,-74.0,-68.0,1.6808855473043742,0.8668317705776732,0.453998392089623,-0.0010037454148508647,0.5465959372699465,0.2953180331474276,0.06130931805093268,0.32434302691987416,-1.3972169160842896,4.56045961380005,1.541094422340393
1755131545.188457,72828ff7-3ccc-0c5d-596b-8331ba7d4f39,0448ff09-f97d-c06e-43fb-fe5b0b19c97f,15,-71.0,-75.0,-78.0,NaN,1.6624490157099734,0.8446977061258066,0.4642081527606598,NaN,0.45350287767930014,0.23251645023037185,0.09699843552643621,NaN,-1.3943359851837158,4.6373772621154785,1.5096575021743774
1755131546.188599,72828ff7-3ccc-0c5d-596b-8331ba7d4f39,faf63901-88d8-3d49-286f-8db15683292d,13,-71.0,-88.0,-74.0,NaN,1.6872867213004885,0.9028686011841894,0.5372714446347657,NaN,0.38524253025212496,0.18891244712347724,0.1066948302854682,NaN,-1.3776819705963135,4.686730861663818,1.4833317995071411
1755131547.189755,72828ff7-3ccc-0c5d-596b-8331ba7d4f39,f71e05ac-8b39-7a47-0967-e090a9e673fe,29,-70.0,-80.0,-79.0,NaN,1.6476333179336446,0.8672091405041374,0.8250140161929219,NaN,0.39613232910751345,0.13253933560370923,0.06541824271778868,NaN,-1.3385181427001953,4.741666793823242,1.4435029029846191
1755131548.189126,72828ff7-3ccc-0c5d-596b-8331ba7d4f39,38bfbdf2-4c83-b50d-eda3-518f43a4d134,9,-72.0,-74.0,-72.0,NaN,1.7319607159543497,0.8656360112482276,0.5735988261162095,NaN,0.3086688258766447,0.10673704138874594,0.1016740975180179,NaN,-1.32908821105957,4.78262710571289,1.4458210468292236
1755131549.192672,72828ff7-3ccc-0c5d-596b-8331ba7d4f39,7ca3a26d-a924-6915-2312-3a2d359deffd,12,-69.0,-70.0,-77.0,NaN,1.7053573345611122,0.8968176328714205,0.5417266468223593,NaN,0.3098734402167148,0.10510145268289538,0.10004507516873005,NaN,-1.3281753063201904,4.79492998123169,1.4234341382980347
1755131550.189997,72828ff7-3ccc-0c5d-596b-8331ba7d4f39,8e5ffa87-72e3-9a03-fc56-50762dd9f223,19,NaN,NaN,-72.0,NaN,NaN,NaN,0.5099463465861166,NaN,NaN,NaN,0.11269030497902272,NaN,NaN,NaN,NaN
1755131551.190088,72828ff7-3ccc-0c5d-596b-8331ba7d4f39,9613b5e4-8f54-7822-ccb5-e31dac8d684f,27,-73.0,-80.0,-83.0,-69.0,1.6887296219790935,0.8755443020838674,0.5178447497470736,0.19273376703736148,0.34601420068477134,0.1180174261075082,0.1496043725262326,0.20839180602172555,-1.322896122932434,4.814345359802246,1.3933360576629639
1755131552.170074,72828ff7-3ccc-0c5d-596b-8331ba7d4f39,a39afa01-2d8e-b34f-8be4-0e32dff6117b,17,-80.0,-83.0,-73.0,-63.0,1.6598039641153068,0.889849738195337,0.47222639817067036,0.12997983805906133,0.40528647930147005,0.12074607599326816,0.21713839270035917,0.16345946809736983,-1.3072785139083862,4.80687427520752,1.3622440099716187
1755131554.170732,72828ff7-3ccc-0c5d-596b-8331ba7d4f39,bc232fe3-b345-8abe-354f-c27cebd376b8,0,-67.0,-62.0,-81.0,-65.0,1.744503672056405,0.9073720065875135,0.5637123732015084,0.0969704889797472,0.31349873482961244,0.0874310875669754,0.19459148834525988,0.16482327289159943,-1.336901068687439,4.7852630615234375,1.3712393045425415
1755131555.189295,72828ff7-3ccc-0c5d-596b-8331ba7d4f39,03987f95-3260-b07c-f715-5adbe3e04909,13,-66.0,-79.0,-84.0,-69.0,1.5643578685435209,0.9573590076160826,0.65532351680358,0.0844070265372984,0.13125786409905515,0.08213416002734869,0.09611691256086317,0.19940237234119035,-1.372970461845398,4.772562503814697,1.3895537853240967
1755131556.150983,72828ff7-3ccc-0c5d-596b-8331ba7d4f39,a18ae580-0498-d402-dca0-c1a696229914,18,-77.0,-79.0,NaN,-64.0,1.6393780511866172,0.9547674855593266,NaN,0.10448752747260487,0.1365847605233237,0.14089705082892084,NaN,0.20177371755482415,-1.3802006244659424,4.752231121063232,1.3850619792938232
1755131557.189472,72828ff7-3ccc-0c5d-596b-8331ba7d4f39,56e25eda-4019-773b-95a8-812e4c939761,22,-69.0,-85.0,NaN,-67.0,1.6111762405071142,0.8668466842797776,NaN,0.06801873213727778,0.18520093267028828,0.08080609984837503,NaN,0.18386966837562813,-1.3787527084350586,4.69613218307495,1.4002361297607422
1755131558.189049,72828ff7-3ccc-0c5d-596b-8331ba7d4f39,263e4370-106e-7bd8-ed9e-5e9e360f7e72,2,-66.0,-63.0,NaN,-62.0,1.750144247245193,0.8732643698746506,NaN,0.04564631476784913,0.07264891233086795,0.0729863265186026,NaN,0.19670192699584998,-1.40336549282074,4.650719165802002,1.4274017810821533
1755131559.170523,72828ff7-3ccc-0c5d-596b-8331ba7d4f39,227831ae-cb3f-8c52-8a1a-7bcc14fba229,4,-62.0,-69.0,NaN,-79.0,1.6565618318042443,0.9022323719997695,NaN,0.06055815265952982,0.08295318193108892,0.10594257882368328,NaN,0.21212848734721573,-1.4189773797988892,4.601494789123535,1.466387152671814
1755131560.169852,72828ff7-3ccc-0c5d-596b-8331ba7d4f39,9d0324ac-858d-6b93-6cdc-658ffb453a40,15,-80.0,-77.0,NaN,-69.0,1.738828475773446,0.9910623764754715,NaN,0.022723688317210108,0.09710700927512741,0.11728524822243978,NaN,0.25580105020742305,-1.4236226081848145,4.556151866912842,1.4834517240524292
1755131561.169675,72828ff7-3ccc-0c5d-596b-8331ba7d4f39,d31b971e-3934-06aa-8110-75fd5e07ede8,9,-67.0,-68.0,-69.0,-67.0,1.7056902296973722,0.9940451168963602,0.5887151947796083,-0.0071441959402465645,0.13196902797864718,0.12620597234685094,0.30596408618404664,0.26716184574634894,-1.425084114074707,4.533062934875488,1.4871264696121216
1755131562.187891,72828ff7-3ccc-0c5d-596b-8331ba7d4f39,7c5065eb-5ec1-5c60-1411-4bc55f55d502,11,-76.0,-67.0,-70.0,-64.0,1.6718228101148347,0.9466578937239263,0.49273859751867866,0.04586469397723563,0.12573629059910182,0.14640055644535366,0.23680919959147054,0.21237326514090765,-1.420273780822754,4.50685691833496,1.4920324087142944
1755131563.189737,72828ff7-3ccc-0c5d-596b-8331ba7d4f39,11b6d3de-e660-e4ed-415c-8760c8ba7c3d,11,-67.0,-80.0,-74.0,-72.0,1.5682865637836056,0.9355964541362821,0.4836891761345894,0.028637770149949074,0.12084924019599512,0.1304900914015421,0.22613113868750018,0.18052217475393942,-1.399902105331421,4.502514362335205,1.5286518335342407
1755131565.190712,72828ff7-3ccc-0c5d-596b-8331ba7d4f39,c8da10ec-c293-e91c-8b49-99129cd29ff6,29,NaN,-74.0,NaN,NaN,NaN,0.8391375584019392,NaN,NaN,NaN,0.13879657406528334,NaN,NaN,NaN,NaN,NaN
1755131566.190155,72828ff7-3ccc-0c5d-596b-8331ba7d4f39,562286bb-79fc-5d7f-a8ef-47c6ffac9513,11,NaN,-68.0,-75.0,NaN,NaN,0.8901613280428764,0.4921383210089748,NaN,NaN,0.16187427139277064,0.21772062629367772,NaN,-1.3424221277236938,4.516430377960205,1.4985078573226929
1755131567.189214,72828ff7-3ccc-0c5d-596b-8331ba7d4f39,7ebf20be-1c35-5ac5-61bd-cb6b843aa11e,2,NaN,-72.0,-82.0,NaN,NaN,0.8989284543514172,0.4849041102238836,NaN,NaN,0.1569517510128954,0.21389164979165948,NaN,-1.2741483449935913,4.523889541625977,1.4374241828918457
1755131568.151221,72828ff7-3ccc-0c5d-596b-8331ba7d4f39,2c533f3a-dd9e-e257-b8a5-e0661cedbd3c,5,NaN,-63.0,-71.0,NaN,NaN,0.9475620369140082,0.4172446385176575,NaN,NaN,0.10523153977976732,0.1917475818409483,NaN,-1.238728404045105,4.533682823181152,1.3955283164978027
1755131569.191439,72828ff7-3ccc-0c5d-596b-8331ba7d4f39,24c3b3de-72ec-2614-592f-2b8599533c9b,20,NaN,NaN,-74.0,NaN,NaN,NaN,0.46016867001922757,NaN,NaN,NaN,0.15485081651844548,NaN,NaN,NaN,NaN
1755131570.189091,72828ff7-3ccc-0c5d-596b-8331ba7d4f39,14cd67e4-82aa-2d40-af8c-a57dbcbe4837,24,-75.0,NaN,-77.0,-64.0,1.665620840568258,NaN,0.4776033204115403,0.006870689296295427,0.1617143319245546,NaN,0.11031150291433668,0.31026569055576986,-1.2360678911209106,4.535622596740723,1.4138269424438477
1755131571.189503,72828ff7-3ccc-0c5d-596b-8331ba7d4f39,79c584f9-462c-c351-7e6f-5d7f11e09782,9,-69.0,NaN,-72.0,-73.0,1.6704070736793484,NaN,0.5222187255214198,0.0292638793222267,0.1930348706881086,NaN,0.10724255929791343,0.3290666424558341,-1.202204704284668,4.544116497039795,1.4256203174591064
1755131572.19022,72828ff7-3ccc-0c5d-596b-8331ba7d4f39,d87aefbc-b9ba-7453-50c6-7d07e20acac1,24,-87.0,NaN,-84.0,NaN,1.6578859554982317,NaN,0.5866760123329346,NaN,0.2536306072085221,NaN,0.14780340983906656,NaN,-1.1928839683532715,4.492339611053467,1.3730247020721436
1755131573.190303,72828ff7-3ccc-0c5d-596b-8331ba7d4f39,67481424-8c90-a61e-c494-7f939e79066e,16,-88.0,NaN,-75.0,-71.0,1.6398020264321578,NaN,0.47848003304239445,-0.020314060162906412,0.2116693084410156,NaN,0.20909358225847505,0.3926441872907549,-1.166835069656372,4.492913722991943,1.3446124792099
1755131574.171024,72828ff7-3ccc-0c5d-596b-8331ba7d4f39,70b0f119-1bbf-4500-cd79-2c994e73c095,3,-63.0,-75.0,-68.0,-62.0,1.5034801365531816,2.8514162191114134,0.4915686708518069,-0.030897462334881304,0.2745129193690242,0.6903743785955218,0.17285530016025116,0.39477727945536745,-1.1086626052856445,4.50791358947754,1.3539948463439941
1755131576.170272,72828ff7-3ccc-0c5d-596b-8331ba7d4f39,d8cfb38f-9ac6-65e4-06b5-f797b875c17c,12,-72.0,-69.0,-73.0,-65.0,1.5019397641786798,2.93619156082747,0.4939324926353612,0.07736003597683973,0.26271902725782426,0.5606849582533335,0.1315043646250772,0.4337329013270969,-1.0626888275146484,4.507286548614502,1.3137035369873047
1755131577.17056,72828ff7-3ccc-0c5d-596b-8331ba7d4f39,006f211b-e6ba-36b6-b28d-2d874d930128,26,-73.0,-72.0,-82.0,-67.0,1.698332980869919,2.430079100946631,0.5049342774145875,0.0565279909819129,0.2308082820624382,0.4634027462679926,0.1339049380316746,0.3691598668767045,-1.07674503326416,4.494102954864502,1.2792631387710571
1755131578.188977,72828ff7-3ccc-0c5d-596b-8331ba7d4f39,609c723d-afec-ef2b-4c51-df727895c725,33,-68.0,-74.0,-71.0,-67.0,1.6421168460516544,2.372105279808914,0.6641337863217802,0.08729895316501544,0.2691257439579574,0.5494273435618915,0.10646049707667643,0.40950955371054953,NaN,NaN,NaN
1755131579.190414,72828ff7-3ccc-0c5d-596b-8331ba7d4f39,9ccef983-ffac-1a07-a572-f2849692fd12,11,-73.0,-68.0,-79.0,-65.0,1.6181553204597756,2.064529348664611,0.5906174907462519,0.06109371435474475,0.26298792330413817,0.5108883732427049,0.08997566308714045,0.3843441794374139,-1.0916736125946045,4.48085594177246,1.3184698820114136
1755131580.170783,72828ff7-3ccc-0c5d-596b-8331ba7d4f39,68f5aa5e-aa3c-36ba-d951-ec147126f79d,1,-68.0,-62.0,-67.0,-62.0,1.668142854120563,2.2042739331765566,0.5254392862276526,0.1259560679680606,0.2655374506394551,0.5074981025960068,0.07891201806921863,0.2903430152045642,-1.1178697347640991,4.469770431518555,1.378296971321106
1755131581.190286,72828ff7-3ccc-0c5d-596b-8331ba7d4f39,8a32e929-8b60-0a88-9691-eeb957bfddd7,5,-69.0,-63.0,-66.0,-60.0,1.6678973106680577,1.7479412803914793,0.6006389659282201,0.14641873251979343,0.23278143475883475,0.5337433886911696,0.07448958940778985,0.3434268731067321,-1.156680941581726,4.45616340637207,1.4413660764694214
1755131582.170537,72828ff7-3ccc-0c5d-596b-8331ba7d4f39,8688475c-dcf2-4402-d1fc-45eb719a239d,0,-75.0,-64.0,-73.0,-62.0,1.6977827717887088,1.369823005660939,0.5292766350423478,0.1649372894757684,0.28641412022739754,0.6675871738863133,0.09386890499521368,0.2675321416511676,-1.1856204271316528,4.43988037109375,1.436617374420166
1755131583.170092,72828ff7-3ccc-0c5d-596b-8331ba7d4f39,0f26fd81-b991-2e5c-d61d-29d73a7f16ff,10,-75.0,-68.0,-90.0,-60.0,1.7174598038188682,1.4233349667083373,0.49705105427184393,0.14624509441672026,0.30365026524995853,0.7021847656607234,0.11041710557393672,0.21837689576530053,-1.210640788078308,4.427154541015625,1.424499750137329
1755131584.189706,72828ff7-3ccc-0c5d-596b-8331ba7d4f39,8a9a6d3a-c6c3-9c05-e9d2-59f8419bc3dd,2,-73.0,-63.0,-68.0,-61.0,1.794856591418751,1.13211350781821,0.4281771811085417,0.1605960705828303,0.28087035094423407,0.4722043272231363,0.11848082445956039,0.1831132640470184,-1.2605072259902954,4.4631609916687,1.47355055809021
1755131585.190496,72828ff7-3ccc-0c5d-596b-8331ba7d4f39,ee60e68d-50c5-5507-dab6-45a649c69ed5,29,-77.0,-71.0,-77.0,-63.0,1.7724471561101705,1.5628372035610858,0.41935732421041727,0.15951216401916804,0.39600493013886673,0.5272800298836017,0.18513719989645133,0.20325475137128765,-1.3152244091033936,4.433637619018555,1.462740421295166
1755131586.190405,72828ff7-3ccc-0c5d-596b-8331ba7d4f39,400058c5-af54-f9db-540f-c8eb19ceef46,8,-84.0,-67.0,-69.0,-65.0,1.8841704922645204,1.4117086706534872,0.49847824230001747,0.14417235614031162,0.31570992419319155,0.4294710113451295,0.15475500929822994,0.25252095120607015,-1.420965313911438,4.394320487976074,1.4506478309631348
1755131587.189937,72828ff7-3ccc-0c5d-596b-8331ba7d4f39,4259ac33-e5e4-ef33-9a56-58e4a7dda356,33,-74.0,-69.0,-77.0,-64.0,1.6774005347018965,1.9041010572304555,0.5114627505108077,0.1220465474878243,0.41629835080332506,0.4928585729257868,0.1935272392393938,0.21595554970220046,-1.4955402612686157,4.382967948913574,1.4508837461471558
1755131588.170549,72828ff7-3ccc-0c5d-596b-8331ba7d4f39,67e7828c-f510-6cc7-079c-f8f4a38af213,3,-73.0,-63.0,-81.0,-60.0,1.7477218359176567,1.169243033419986,0.5066839742507696,0.1210718305288553,0.5089973624211805,0.4464263593202552,0.18729986979392063,0.2621465974262685,-1.527780294418335,4.374972343444824,1.4367730617523193
1755131589.189626,72828ff7-3ccc-0c5d-596b-8331ba7d4f39,bbeeee2f-288c-3341-a7eb-69783770bce5,18,-70.0,-73.0,-73.0,-68.0,1.6646615699436114,1.4276381023976872,0.5469230067413218,0.11271536366040467,0.49022044554995425,0.4123628645024604,0.10723873932622485,0.24420776070533334,-1.5559513568878174,4.369257926940918,1.4247583150863647
1755131590.188922,72828ff7-3ccc-0c5d-596b-8331ba7d4f39,69c51fc6-5962-f4e2-b579-754a7572f283,4,-69.0,-64.0,-72.0,-62.0,1.597159491057809,0.9919148543404058,0.734439108571,0.11189511004466027,0.4343418331103435,0.3143001465806445,0.06366783015706366,0.3358484820402618,-1.5696163177490234,4.366716384887695,1.4233040809631348
1755131591.170224,72828ff7-3ccc-0c5d-596b-8331ba7d4f39,07b0dd7c-e289-ba5a-58bc-7ff9102ee047,2,-64.0,-68.0,-72.0,-63.0,1.4687125685221973,0.9973213376693757,0.7168667727503302,0.06968746887632143,0.38975389184920556,0.3592797722591059,0.07860377381779875,0.21994732857060662,-1.5518603324890137,4.370388507843018,1.4010326862335205
1755131592.170372,72828ff7-3ccc-0c5d-596b-8331ba7d4f39,407e3599-8866-e104-f9f1-080221d225b0,13,NaN,-74.0,-76.0,-69.0,NaN,1.294844102014739,0.7486755688102367,0.04027072410752419,NaN,0.22840241562317426,0.12728431956173764,0.24413089521837092,-1.5440187454223633,4.38405466079712,1.403943419456482
1755131593.171054,72828ff7-3ccc-0c5d-596b-8331ba7d4f39,4e0844f5-acf3-d4c2-e2b7-602afa42e56b,30,-80.0,-73.0,-74.0,-70.0,1.4533194974215393,1.8242861193607809,0.5897295928388194,0.036414733165198464,0.40228469727878724,0.24049594664652174,0.11928981789732082,0.22994969557175346,-1.513885498046875,4.393793106079102,1.3887717723846436
1755131594.190523,72828ff7-3ccc-0c5d-596b-8331ba7d4f39,5e4d5d9b-4f00-38fb-dca8-f594749cef13,22,-75.0,-75.0,-75.0,-66.0,1.5752928079793864,2.4260609234939197,0.538323393265347,0.02157000693298778,0.4492821002466608,0.20106426808518385,0.17148385542264438,0.255978716341645,NaN,NaN,NaN
1755131595.170529,72828ff7-3ccc-0c5d-596b-8331ba7d4f39,a89bc980-9be9-4300-e90c-0417b8273cfd,9,-73.0,-68.0,-75.0,-70.0,1.6835886558108046,2.243137442964083,0.5475294085215329,0.014896657873467226,0.1968236334576666,0.211332917905825,0.1436779402839384,0.25341682195201604,-1.46081006526947,4.409160614013672,1.3799729347229004
1755131596.190146,72828ff7-3ccc-0c5d-596b-8331ba7d4f39,cbb18b69-bab4-03e6-e94d-3cf0638999bd,27,-81.0,-67.0,-72.0,-62.0,1.646537160828968,1.9713815611135632,0.6613832735479465,0.05052735641374636,0.24045957785288535,0.2634971030598045,0.048175722753368344,0.23697756130663403,-1.4088284969329834,4.43555736541748,1.43003785610199
1755131597.171064,72828ff7-3ccc-0c5d-596b-8331ba7d4f39,7046dbd4-f9f8-6f64-e189-7d5237744a27,4,-66.0,-66.0,-72.0,-64.0,1.6228552671515477,2.197050907668044,0.6655282174685457,0.11150868537048976,0.21371726267452976,0.325104857439205,0.07959642550223378,0.32818110810386913,-1.3404055833816528,4.440782070159912,1.4800012111663818
1755131598.19034,72828ff7-3ccc-0c5d-596b-8331ba7d4f39,9f5ac16a-f90f-ebb2-b92d-0b1ed942bc1b,31,-73.0,-71.0,-78.0,-67.0,1.5949927431949205,1.79072549593582,0.6161127308099075,0.07152824582178421,0.25912464195832835,0.29823868862540387,0.09818752030839979,0.25536116257436925,-1.29687774181366,4.448070526123047,1.5381405353546143
1755131599.190278,72828ff7-3ccc-0c5d-596b-8331ba7d4f39,0d003956-b6b3-f831-ca5a-1abb94f10f50,4,-63.0,-82.0,-80.0,-60.0,1.5345325948635056,0.8773299515947656,0.576504068549377,0.0710206473180151,0.2143759456358904,0.14491411308292595,0.13792529594752867,0.20387516803673525,-1.2402945756912231,4.451372146606445,1.5868337154388428
1755131600.190453,72828ff7-3ccc-0c5d-596b-8331ba7d4f39,612b6228-a975-fe4d-4a8d-f4c6748961c4,4,-69.0,-65.0,-86.0,-63.0,1.571310316885282,0.901976974851231,0.6726042364848863,0.16080459609618353,0.18437257305797597,0.1457740477989125,0.18353377718314187,0.29803768654213014,-1.2037690877914429,4.4444732666015625,1.596306324005127
1755131601.169346,72828ff7-3ccc-0c5d-596b-8331ba7d4f39,8cab5a3b-4cb9-fe57-0386-57da3e58b464,31,-78.0,-70.0,-75.0,-63.0,1.5469157613001558,0.9106104104730497,0.5902731440173046,0.07224117404559842,0.1431932616103008,0.18210251118954923,0.1889177568009006,0.23083586242447734,-1.1633278131484985,4.448241233825684,1.5893924236297607
1755131602.171766,72828ff7-3ccc-0c5d-596b-8331ba7d4f39,ccb0f513-1254-36ca-47a2-b50897ff75bb,30,-68.0,-74.0,-78.0,-66.0,1.590608647408432,0.9421188019619952,0.5404691021556238,0.06749968204082134,0.16861633000841522,0.21905773289797928,0.1884419497826443,0.21786853160271802,-1.1483445167541504,4.4512763023376465,1.60017192363739
1755131603.189995,72828ff7-3ccc-0c5d-596b-8331ba7d4f39,a9416149-109e-a7fa-6591-895042b7552b,6,-76.0,-66.0,-78.0,-71.0,1.640688326442936,0.9088063851506301,0.5752750197063055,0.20527858735217974,0.1432522173389324,0.20261764001475663,0.23903004291400126,0.19382834289014086,-1.1288025379180908,4.439011096954346,1.58063018321991
1755131604.191839,72828ff7-3ccc-0c5d-596b-8331ba7d4f39,fb93b2b9-fdfa-0869-512e-9b7c49a25add,18,-75.0,-84.0,-69.0,-61.0,1.664783542721537,0.8601056909285691,0.5974687389665897,0.19785768897467396,0.18566615362321154,0.20599815683396233,0.2343582425060002,0.3749992803303804,-1.14655876159668,4.41914415359497,1.5663951635360718
1755131605.191248,72828ff7-3ccc-0c5d-596b-8331ba7d4f39,c0883156-5dab-55da-93c7-45d3950930b2,21,-71.0,-73.0,-69.0,-62.0,1.6440636168085025,0.8877756683383833,0.5823276029050533,0.17153846686974786,0.24505770856723214,0.2499591566849821,0.18076300774026663,0.40613929006154065,-1.1512190103530884,4.407296657562256,1.5587447881698608
1755131606.170874,72828ff7-3ccc-0c5d-596b-8331ba7d4f39,638d970b-ec4d-c2f8-6ccc-83cab76308ba,13,-76.0,-69.0,-73.0,-63.0,1.6895818335279187,0.8896508000619082,0.4937087871037945,0.15999765828588944,0.24097614788057667,0.315376729451309,0.1136194153043241,0.5002938856626926,-1.1658234596252441,4.379783630371094,1.502556562423706
1755131607.19092,72828ff7-3ccc-0c5d-596b-8331ba7d4f39,56959bf4-7432-12c0-4e3f-261d12b4fadd,17,-71.0,-74.0,-73.0,-66.0,1.5670375412323585,0.9061533440726931,0.4681251300919483,0.1762954052088474,0.21860479577558406,0.29834741217690636,0.10031826556230174,0.418640134928859,-1.156725287437439,4.359341621398926,1.23405647277832
1755131608.171185,72828ff7-3ccc-0c5d-596b-8331ba7d4f39,6cf2b1c1-2f3c-4b4f-931f-7ee4356eb448,11,NaN,-71.0,-68.0,-64.0,NaN,0.8526453777669302,0.5431868580480497,0.15408517434980457,NaN,0.33766535711494106,0.09358764189458767,0.413844247858817,-1.1475790739059448,4.3271050453186035,1.126130223274231
1755131609.17129,72828ff7-3ccc-0c5d-596b-8331ba7d4f39,97850eea-b72a-8807-9b42-678a57892907,4,-67.0,-62.0,-78.0,-67.0,1.5765918979591271,0.8801545002469037,0.5962868280748126,0.20721390651634033,0.2221859318486568,0.3181572027874063,0.11776118007637212,0.3115500665704878,-1.1533817052841187,4.300597190856934,1.1051790714263916
