create_time,idppe,idbeacon,bluetooth_channel,rssi_1,rssi_2,rssi_3,rssi_4,az_1,az_2,az_3,az_4,el_1,el_2,el_3,el_4,x,y,z
1755133399.215613,72828ff7-3ccc-0c5d-596b-8331ba7d4f39,b8438421-90dd-a280-25f1-d33e5af43eaf,22,-75.0,-82.0,NaN,-76.0,0.8676485620840005,-0.8996991731708862,NaN,-1.5320393434509734,0.2584458021964672,0.3803099564391346,NaN,0.9702285338468091,-3.366485834121704,5.440664291381836,0.448512852191925
1755133400.243167,72828ff7-3ccc-0c5d-596b-8331ba7d4f39,ed2c00a1-a59e-fc63-3ae0-61b33fa4c0bd,2,-76.0,-83.0,NaN,-81.0,0.8720411799859772,-0.9116984449364017,NaN,-1.6758702823395368,0.29863187107084044,0.3186208258436754,NaN,0.9732830464590753,-3.555393695831299,5.598645210266113,0.3463580906391144
1755133401.243828,72828ff7-3ccc-0c5d-596b-8331ba7d4f39,9a03372f-deb1-b8ad-7cb6-15aed85e3133,11,-75.0,-80.0,-52.0,-79.0,0.855602551841354,-0.9073075580891335,1.781920020107582,-1.5252337684433301,0.30121017719068705,0.3455876621466816,0.42233021093527273,0.9996538007310944,-3.8684005737304688,5.76923131942749,0.38125085830688477
1755133402.242157,72828ff7-3ccc-0c5d-596b-8331ba7d4f39,548b6ba6-f241-71a4-785f-24adb9864e9a,32,-75.0,-97.0,-58.0,-80.0,0.856808697499051,-0.943317224452531,1.7556804265192496,-1.5867308185451674,0.3820120159813179,0.2582573336150736,0.5057829269854549,1.0007854444572963,-4.010793209075928,6.03994083404541,0.335140734910965
1755133403.244082,72828ff7-3ccc-0c5d-596b-8331ba7d4f39,2d4559fc-67fb-48ec-c54f-84a0537226b5,10,-78.0,-94.0,-53.0,-78.0,0.8680054256700711,-0.9746755468140504,1.7524643931868698,-1.6491057797003494,0.3715355397271097,0.2737915688982626,0.5610996124350589,0.9357648990752299,-4.078439235687256,6.292613983154297,0.286383718252182
1755133404.242864,72828ff7-3ccc-0c5d-596b-8331ba7d4f39,8e7a0b22-d844-b312-9293-4330ffe3e499,13,-79.0,-89.0,-54.0,-81.0,0.8652000517777817,-1.0430335656742042,1.784296625064369,-1.640277134370628,0.3323423638861452,0.23491565876691062,0.6639053536792788,0.9038052349395703,-4.174267768859863,6.503314971923828,0.1667545586824417
1755133405.215621,72828ff7-3ccc-0c5d-596b-8331ba7d4f39,77a134f8-0407-1699-7f3e-e40616df6f63,4,-81.0,NaN,-53.0,-80.0,0.8566345267637598,NaN,1.7372881033989445,-1.5171729124558786,0.37558857130058765,NaN,0.6149721654940538,0.8813131084791426,-4.114032745361328,6.589179039001465,-0.640029788017273
1755133406.214991,72828ff7-3ccc-0c5d-596b-8331ba7d4f39,fc8b9368-839a-4a8f-6ccb-1ef51aaa002c,15,-78.0,-83.0,-55.0,-78.0,0.9006326111329588,-1.1040849357676168,1.7261656774223373,-1.2487630261989344,0.38523573919134524,0.18625191590497445,0.7137602619177801,0.8390623241011446,-3.7525458335876465,6.552016258239746,-1.4088280200958252
1755133407.215828,72828ff7-3ccc-0c5d-596b-8331ba7d4f39,f6be7189-9c48-a198-4775-b2453221cb15,19,-76.0,-91.0,-53.0,-91.0,0.9336371665223109,-1.0766222854486651,1.7266461116829876,-1.2705464854932917,0.3673846369835714,0.1766996564175646,0.7968638708385664,0.6651497156986182,-3.295382022857666,6.42185926437378,-2.0128047466278076
1755133408.24505,72828ff7-3ccc-0c5d-596b-8331ba7d4f39,a8ed7361-38a4-f2a6-0c54-bae0d8474c00,34,-72.0,NaN,-59.0,-84.0,0.9161737539902253,NaN,1.7491498228941573,-1.3589519820912355,0.4038227060978216,NaN,0.7581556233425917,0.7535990212964935,-2.8808066844940186,6.33853006362915,-2.697421073913574
1755133409.244273,72828ff7-3ccc-0c5d-596b-8331ba7d4f39,d155dfd4-931c-8b03-602b-88ee7fcfb455,23,-73.0,-82.0,-54.0,NaN,0.9428548996872932,-0.9153139524322934,1.7664374667942977,NaN,0.42285968064949414,0.19658559679048399,0.8125505554494056,NaN,-2.6465542316436768,6.348506450653076,-3.6881213188171387
1755133410.216003,72828ff7-3ccc-0c5d-596b-8331ba7d4f39,7de8ea48-9b40-cf75-bb80-5e602e12a5ba,7,-80.0,-87.0,-54.0,-83.0,0.9393605660210002,-0.8631137313798136,1.7624224851348942,-1.3660173484632157,0.4536068075408405,0.14765222551293408,0.745268253932562,0.6885863988186698,-2.185330867767334,6.19490098953247,-4.436368465423584
1755133411.244157,72828ff7-3ccc-0c5d-596b-8331ba7d4f39,1664d9aa-cc12-2aa8-c5de-8be60db29884,28,-75.0,-83.0,-56.0,-81.0,0.9477127718317067,-0.8839369879431432,1.7314398016451302,-1.5840321042545356,0.4733386341104283,0.10842213160135837,0.752014640184978,0.481157675070901,-1.8662165403366089,6.078199863433838,-5.192999839782715
1755133412.214768,72828ff7-3ccc-0c5d-596b-8331ba7d4f39,25e99e63-e03b-c344-653d-d9f43ab8b96d,25,-77.0,-81.0,-56.0,-87.0,0.8908369720114294,-0.8365963700897855,1.7224798624736675,-1.4629277831603815,0.38141959579682977,0.1363117116101849,0.8343023897058187,0.513445007889181,-1.4985175132751465,5.9333295822143555,-5.7746124267578125
1755133413.245076,72828ff7-3ccc-0c5d-596b-8331ba7d4f39,39d8d9af-40ea-090d-dce1-74235a3c04fa,2,-84.0,-94.0,-53.0,-79.0,1.0812146404323977,-0.8105629051698251,1.7365227109016554,-1.4676937762471873,0.4216112905990059,0.16366719466239604,0.7897515662523735,0.5449439451562567,-1.650225043296814,5.764130592346191,-6.27817153930664
1755133414.244656,72828ff7-3ccc-0c5d-596b-8331ba7d4f39,a54be37d-b7b8-4225-703e-8a5e34c7142c,8,-80.0,-87.0,-54.0,-80.0,1.0476870402049543,-0.8406805939375311,1.7073616295975058,-1.4487489803587452,0.4015900117084401,0.2050273513928444,0.6664165148501416,0.5417686914780688,-1.750909686088562,5.641932487487793,-6.3230180740356445
1755133415.244941,72828ff7-3ccc-0c5d-596b-8331ba7d4f39,23f2d9f1-e367-92b0-4edf-cfdebb6264ee,24,-75.0,NaN,-55.0,-81.0,1.0364951057238962,NaN,1.6905954326388029,-1.6347516077409314,0.4486848530826969,NaN,0.7483762295037117,0.536162204751234,-1.9060235023498535,5.677301406860352,-5.5656280517578125
1755133416.246503,72828ff7-3ccc-0c5d-596b-8331ba7d4f39,6a869383-9098-3916-3864-3679ab22dc21,27,-74.0,-95.0,-57.0,-82.0,1.0268225046447284,-0.8455387323980535,1.6820674581961514,-1.7878463524813355,0.5115410807363697,0.18687554500848694,0.7185620079422201,0.7453462845525013,NaN,NaN,NaN
1755133417.216559,72828ff7-3ccc-0c5d-596b-8331ba7d4f39,6e9fa136-0465-5fe0-5234-d817d7324280,35,-79.0,-88.0,-60.0,-88.0,0.9698218025693265,-0.8574023161060296,1.7072859958225475,-1.9117055805651224,0.47953471141309306,0.0914914428334511,0.8076561314190308,0.7698275926101364,-2.2992587089538574,5.821775913238525,-4.92342710494995
1755133418.242623,72828ff7-3ccc-0c5d-596b-8331ba7d4f39,fdbfb876-8f35-9b63-2ab9-914c0d29d52f,21,-76.0,-84.0,-56.0,-88.0,0.935084860890878,-0.8547524708214008,1.7467103673356446,-1.4951975724049804,0.5323091432861075,0.13012582922106813,0.8579079838180083,0.859916739649228,NaN,NaN,NaN
1755133419.21533,72828ff7-3ccc-0c5d-596b-8331ba7d4f39,cffc4c64-6065-af91-585d-8a2e637fef7e,12,-79.0,-81.0,-56.0,-81.0,0.9168448705849254,-0.8833870451780418,1.7392412657424083,-1.7881294465052109,0.464412051031619,0.10703079637936008,0.746662019289055,0.8401854457118583,-2.845782518386841,6.052180290222168,-4.453359127044678
1755133420.244509,72828ff7-3ccc-0c5d-596b-8331ba7d4f39,22ff8748-154a-d1d0-e7e9-8e453c00d322,30,-77.0,NaN,-57.0,-76.0,0.9201384019050263,NaN,1.7650472967052762,-1.9301208068708022,0.44969026297322906,NaN,0.7673635028115406,0.7734706638233103,-3.4115843772888184,6.259169578552246,-3.9139604568481445
1755133421.24309,72828ff7-3ccc-0c5d-596b-8331ba7d4f39,f8353feb-bdf1-89b6-3d6c-c39786cb75a2,31,-77.0,-92.0,-57.0,-82.0,0.9155766732738295,-0.8639712692508191,1.7474443345320705,-1.9690470341019999,0.45139635054656113,0.1412604391596622,0.8339320771562431,0.7611379642893169,-3.9023325443267822,6.006190299987793,-3.03019380569458
1755133422.245195,72828ff7-3ccc-0c5d-596b-8331ba7d4f39,d7b7340d-184d-bc5c-2b8e-a97d0a4b9118,33,-71.0,-91.0,-58.0,-85.0,0.9225208658162111,-0.9179556750755974,1.7291819736729612,-1.9318390784061212,0.5101874625333097,0.21828458394401568,0.6653741535994847,0.8975006671119985,NaN,NaN,NaN
1755133423.244742,72828ff7-3ccc-0c5d-596b-8331ba7d4f39,c58aa14e-525d-962d-401f-77edfe355e8e,24,-75.0,-92.0,-55.0,-80.0,0.9336587381271405,-0.9017860262010722,1.7475854820698447,-1.9787348151993813,0.46740561054443613,0.20471902391764046,0.7522715686511434,0.7672156307920139,-4.276880264282227,6.016100883483887,-2.2615432739257812
1755133424.215358,72828ff7-3ccc-0c5d-596b-8331ba7d4f39,2c7e26a6-58b7-1f73-b10e-2eb70068be14,34,-72.0,-93.0,-58.0,-81.0,0.9497985595974567,-0.8972139112416242,1.723431676247262,-1.9773192119219494,0.5435022429001423,0.2078683450647137,0.8230544622628416,0.7239580383639115,-4.509379863739014,6.00642728805542,-1.5444324016571045
1755133425.242998,72828ff7-3ccc-0c5d-596b-8331ba7d4f39,2be9058d-b7da-36e7-6c96-1bce243ecfdd,13,-73.0,-87.0,-55.0,-82.0,1.0367433123374916,-0.9259154640996807,1.7184547608021217,-2.0602320719296587,0.6269970701850612,0.23505469242056953,0.7365334184522384,0.6787062043325304,-4.883779048919678,6.080444812774658,-0.921768307685852
1755133426.244864,72828ff7-3ccc-0c5d-596b-8331ba7d4f39,adee82c2-b7c2-f3a1-297d-e95c225f76f3,17,-75.0,NaN,-55.0,-74.0,0.9564713760247593,NaN,1.7062702661827915,-2.012482392532865,0.5520625081710112,NaN,0.6914680722761901,0.7185251231611226,NaN,NaN,NaN
1755133427.245043,72828ff7-3ccc-0c5d-596b-8331ba7d4f39,8b90988f-4739-599c-c8a9-fb94cf5fbf8c,0,-96.0,-85.0,-55.0,-81.0,0.9999980808810144,-0.901609192304691,1.7458592210512553,-2.036408231766137,0.4942543356530973,0.29142469137081356,0.680922154096558,0.6408572257622697,-4.705296993255615,6.177717685699463,-0.3699614107608795
1755133428.216117,72828ff7-3ccc-0c5d-596b-8331ba7d4f39,1b1770a6-1752-6389-d477-bcf69d82ef45,14,-71.0,-87.0,-53.0,-79.0,0.961163333233261,-0.8899551993745042,1.7982111091278148,-2.0690838867608643,0.4055960051991645,0.31690991129086765,0.6852284190001889,0.5571795724685168,-4.549798965454102,6.269301891326904,-0.12903913855552673
1755133429.216193,72828ff7-3ccc-0c5d-596b-8331ba7d4f39,a630edb7-2d4f-6c6d-95f0-82fccf56b511,23,-78.0,-84.0,-56.0,-79.0,0.9381272561201844,-0.850556394207872,1.8138193636445512,-2.0069787038241076,0.36899072285797085,0.3838568875369567,0.714350817889505,0.6798943736528692,NaN,NaN,NaN
1755133430.245224,72828ff7-3ccc-0c5d-596b-8331ba7d4f39,ba2bd5a8-5f39-bb2e-8770-0a44606efba7,32,-77.0,-89.0,-58.0,-79.0,0.9309444443441317,-0.8335941885929393,1.8026953397712904,-1.9424376605963096,0.33895153076339485,0.17645955580053713,0.7864417230705957,0.6863116597735787,-4.42929744720459,6.27155590057373,0.006468281149864197
1755133431.245017,72828ff7-3ccc-0c5d-596b-8331ba7d4f39,cbed3b43-6347-b0b4-a9f0-f8d21c78d60a,31,-75.0,-90.0,-58.0,-76.0,0.9664694153891348,-0.8480785891296623,1.7842135344383583,-1.9045877499196675,0.31712289759904677,0.19175069441047235,0.7451793043521533,0.6456101693597341,NaN,NaN,NaN
1755133432.24658,72828ff7-3ccc-0c5d-596b-8331ba7d4f39,3574c710-9bab-caf8-0286-027a1633c9b0,2,-92.0,-84.0,-54.0,-80.0,0.95266199040151,-0.8459320812910585,1.7448578724813855,-1.914331590557995,0.30819971005062724,0.15826886726426453,0.6523104163462645,0.6794483607493081,-4.430161952972412,6.30584192276001,0.11239445209503174
1755133433.243357,72828ff7-3ccc-0c5d-596b-8331ba7d4f39,3edd8d7f-e6d7-27d0-40c8-1edc7db871b0,32,-79.0,-85.0,-60.0,-82.0,0.9748956570781454,-0.8731855403063842,1.7402287658746098,-2.0412977955275227,0.4104677257812464,0.16690323499246495,0.7247379450891412,0.7097514055288838,-4.305171966552734,6.139554500579834,0.2543920576572418
1755133434.216764,72828ff7-3ccc-0c5d-596b-8331ba7d4f39,36d610e4-402b-1cab-fe34-5106b1ab0353,4,-80.0,NaN,-53.0,-85.0,0.9447420156357234,NaN,1.7330739172900027,-1.992082978057022,0.42519956727275143,NaN,0.7037754052008005,0.7788864016370682,NaN,NaN,NaN
1755133435.246166,72828ff7-3ccc-0c5d-596b-8331ba7d4f39,751f3b75-b353-ad83-840d-385ebb8bfc25,21,-74.0,-82.0,-56.0,-77.0,0.8945254501211892,-0.8953355837247914,1.7689898403830293,-1.899620288696397,0.442729558832089,0.14756840251762388,0.7109339822109335,0.7538526873903234,-4.18811321258545,6.02451515197754,0.379989892244339
1755133436.244619,72828ff7-3ccc-0c5d-596b-8331ba7d4f39,4228251e-0b87-b9a7-2158-7adb81ba35e1,0,-72.0,-79.0,-53.0,-74.0,0.9110927089464631,-0.906318193744169,1.7652427727292879,-1.9971598952010943,0.38605985439067025,0.1551334444891302,0.860278197188179,0.5524368487517355,-4.030296802520752,6.379348278045654,0.461226373910904
1755133437.245667,72828ff7-3ccc-0c5d-596b-8331ba7d4f39,72be2a4b-70d1-e90c-3bb8-f94fab4d9a49,20,-89.0,-84.0,-55.0,-78.0,0.9266524939313601,-0.9438707624851037,1.8049574288012038,-2.0072452862492245,0.39156184533423305,0.16415997933260157,0.8211481049755357,0.5478662651099142,-4.09202527999878,6.511547088623047,0.4046356976032257
1755133438.216109,72828ff7-3ccc-0c5d-596b-8331ba7d4f39,7745ffdf-216d-0b39-bc0c-3aef9a892f73,20,-71.0,-85.0,-53.0,-81.0,0.9055586602012784,-0.9471238137566357,1.8160132757505585,-2.0232516833489274,0.37708290427774477,0.22133177286328432,0.7385670748396502,0.48076106380556094,-4.179510116577148,6.61189603805542,0.33356600999832153
1755133439.217083,72828ff7-3ccc-0c5d-596b-8331ba7d4f39,8a40540d-9d67-2145-6a21-768463f1e65a,25,-76.0,-84.0,-57.0,-89.0,0.9164800175155844,-0.9225470979529485,1.8157996902311342,-1.9907700396396129,0.45471927650719385,0.26300721457728443,0.7286426053003879,0.5126487893022745,-4.10301685333252,6.606729984283447,0.1827944964170456
1755133440.216868,72828ff7-3ccc-0c5d-596b-8331ba7d4f39,cb1c24d6-1cc3-2b06-dd05-26bfb4f17567,25,-75.0,-92.0,-57.0,-75.0,0.9430700831033715,-0.9411840324193774,1.7474118439667714,-2.057973711325272,0.4068940964934964,0.28326682974065553,0.7441850131591723,0.37717634794249294,-4.1021599769592285,6.624616622924805,0.0312778651714325
1755133441.244962,72828ff7-3ccc-0c5d-596b-8331ba7d4f39,dc34ae34-a7f1-8fdb-60d9-e3bf8c81adba,6,-70.0,-92.0,-57.0,-87.0,0.8852701663848368,-0.9799418147116277,1.7255206598063202,-2.1728612823287996,0.41406545667686173,0.16609067125436813,0.8777482676229897,0.2893280179341078,-4.0654120445251465,6.615960121154785,-0.11691886186599731
1755133442.214729,72828ff7-3ccc-0c5d-596b-8331ba7d4f39,b1502c58-6534-67df-bff9-7f74d18d1657,27,-74.0,-87.0,-57.0,-80.0,0.9029535560229629,-1.0220296136309128,1.7383086267286627,-2.175547213446199,0.41411808739790446,0.25097295553294796,0.6810219560584088,0.3094534597128093,-4.09609031677246,6.590587615966797,-0.15883055329322815
1755133443.244493,72828ff7-3ccc-0c5d-596b-8331ba7d4f39,235c0dad-67f4-a4fa-0a06-7949f984bf77,9,-76.0,NaN,-55.0,-85.0,0.8922218157782708,NaN,1.7254412976058358,-2.101014389282587,0.3971905028771428,NaN,0.6968316121325824,0.3235472743861585,-4.124393463134766,6.546399116516113,-0.16080613434314728
1755133444.246631,72828ff7-3ccc-0c5d-596b-8331ba7d4f39,e9aac8f8-5abf-5dee-2680-12796248ec2e,27,-77.0,-89.0,-57.0,-76.0,0.8854738982082279,-1.0344588527544216,1.6822379005059163,-2.1014997503912545,0.4323857080001667,0.28204453866885004,0.7718005955037217,0.42811223326745745,-4.192988872528076,6.65290117263794,-0.23362308740615845
1755133445.243829,72828ff7-3ccc-0c5d-596b-8331ba7d4f39,7a709d84-c013-4259-cdbc-900f2f749458,22,-74.0,-88.0,-57.0,-79.0,0.9071688073963404,-0.8476516844069225,1.700114103006964,-2.1224264707629334,0.5310100533063667,0.33711388303221296,0.7720199733985169,0.5562586513635673,NaN,NaN,NaN
1755133446.244263,72828ff7-3ccc-0c5d-596b-8331ba7d4f39,68cc9870-651e-e964-8f1b-6790e4cbf2db,7,-87.0,-87.0,-55.0,-86.0,0.898079172279791,-0.8636253246252178,1.6462410173157513,-1.93938541167097,0.6357868333628679,0.32043057696243876,0.6718803893006028,0.7285035217124587,-4.064496994018555,6.53380823135376,-0.29902058839797974
1755133447.246106,72828ff7-3ccc-0c5d-596b-8331ba7d4f39,6b89d7f3-9baf-a22f-e032-fd263dd055b3,4,-75.0,-84.0,-53.0,NaN,0.9392697522278285,-0.8799281315542468,1.6648831449463057,NaN,0.48585642334018225,0.33663314916594,0.8395124649043951,NaN,-3.564924955368042,6.306819915771484,-0.3967978358268738
1755133448.243767,72828ff7-3ccc-0c5d-596b-8331ba7d4f39,e057ec86-7d04-d0c8-5c21-151936e7bf86,27,-80.0,-92.0,-56.0,NaN,0.9169290264753717,-0.9092034624691608,1.6971340257471654,NaN,0.46913506735633365,0.20951536039611637,0.7514794113848993,NaN,-3.060642957687378,6.122222423553467,-0.4871755540370941
1755133449.245035,72828ff7-3ccc-0c5d-596b-8331ba7d4f39,df1ba714-5eb5-d214-5a44-f239e458b9eb,20,-75.0,-99.0,-57.0,NaN,0.9435712900205244,-0.8962567711458497,1.6890598539542632,NaN,0.5082416238828432,0.21453380450950488,0.6748984166059351,NaN,-2.98776388168335,6.063751697540283,-0.5613794326782227
1755133450.246968,72828ff7-3ccc-0c5d-596b-8331ba7d4f39,41e5f15e-ae5a-bd7b-83f1-bc1036c29df0,21,-76.0,-81.0,-55.0,NaN,0.9224303183391485,-0.8985023485770044,1.7142666736718633,NaN,0.5148501915488477,0.26213939024656846,0.7270640831432709,NaN,-3.1596078872680664,6.095983505249023,-0.40701615810394287
1755133451.243135,72828ff7-3ccc-0c5d-596b-8331ba7d4f39,fc26cbd2-56fd-0784-acef-4a086e26cd9c,14,-73.0,-90.0,-52.0,NaN,0.8825263115137282,-0.898419257950994,1.7784531170005171,NaN,0.44266131532915565,0.3182985500622622,0.7619993637439031,NaN,-3.0692319869995117,6.00913953781128,-0.5052179098129272
1755133452.245867,72828ff7-3ccc-0c5d-596b-8331ba7d4f39,d301ab86-9cce-14cd-6985-f532582bae5d,24,-77.0,-89.0,-56.0,-91.0,0.8957499715904076,-0.9305556228249802,1.7988944762635293,-2.1224661518631756,0.4208204982028205,0.23102546284933417,0.7464405108653877,0.6537200940902707,-3.233515739440918,5.803256034851074,-0.5866844654083252
1755133453.217053,72828ff7-3ccc-0c5d-596b-8331ba7d4f39,2148f5f7-d7ee-fe76-b6db-958640c7230e,10,-77.0,-90.0,-53.0,-81.0,0.894819463105534,-0.9309255359003923,1.8439423787344376,-2.1158396744388406,0.3316772061143843,0.2388282085928869,0.809822546386783,0.4207058824074062,-3.1455471515655518,5.6543231010437,-0.7435319423675537
1755133454.247234,72828ff7-3ccc-0c5d-596b-8331ba7d4f39,22db5dc5-11b2-658a-b892-7c51883c69d6,30,-78.0,NaN,-57.0,NaN,0.8982432230029398,NaN,1.8567404656689226,NaN,0.3031937661496053,NaN,0.7500923039311316,NaN,NaN,NaN,NaN
1755133455.245966,72828ff7-3ccc-0c5d-596b-8331ba7d4f39,df7de83f-f497-168a-db88-8b2667c5d394,7,-74.0,-88.0,-54.0,-81.0,0.9268269309827604,-0.9288718392257774,1.8343613903967686,-2.153923277501137,0.2157972747096657,0.22135542506271555,0.8043131984607088,0.4015956376362429,-3.015509843826294,5.5368971824646,-0.9231680035591125
1755133456.244401,72828ff7-3ccc-0c5d-596b-8331ba7d4f39,5ca9e07c-a311-6b60-f57f-d438837360ff,13,-74.0,-80.0,-52.0,-79.0,0.9146062173726046,-0.9416110703001718,1.8481682827521753,-2.2027941477168542,0.22777023111465988,0.2553862295781296,0.7283936663174929,0.36720906808870785,-2.9203622341156,5.468114376068115,-1.02949857711792
1755133457.244313,72828ff7-3ccc-0c5d-596b-8331ba7d4f39,18d84a7c-1932-6809-e028-9e55b74369d7,17,-79.0,-83.0,-56.0,-77.0,0.9254335651004308,-0.9718419434142062,1.8197379728511434,-2.174197523405747,0.24133795495942073,0.1961460420525664,0.7150805240281869,0.3342208911400598,-2.9329214096069336,5.61282205581665,-1.2225022315979004
1755133458.245508,72828ff7-3ccc-0c5d-596b-8331ba7d4f39,5ccbcd38-224c-008b-47ca-985e9bf72594,30,-79.0,-96.0,-57.0,-75.0,0.9234465806111226,-0.9738395805478747,1.783225501673939,-2.135757456231543,0.23726821205010254,0.262151624142826,0.7443007275085363,0.3536478856333745,-2.9034574031829834,5.657254219055176,-1.5183600187301636
1755133459.244302,72828ff7-3ccc-0c5d-596b-8331ba7d4f39,49b564e9-a5f3-2d8b-9bd6-32d85af20743,20,-81.0,-85.0,-57.0,-77.0,0.8998879912921728,-1.051952092690716,1.7898312064417716,-2.1349671631780622,0.31592464155607924,0.2344813138378755,0.7359952601749608,0.3609144538257102,-3.596785306930542,5.612646579742432,-1.6430238485336304
1755133460.245581,72828ff7-3ccc-0c5d-596b-8331ba7d4f39,c721c894-3fbd-5807-58c6-853694647094,3,-73.0,-81.0,-53.0,NaN,0.9003082381121873,-1.0039941540966784,1.7859003806728146,NaN,0.3403857428789434,0.18253400986516932,0.594951319367165,NaN,-3.9410560131073,5.442494869232178,-1.9248857498168945
1755133461.24596,72828ff7-3ccc-0c5d-596b-8331ba7d4f39,1ee701b4-c330-5782-5430-72b9b9fba264,1,-83.0,NaN,-54.0,NaN,0.8812735605369549,NaN,1.716843015710406,NaN,0.3178875910165494,NaN,0.5869217555225216,NaN,-4.048832893371582,5.03218126296997,-2.3579514026641846
1755133462.210076,72828ff7-3ccc-0c5d-596b-8331ba7d4f39,faf47fa8-dd9f-0458-36fe-213943f1cdf3,4,-75.0,NaN,-54.0,NaN,0.8973630482626686,NaN,1.7008635165377124,NaN,0.26438283714885125,NaN,0.6846026427230475,NaN,-4.33571434020996,4.848063945770264,-2.344998836517334
1755133463.246309,72828ff7-3ccc-0c5d-596b-8331ba7d4f39,d0e7961c-0c3a-5e50-fb05-2a58a9ba10ed,35,-82.0,NaN,-60.0,NaN,0.9017716451311859,NaN,1.7022169350036906,NaN,0.317601201330825,NaN,0.7131327545859302,NaN,-4.38845682144165,4.742403984069824,-2.3209643363952637
1755133464.246495,72828ff7-3ccc-0c5d-596b-8331ba7d4f39,c5985c4a-041d-80cf-a3a2-9e8327c738ca,10,-71.0,NaN,-53.0,NaN,0.9017282356054175,NaN,1.6906923717024818,NaN,0.32202148281862486,NaN,0.7239619665265193,NaN,NaN,NaN,NaN
1755133465.2161,72828ff7-3ccc-0c5d-596b-8331ba7d4f39,3802b65e-e567-ecb0-8968-58eabae45d0c,33,-94.0,NaN,-58.0,-81.0,0.8971641101292398,NaN,1.7081525884412594,-1.6972516043092927,0.38939106944019586,NaN,0.815937430565714,0.5264304482063529,-4.580435752868652,4.55743408203125,-2.408991813659668
1755133466.215766,72828ff7-3ccc-0c5d-596b-8331ba7d4f39,03557b1c-21ae-f4b7-74da-2d577ff44beb,10,-71.0,-78.0,-52.0,-83.0,0.8914841201563187,0.9470656236868173,1.6966993978572646,-1.8231287095510322,0.2718362760259264,0.28770338980061855,0.7397895989380511,0.4981122240976996,NaN,NaN,NaN
1755133467.215427,72828ff7-3ccc-0c5d-596b-8331ba7d4f39,32805645-832b-5eaf-49bd-0691111833e5,27,-80.0,-87.0,-56.0,-82.0,0.9064388349415496,0.9680422783289355,1.7251185224817183,-1.5823468559167335,0.2519762681841217,0.3550953136858325,0.7887700582326248,0.43822498829578804,-4.814656734466553,4.31758165359497,-2.498227834701538
1755133468.247102,72828ff7-3ccc-0c5d-596b-8331ba7d4f39,5d381cf2-095f-af5f-9aa6-7dd24235cad4,28,-74.0,NaN,-57.0,-73.0,0.962379066270882,NaN,1.7244532648414164,-1.4198362388262455,0.2612176036142648,NaN,0.8467489393764129,0.45077250506121,-5.0716376304626465,4.02974271774292,-2.730759382247925
1755133469.246977,72828ff7-3ccc-0c5d-596b-8331ba7d4f39,170bca7f-ab31-98c2-d66e-feb1130e0808,35,-74.0,NaN,-60.0,-80.0,0.9943351351390698,NaN,1.7208516057831933,-1.9147944479554506,0.2819799903019292,NaN,0.8600916427538189,0.3732365340048569,-5.34420108795166,3.9953925609588623,-2.548150062561035
1755133470.215479,72828ff7-3ccc-0c5d-596b-8331ba7d4f39,3b587dc8-8688-6907-3575-7099831c41ea,8,-76.0,NaN,-57.0,-81.0,0.8547298339521351,NaN,1.7186816621269967,-1.9280729691505858,0.32197414513024875,NaN,0.7681866859044842,0.3535832373979128,-5.781991958618164,4.01366376876831,-2.20561933517456
1755133471.245878,72828ff7-3ccc-0c5d-596b-8331ba7d4f39,24e0e6cf-547b-3725-726d-797c8792fb41,14,-72.0,NaN,-53.0,-78.0,0.8899080614232099,NaN,1.7447268449557536,-2.0455806911925882,0.26290774551056995,NaN,0.7629609646345032,0.2973489265052084,-5.598936080932617,4.22351360321045,-1.8942254781723022
1755133472.215694,72828ff7-3ccc-0c5d-596b-8331ba7d4f39,1a6cde67-ae20-f6c2-452a-a0c0b2bf8997,7,-76.0,NaN,-55.0,-88.0,0.8962312047993849,NaN,1.715836873450574,-2.0837810738686846,0.3193523961951202,NaN,0.7192486374502699,0.288255729410701,-5.378221035003662,4.4882173538208,-1.4527883529663086
1755133473.247275,72828ff7-3ccc-0c5d-596b-8331ba7d4f39,7ff56df9-96e1-6142-c128-acea9c92603d,30,-76.0,-91.0,-59.0,-81.0,0.8950775234151626,1.035311330619356,1.6945965658605382,-1.9837861659969889,0.35398008168984824,0.21347571396365958,0.7223191290290768,0.34120250109575706,-5.115469455718994,4.873680591583252,-0.988763153553009
1755133474.248098,72828ff7-3ccc-0c5d-596b-8331ba7d4f39,1d6b81ed-0bd9-45ed-25a5-31297285d3c7,5,-73.0,NaN,-54.0,-80.0,0.8871884413180209,NaN,1.728348404251766,-1.9341415143265492,0.40402327541741817,NaN,0.6827422915435726,0.29870464194762686,NaN,NaN,NaN
1755133475.244455,72828ff7-3ccc-0c5d-596b-8331ba7d4f39,c4080842-3306-aaf5-1a70-52424ebb7845,15,-76.0,-84.0,-54.0,-81.0,0.8938684482802667,1.0384083206510093,1.7360593208719817,-1.8970480745575442,0.43059406637681585,0.1765572438782726,0.6632840381969632,0.35374132929812263,-4.903029441833496,5.145931243896484,-0.6940500140190125
1755133476.216596,72828ff7-3ccc-0c5d-596b-8331ba7d4f39,bb9c324f-1956-168a-a134-f14f2db60142,26,-75.0,NaN,-57.0,-93.0,0.9046894044214765,NaN,1.7853368557861538,-1.9254200612307033,0.3808625623653261,NaN,0.8950440341644548,0.4529966440455897,-4.63101625442505,5.43415117263794,-0.44512510299682617
1755133477.244744,72828ff7-3ccc-0c5d-596b-8331ba7d4f39,a9e55bc5-7950-761c-3ced-f55af1948861,31,-73.0,-82.0,-57.0,-84.0,0.9163812142391424,1.0391619952395017,1.7955314364389772,-1.8966451382846152,0.47421464766149624,0.1821521624991224,0.7044712226146109,0.49817527443650733,-4.4488844871521,5.76117181777954,-0.0928412824869156
1755133478.216746,72828ff7-3ccc-0c5d-596b-8331ba7d4f39,f971dd8f-79c4-02a8-0d71-e2c060e80b57,16,-93.0,-81.0,-54.0,-82.0,0.9276133624526607,1.0367145501977189,1.7774001031054998,-1.8964234301238663,0.3720474991571638,0.13287727410128347,0.6762919822253463,0.5152381475406449,-4.302414417266846,6.096164226531982,0.25880762934684753
1755133479.245418,72828ff7-3ccc-0c5d-596b-8331ba7d4f39,35d4d053-3722-caf4-fd6d-a7f2c59a7097,15,-69.0,-82.0,-54.0,-79.0,0.9380548181385344,1.0524189448298071,1.7099299821527782,-1.8942513559387977,0.2621117100159885,0.13014124226587695,0.7126375397812299,0.4930271510227887,-4.13753366470337,6.44803762435913,0.736530601978302
1755133480.247507,72828ff7-3ccc-0c5d-596b-8331ba7d4f39,ccc557da-9ca4-8f04-a3c5-d3d5375f993d,16,-73.0,NaN,-53.0,-80.0,0.9669905960144632,NaN,1.7276932666236067,-1.9072459841617302,0.19054726184813597,NaN,0.7412688517655356,0.5364317499430636,NaN,NaN,NaN
1755133481.247647,72828ff7-3ccc-0c5d-596b-8331ba7d4f39,2c951fd3-b694-5fd8-8ab7-2eae1f517cc4,36,-94.0,-84.0,-61.0,-82.0,0.9619910437000575,0.9389973108483133,1.741889513130383,-1.9381000369708432,0.2325731422720769,0.15335267189197826,0.7487160488588058,0.46163434072515275,-4.060619831085205,6.565454959869385,0.824091911315918
1755133482.247573,72828ff7-3ccc-0c5d-596b-8331ba7d4f39,b7d50bfd-f089-7df3-60c1-6b734d3f3738,35,-76.0,-85.0,-57.0,-86.0,0.9357088395342836,1.123705375624612,1.6873554308566125,-1.7802243854415287,0.32647259039604243,0.22952322361269092,0.746661752972946,0.5135390840546881,-4.113726615905762,6.72292709350586,0.9260920882225037
1755133483.24713,72828ff7-3ccc-0c5d-596b-8331ba7d4f39,16a8e657-32ed-b43c-8c50-f96925463d9f,34,-82.0,-95.0,-59.0,-82.0,0.977906094374371,0.943122813692955,1.681657331388279,-1.9128994756818047,0.4829036101920433,0.2294458421382673,0.8151693083283078,0.4488423124821479,-4.181176662445068,6.807690620422363,1.0074474811553955
1755133484.247017,72828ff7-3ccc-0c5d-596b-8331ba7d4f39,7f29e570-5e89-1359-e4db-5ce624ea7ce2,6,-78.0,-83.0,-54.0,-78.0,1.0436552806306834,0.957837045031752,1.6874310646315709,-1.7133022098830912,0.4182431907683826,0.29612899898887035,0.7156896555485152,0.4594694570750273,-4.12036943435669,6.687224864959717,1.101280927658081
1755133485.215594,72828ff7-3ccc-0c5d-596b-8331ba7d4f39,3ab5e89d-bf14-af36-c27e-47a9f3dc0ba3,31,-80.0,-93.0,-57.0,-84.0,1.0065265539772346,0.9879105253253627,1.7408961540437837,-1.682247354727786,0.3894546191217078,0.3626000683481623,0.8228227006689774,0.44736382531347674,-4.082193851470947,6.5896148681640625,1.1415916681289673
1755133486.247822,72828ff7-3ccc-0c5d-596b-8331ba7d4f39,76bebc16-46a5-5787-c4fe-59bf259832f1,9,-74.0,-86.0,-54.0,-76.0,0.9586399881004107,1.0089002294568223,1.7565587370467575,-1.646156062476978,0.26580957576859077,0.35426570571675925,0.7644002700456369,0.36280915978324707,-4.0847601890563965,6.579436779022217,1.1555824279785156
1755133487.244496,72828ff7-3ccc-0c5d-596b-8331ba7d4f39,b3dd937d-fa5a-6bcd-95c5-1c2c927d44a4,3,-69.0,-88.0,-53.0,-78.0,0.9407027992104001,1.0237284440902743,1.784268395556814,-1.6945753937298718,0.2247075459267983,0.48956723871358504,0.6407517645831026,0.428026379611816,-4.170551776885986,6.6670732498168945,1.1011238098144531
1755133488.245748,72828ff7-3ccc-0c5d-596b-8331ba7d4f39,387a18ae-2fe1-aff6-80b3-0d2f0d089a7c,25,-76.0,-81.0,-57.0,-80.0,0.9438700966948314,0.9955561944988711,1.8067966078500124,-1.761436849215456,0.21484993837565408,0.26096305534832365,0.7210956728242943,0.4639950665839398,-4.172152996063232,6.697607040405273,1.0314406156539917
1755133489.248019,72828ff7-3ccc-0c5d-596b-8331ba7d4f39,1e8b420f-c76f-937e-6bd4-fc5b5732a762,11,-73.0,-88.0,-52.0,-80.0,0.9018443494289449,0.9723289024195271,1.7800371652168963,-1.7057042112930951,0.21637717803703044,0.4810678266736244,0.7575126696764193,0.4429030637771077,-4.10222053527832,6.669440269470215,1.0185818672180176
1755133490.244867,72828ff7-3ccc-0c5d-596b-8331ba7d4f39,0ebf9210-cc6b-4da7-7bf9-5beafd52d0fd,2,-81.0,-87.0,-57.0,-82.0,0.9026635377802533,0.9449478779879864,1.7531355097815697,-1.9386746139760276,0.17164875502839078,0.48430176976433487,0.6958391185733371,0.4265934990768125,-4.0672807693481445,6.670917987823486,1.001731038093567
1755133491.248046,72828ff7-3ccc-0c5d-596b-8331ba7d4f39,fa9f28ce-8007-b4b2-cfe0-941cfb00e2b4,29,-72.0,-84.0,-57.0,-86.0,0.9202204272666007,0.9220329747045086,1.732906138141328,-1.7474603134986109,0.24224156551728465,0.3374451136927915,0.8137632924308005,0.5098508722610373,-4.048956871032715,6.665868282318115,0.992729365825653
1755133492.244629,72828ff7-3ccc-0c5d-596b-8331ba7d4f39,84582259-8270-9132-51bd-98c013774782,24,-77.0,-86.0,-57.0,-91.0,0.9344044232323627,0.9198869994981228,1.744842426147063,-1.8351638008332094,0.1951090737031168,0.26986127576152363,0.7800826935987318,0.48895784087714766,NaN,NaN,NaN
1755133493.215632,72828ff7-3ccc-0c5d-596b-8331ba7d4f39,c8eddd8f-1be5-b4d8-1ee1-968d48c67764,34,-70.0,-86.0,-57.0,-83.0,0.9353328011883644,0.9136615941339536,1.7369663935392625,-1.6902438953749124,0.24095316147141793,0.2513452987428547,0.7998116572701478,0.47973840994697053,-4.139408111572266,6.73553991317749,0.941076695919037
1755133494.247284,72828ff7-3ccc-0c5d-596b-8331ba7d4f39,52a8ca88-438b-21a4-79da-2272dfd054c3,32,-78.0,-86.0,-58.0,-83.0,0.9080223505257108,0.9107329158831934,1.72390731681795,-1.9791385504206371,0.30950186266562146,0.24687012284708554,0.8547924848167793,0.605555361037588,-4.182170867919922,6.771909713745117,0.9225285053253174
1755133495.216386,72828ff7-3ccc-0c5d-596b-8331ba7d4f39,926eaa07-9a46-0a56-1dc1-39b71574409c,9,-71.0,-83.0,-53.0,-84.0,0.8861974790764025,0.9534545471419176,1.687298971841503,-2.019755352311817,0.30418366312678774,0.23927868229127378,0.7121662934263404,0.5758975336111114,-4.31089210510254,6.984938144683838,0.854411542415619
1755133496.21611,72828ff7-3ccc-0c5d-596b-8331ba7d4f39,b72512ae-571e-69be-5956-3fa84a10d524,30,-76.0,-88.0,-59.0,-75.0,0.9097494104926271,0.9444221699888048,1.6671787898059545,-2.0443911902917042,0.32128012535017403,0.30065097994079765,0.6978753049637845,0.5178555022599749,-4.449559211730957,7.20452117919922,0.794968605041504
1755133497.24468,72828ff7-3ccc-0c5d-596b-8331ba7d4f39,5532b1eb-548b-e83b-ea3d-02f4dd240453,16,-70.0,-89.0,-55.0,NaN,0.9020989476291565,0.8951931046064721,1.674063593856027,NaN,0.3855947665958015,0.30687735070086203,0.760785761235154,NaN,-4.56317949295044,7.333689212799072,0.6416467428207397
1755133498.248065,72828ff7-3ccc-0c5d-596b-8331ba7d4f39,be4e8f23-370f-bedd-6d10-257ec203c6b1,28,-78.0,-88.0,-56.0,NaN,0.9175242429790045,0.950140775797532,1.7179620760004572,NaN,0.4958864539271523,0.24303179199173838,0.7020602628797622,NaN,-4.665663242340088,7.410620212554932,0.5742783546447754
1755133499.245292,72828ff7-3ccc-0c5d-596b-8331ba7d4f39,31f7af1e-c9f1-fe3b-4ae7-fd2bad7b7a00,28,-76.0,-92.0,-56.0,NaN,0.9217954207352737,0.9678654444325544,1.7538806622545737,NaN,0.5003286732044318,0.2718871091132333,0.7408939452630798,NaN,-4.760868072509766,7.4950852394104,0.4667206108570099
1755133500.248458,72828ff7-3ccc-0c5d-596b-8331ba7d4f39,85c1524f-8abd-a5f2-372c-6f0e02b4fed5,2,-73.0,-84.0,-54.0,NaN,0.9207269605059338,0.9489535385835747,1.7805777869181822,NaN,0.3522077146948869,0.2467787264874254,0.7341654687689944,NaN,NaN,NaN,NaN
1755133501.245648,72828ff7-3ccc-0c5d-596b-8331ba7d4f39,da7e3348-2131-dd04-6ae2-332138600c70,36,-74.0,-77.0,-62.0,NaN,0.9175862946324033,0.8900239089306282,1.7197799497605455,NaN,0.4477808430506695,0.31999951105049584,0.7597388726106439,NaN,-4.90783166885376,7.635980606079102,0.30242663621902466
1755133502.216543,72828ff7-3ccc-0c5d-596b-8331ba7d4f39,af384ed9-6aa5-a390-c684-146eaac57252,34,-79.0,-91.0,-58.0,-82.0,0.9089976001168978,0.9006443290417552,1.6789638102617728,-2.2876095700073162,0.6098884572892015,0.3885074991695348,0.7486041295139952,0.4262329403547294,-5.021328926086426,7.74030303955078,0.14931127429008484
1755133503.244776,72828ff7-3ccc-0c5d-596b-8331ba7d4f39,33ddb19e-426b-98bb-9f0a-f19d9dadc023,34,-75.0,-82.0,-61.0,-84.0,0.913979042935891,0.8759051604115732,1.6836429842970422,-2.2691448089053607,0.6087881722848353,0.2820885474058636,0.7973655438089101,0.18116772500217462,-5.06946897506714,7.7505645751953125,0.049263522028923035
1755133504.215504,72828ff7-3ccc-0c5d-596b-8331ba7d4f39,131fbad6-0465-4b39-035e-b31c2c7f23cf,11,-71.0,-81.0,-54.0,-74.0,0.9125941991690497,0.8751221910510899,1.672114159938089,-2.2484696240986395,0.46246884225272905,0.1674374817518917,0.7005565089702489,0.16966563212266322,-5.08839511871338,7.74609899520874,-0.02740982174873352
1755133505.245447,72828ff7-3ccc-0c5d-596b-8331ba7d4f39,49dd2660-c858-a491-3835-4295f7acf084,8,-72.0,-85.0,-57.0,-81.0,0.9217860996714582,0.8609152918999532,1.6260894099793397,-2.2219067227539715,0.4751325394207057,0.20832918844659506,0.7564440762890251,0.20519636225352353,NaN,NaN,NaN
1755133506.247691,72828ff7-3ccc-0c5d-596b-8331ba7d4f39,ff83cd33-4cf1-ec4f-9243-08d233674832,24,-78.0,-80.0,-57.0,-74.0,0.9488803016535974,0.8785134603831968,1.5874309635957495,-2.2582151957916756,0.5070859451278034,0.2157076094047141,0.7995834909437554,0.22115597094182546,-5.146013259887695,7.756049156188965,-0.12411180138587952
1755133507.248578,72828ff7-3ccc-0c5d-596b-8331ba7d4f39,d4cf8336-9715-d4b9-1b99-e1b7f5601dcb,6,-68.0,-85.0,-53.0,-95.0,0.9287489343414704,0.8825745147294586,1.5795932805076465,-2.306524405333495,0.48723341078180776,0.21894539743424835,0.7593141649958034,0.26590566594967213,-5.221810340881348,7.737578868865967,-0.16814054548740387
1755133508.216612,72828ff7-3ccc-0c5d-596b-8331ba7d4f39,74e9f33c-6576-b33a-a5df-34fb77e621cc,32,-81.0,-90.0,-57.0,-86.0,0.9181420963519029,0.9006922659413766,1.6767299507394144,-2.294232319006125,0.5169065846740659,0.1960978055473223,0.6907016810934925,0.2562177350494796,-5.30372714996338,7.703182220458984,-0.2121475785970688
1755133509.216541,72828ff7-3ccc-0c5d-596b-8331ba7d4f39,ed68ecf9-90d3-0015-bf42-09ee9422913a,33,-78.0,-82.0,-56.0,-84.0,0.940765383496017,0.8985612044370953,1.7205533317411041,-2.2559935868103316,0.5342171650490947,0.16215004172364833,0.6519081458636081,0.2479966066986754,-5.33622407913208,7.637765884399414,-0.15374137461185455
1755133510.215891,72828ff7-3ccc-0c5d-596b-8331ba7d4f39,8b5fd2e5-db6d-e8f5-2d34-e56346d438ce,17,-79.0,-88.0,-57.0,-84.0,0.9417883036707164,0.9315772114191345,1.7153377970622934,-2.161134718258908,0.48237014573618675,0.19763904344917846,0.6307326862461154,0.2190775900928572,-5.319565773010254,7.559063911437988,-0.09717324376106262
1755133511.216322,72828ff7-3ccc-0c5d-596b-8331ba7d4f39,89c2ce11-d67f-1079-0425-a990ecf6463e,12,-76.0,-96.0,-53.0,-84.0,0.9323202333632666,0.9394082366045126,1.7427401267825546,-2.2003028936751394,0.42860601662307174,0.11578753635964964,0.8377785472976718,0.16866679691107225,-5.32570457458496,7.45296287536621,-0.2541187107563019
1755133512.248835,72828ff7-3ccc-0c5d-596b-8331ba7d4f39,76a31016-7285-8543-8714-0d5098e50f88,26,-79.0,-87.0,-57.0,-88.0,0.9553778820811728,0.9076620248302231,1.7157734902166302,-2.2491295554167614,0.4119543355912423,0.15471827431994367,0.7818840557600615,0.18587601071710974,-5.3004469871521,7.2928853034973145,-0.3998662531375885
1755133513.249027,72828ff7-3ccc-0c5d-596b-8331ba7d4f39,2c3ac845-1008-2960-673a-7001c6c95555,15,-74.0,-85.0,-53.0,-79.0,0.9499700671716579,0.9375333711970969,1.6995069022784262,-2.282688580945068,0.4308425393065203,0.12070492183204803,0.7037182803954183,0.13585780909189452,-5.274696350097656,7.131431579589844,-0.5467348098754883
1755133514.247848,72828ff7-3ccc-0c5d-596b-8331ba7d4f39,223f78e5-2523-7d17-6323-1c03bcb9dc3a,22,-74.0,-81.0,-57.0,-81.0,0.9264010915244566,0.9236915914314099,1.709445819466602,-2.2797950564206966,0.4429256673568597,0.10884091368277334,0.6882726784422585,0.1973798845856001,-5.25717544555664,7.019414901733398,-0.7368387579917908
1755133515.214663,72828ff7-3ccc-0c5d-596b-8331ba7d4f39,8d079de6-28e4-9556-0960-1d74581d43c6,2,-71.0,-84.0,-53.0,-74.0,0.9445276311679719,0.8993305916760191,1.6808109787938519,-2.303557643879147,0.4220209846432009,0.09340303489677475,0.5862878566040557,0.1864473087052022,NaN,NaN,NaN
1755133516.248514,72828ff7-3ccc-0c5d-596b-8331ba7d4f39,857193b5-ab9d-fc7a-add9-69edad4be6e2,23,-72.0,-90.0,-57.0,-78.0,0.9737078872319701,0.8963031101488171,1.6706861729615885,-2.1679388285279515,0.4189248268493884,0.1168764696398694,0.7395845355341149,0.1528835560659608,-5.236897945404053,6.93926191329956,-0.9217129945755005
1755133517.24595,72828ff7-3ccc-0c5d-596b-8331ba7d4f39,5dcac598-7cf9-3246-ea94-8ac872441856,7,-73.0,-88.0,-56.0,-82.0,0.9561022618976742,0.9167468662568103,1.6240600812286994,-2.138216352866013,0.41038526765599487,0.1191025477384178,0.780367585256343,0.1672643762810365,-5.182794094085693,6.87340259552002,-1.216616153717041
1755133518.216052,72828ff7-3ccc-0c5d-596b-8331ba7d4f39,f4ba3fa4-f567-c42f-35df-b518567a6f13,28,-74.0,NaN,-57.0,-83.0,0.973701495645354,NaN,1.6410691584788175,-2.1558242418872355,0.39319755887575975,NaN,0.8045765185134903,0.18533274249949042,NaN,NaN,NaN
