create_time,idppe,idbeacon,bluetooth_channel,rssi_1,rssi_2,rssi_3,rssi_4,az_1,az_2,az_3,az_4,el_1,el_2,el_3,el_4,x,y,z
1751124782.05588,d500a44f-2051-d64b-3d63-8985cc792954,cb123ef3-d312-3a89-b5db-1c4cec61fc99,14,-77.0,-78.0,-49.0,-71.0,-2.9387439344162014,-1.4199434310601209,0.558790052558715,-1.955373832433315,0.3949785478547502,0.4189738623029596,0.5859954415163648,0.2238915866583117,-2.231710433959961,8.103941917419434,0.27802908420562744
1751124783.023421,d500a44f-2051-d64b-3d63-8985cc792954,1a866772-afc8-8ab5-9139-9c8106f45415,32,-72.0,-87.0,-52.0,-80.0,-2.950221093450007,-1.4970842888792473,0.5947786799495007,-1.9095596053587365,0.3290975684139926,0.2714611198521183,0.5928905653156619,0.2432716928716841,-2.34970211982727,8.10998058319092,0.0720728561282158
1751124784.040308,d500a44f-2051-d64b-3d63-8985cc792954,06b7ad83-4283-62e2-3227-6dc7dec3978a,8,-67.0,-75.0,-50.0,-70.0,-2.9417264085209816,-1.4783845038110923,0.5933488287602372,-1.8559264704817398,0.2680793047418812,0.27265311746652415,0.6249462364086186,0.2912954281894038,-2.3852953910827637,8.011462211608887,-0.06264933198690414
1751124785.040199,d500a44f-2051-d64b-3d63-8985cc792954,a72d47c1-eadf-c37c-beaa-a53a55bf20dd,15,,-76.0,-52.0,-73.0,,-1.4904757877922703,0.5970639384808977,-1.8049238729714687,,0.3324703953555508,0.8063767488313567,0.2538731213152875,-2.393834352493286,7.851701736450195,-0.16956917941570282
1751124786.05483,d500a44f-2051-d64b-3d63-8985cc792954,fba4cd5e-b98b-2c7a-09f7-f474d5da31d3,12,,-73.0,-54.0,-66.0,,-1.456120743414139,0.7422759927107763,-1.8272699250461055,,0.33820837566120815,0.9990056539007963,0.2821688084232159,-2.3729426860809326,7.675752639770508,-0.2847674489021301
1751124787.055378,d500a44f-2051-d64b-3d63-8985cc792954,6a77e110-c555-1ffd-c2c6-7d25318c5529,12,,-72.0,-57.0,-73.0,,-1.4235327064192755,0.8705791045475237,-1.713263327731176,,0.40421002958886,1.0734758271997638,0.2211546393612804,-2.304610252380371,7.496557712554932,-0.360223650932312
1751124788.055007,d500a44f-2051-d64b-3d63-8985cc792954,7143e4ff-9b84-ac47-53db-4f1c08724bb6,9,,-75.0,-57.0,-68.0,,-1.4955219454257525,0.8538624423850963,-1.6278383078671945,,0.4319999824057823,1.145666467763678,0.19638970464755182,-2.1992383003234863,7.317505359649658,-0.4972515404224396
1751124789.040767,d500a44f-2051-d64b-3d63-8985cc792954,646af8de-8ef0-fcd7-c54d-a8716c284bcc,7,,-74.0,-49.0,-81.0,,-1.5278942663723196,1.0555457622656692,-1.618118302520624,,0.4103443548437485,1.31751519290042,0.24494429119430836,-2.060981035232544,7.079957008361816,-0.573535919189453
1751124790.039684,d500a44f-2051-d64b-3d63-8985cc792954,5ace43a0-4e22-ba80-4a37-fd1ca9ade682,21,-77.0,-76.0,-52.0,-70.0,-2.8805440109019367,-1.1416546818975826,1.098996833346966,-1.6354212595970319,0.310945062949849,0.5174324258313021,1.4557714698371753,0.28689621896372913,,,
1751124791.039893,d500a44f-2051-d64b-3d63-8985cc792954,5977f4e5-4d99-9d8f-41ac-70ec38032e25,7,-67.0,-86.0,-55.0,-69.0,-2.9105106984358358,-1.0914138816171288,1.1748764180738305,-1.7789660418264666,0.31847981146395576,0.36750048449098976,1.5164606500223365,0.28232936374743406,-1.9631563425064087,6.830071926116943,-0.409983515739441
1751124792.039944,d500a44f-2051-d64b-3d63-8985cc792954,e67e5a6a-ff7a-c018-6bd1-e5819b940842,36,-77.0,-79.0,-60.0,-75.0,-2.95667899277734,-1.129411331418161,1.1586993123482532,-1.4511697937896275,0.32046513147758254,0.3842288312726999,1.517385299552812,0.36203451280117027,-1.88274621963501,6.750991344451904,-0.19178207218647
1751124793.077656,d500a44f-2051-d64b-3d63-8985cc792954,988c55c7-fe91-b1dd-d99d-7a238daf3f19,34,-80.0,-81.0,-60.0,-75.0,-2.987154077763335,-1.1251081957288114,1.2667437577727678,-1.2484805979653313,0.272835860251574,0.3569940809640318,1.4890446050224615,0.3931432636790357,-1.7823845148086548,6.71285057067871,-0.024937830865383148
1751124794.078096,d500a44f-2051-d64b-3d63-8985cc792954,c0f8f023-46ed-a780-058d-8d76cbc99657,11,-73.0,-76.0,-57.0,-69.0,-2.952381982358497,-0.9728104019446134,1.389552235648464,-1.026610650180013,0.341981409135578,0.22946291965875742,1.4933638528364068,0.37292218112768666,-1.6885095834732056,6.68118953704834,0.14670130610466
1751124795.039643,d500a44f-2051-d64b-3d63-8985cc792954,aa275808-6047-1ac5-8d46-c52b5cf50481,3,,,-53.0,-71.0,,,1.034536617058252,-0.9823378607443719,,,1.4978422245254839,0.30850923594832175,,,
1751124796.078432,d500a44f-2051-d64b-3d63-8985cc792954,6ff35687-0229-2f53-6edf-a5394eb0ca91,21,,-79.0,-61.0,-71.0,,-0.9465388504231997,1.2634939022945446,-1.115602441691937,,0.24640854709590443,1.5245188428486987,0.3576217214539362,,,
1751124797.039634,d500a44f-2051-d64b-3d63-8985cc792954,fd4475c1-4689-7c70-2c99-16c8ab155fe4,8,,-79.0,-55.0,-69.0,,-0.8980370943345676,1.725145154092619,-0.9604659845018236,,0.26988800724096534,1.516750401948937,0.3129406361336727,-1.6963214874267578,6.611357688903809,0.28557121753692627
1751124798.040331,d500a44f-2051-d64b-3d63-8985cc792954,ea77de60-c74e-a4c9-5952-5aa695dcdbb0,28,,-75.0,-57.0,-76.0,,-0.8973601187854696,1.7136775824387378,-0.9465971736510725,,0.2909141633898453,1.5104861144328534,0.2947148937395519,-1.7403666973114014,6.572885990142822,0.46052980422973633
1751124799.076565,d500a44f-2051-d64b-3d63-8985cc792954,699cda62-ee33-bfe6-2dc7-e0c3bff429ed,31,,-83.0,-54.0,-78.0,,-0.8990461660715987,2.0033783763464292,-0.7918592585180895,,0.24133535837735792,1.493976113571016,0.4097094239503601,-1.82833731174469,6.564578533172607,0.626669466495514
1751124800.039542,d500a44f-2051-d64b-3d63-8985cc792954,870073e9-da1b-828d-d4f7-a19d19058292,10,-72.0,-77.0,-56.0,-76.0,-2.9211047532521706,-0.8566555657363714,2.060461636415624,-0.5925299067250378,0.2976143437973484,0.29478017447577254,1.4781657251275426,0.5256052011635646,-1.9389145374298096,6.569350242614746,0.7870357632637024
1751124801.020082,d500a44f-2051-d64b-3d63-8985cc792954,8f2edf6a-2f1f-05e9-6f9a-32c0737ff41f,5,-81.0,-87.0,-52.0,-73.0,-2.9123852975271425,-0.863699360503522,2.392314944057089,-0.6357639301774932,0.2715292135522403,0.39325468368114197,1.5283884159125838,0.5085355369986472,-2.059332847595215,6.502840995788574,0.9455024600028992
1751124802.055405,d500a44f-2051-d64b-3d63-8985cc792954,ffe7a557-03db-b174-a4c1-2e89c5c41687,7,-74.0,-79.0,-54.0,-62.0,-2.8937985636472616,-0.8855031929802186,2.080444399338924,-0.5536472221776628,0.29174050898658327,0.34203783486117406,1.4766188280083699,0.5187156367130432,-2.2148244380950928,6.502379894256592,1.0470147132873535
1751124803.040381,d500a44f-2051-d64b-3d63-8985cc792954,757e2d7c-cef9-0562-50d5-4efd3a174ab9,6,-69.0,,-55.0,-69.0,-2.8881928758687536,,2.3760824445808386,-0.5903722136098556,0.30930126005651126,,1.5184311229128866,0.4815263564343088,-2.31940746307373,6.499829292297363,1.1504409313201904
1751124804.054922,d500a44f-2051-d64b-3d63-8985cc792954,89bbb479-32d8-bed4-b6b2-3fe3e3749d41,8,-69.0,-76.0,-64.0,-63.0,-2.9680775885589887,-0.8738223021230221,1.9616471746971058,-0.5270459713132974,0.24708895146490598,0.2895606450553262,1.4571605746617604,0.4581266912534093,,,
1751124805.076509,d500a44f-2051-d64b-3d63-8985cc792954,e41f7248-629f-91c2-c457-562330326eb2,27,-75.0,-76.0,-59.0,-76.0,-2.9062323301446233,-0.8741591920009172,2.0413950009073107,-0.5047941951412493,0.2236316288464063,0.26322096654427696,1.487184520159096,0.537876747861027,-2.430332899093628,6.300518035888672,1.1790814399719238
1751124806.020115,d500a44f-2051-d64b-3d63-8985cc792954,13a45178-5cb8-8ac7-90a0-fc09da9eebac,27,-71.0,-78.0,-55.0,-76.0,-2.765264023111786,-0.8682781333656953,1.86096370652557,-0.5854032876479858,0.15038765813709534,0.25671106899665996,1.5114460508477723,0.5227520901087354,,,
1751124807.058178,d500a44f-2051-d64b-3d63-8985cc792954,a73c7072-eb8a-fdd0-12c7-ab94a8a68a79,17,-85.0,-86.0,-56.0,-69.0,-2.774870045163702,-0.869785216226571,1.5661294033006417,-0.5181169248104798,0.12456383392919444,0.2852172623440023,1.5050057283836336,0.37835200040570843,-2.6722488403320312,6.09011459350586,1.206470251083374
1751124808.077445,d500a44f-2051-d64b-3d63-8985cc792954,22626a8c-eed5-b2a2-b87d-5a4b1de88e44,15,-83.0,-87.0,-54.0,-68.0,-2.7899776253955033,-0.8926524489265364,1.1846025486909093,-0.4582618466787309,0.14585256111679942,0.2671323345925195,1.5266538990946152,0.21653423796231788,-2.8913586139678955,5.871449947357178,1.231971025466919
1751124809.039961,d500a44f-2051-d64b-3d63-8985cc792954,3ac5dc60-306b-a4f1-5ff8-ab35dbef8b8a,8,-68.0,-79.0,-58.0,-74.0,-2.8156196056352223,-0.9163258204884689,1.0871777244291942,-0.4678835813810781,0.1327620174827319,0.23571637143815655,1.4953203441312335,0.20591087172923497,-3.08240818977356,5.799983024597168,1.2174867391586304
1751124810.040307,d500a44f-2051-d64b-3d63-8985cc792954,a1d5abc8-b875-019e-2cae-2c48ed09c2ed,4,-68.0,-86.0,-54.0,-65.0,-2.8471170781636985,-0.9290261694109476,1.7414985610823595,-0.3512584309243281,0.15708629058221482,0.3063570356028878,1.4493604421450275,0.1951099725199847,,,
1751124811.021088,d500a44f-2051-d64b-3d63-8985cc792954,acd84bf5-19a3-2b7f-e9da-e8d5b9427b1c,19,-92.0,-85.0,-58.0,-71.0,-2.8828090294090494,-0.89582986642311,1.652080264321859,-0.33502193670644204,0.12846227732377172,0.2782347369266804,1.5002397352968277,0.2619770039991009,-3.29275393486023,5.786587238311768,1.192833423614502
1751124812.055344,d500a44f-2051-d64b-3d63-8985cc792954,64a58422-da27-ce58-4949-e8ea413b47e0,36,-71.0,-79.0,-57.0,-71.0,-2.8814390993443126,-0.8559628775368419,1.4937643922643546,-0.3971076785672413,0.1006348238697497,0.2506262951828037,1.509417920519622,0.20250034441349546,-3.4689924716949463,5.863677501678467,1.1677223443984985
1751124813.055625,d500a44f-2051-d64b-3d63-8985cc792954,69fa2e59-0f2c-6e96-8a77-df5c1cd09f55,16,,-87.0,-58.0,-68.0,,-0.8496711594615296,1.3679060623083,-0.4668627917352508,,0.22436800953257002,1.533984915785331,0.12192997593348448,-3.60236406326294,5.894091606140137,1.1302721500396729
1751124814.042192,d500a44f-2051-d64b-3d63-8985cc792954,0ab69758-0a4e-80d0-2cd1-3b9cc741bc98,21,,-79.0,-53.0,-75.0,,-0.846217305843806,1.0415788139287485,-0.6561408409421254,,0.18619092951601163,1.5064643417126697,0.13837627731099839,-3.7486484050750732,6.00993824005127,1.1002864837646484
1751124815.078752,d500a44f-2051-d64b-3d63-8985cc792954,c3585169-12dd-5f91-a525-8bcdf6fb5b05,12,,-76.0,-53.0,-68.0,,-0.8575312131027896,1.4148229712322258,-0.6127877741889435,,0.14989379155769697,1.4687201585313039,0.1544794220596772,,,
1751124816.041704,d500a44f-2051-d64b-3d63-8985cc792954,67514a94-5536-a77f-f3ad-d897b4f2e84e,31,,-76.0,-56.0,-74.0,,-0.8429269703170129,1.2012102875647521,-0.6276767088952495,,0.11349194143427178,1.4911849875905583,0.18124226022318318,-3.8577184677124023,5.962350845336914,1.1050183773040771
1751124817.056911,d500a44f-2051-d64b-3d63-8985cc792954,e26a7ff0-c6f9-206d-d53c-56649209a62e,22,,-75.0,-60.0,-68.0,,-0.8285765267831209,0.9076716122101474,-0.6741320920022648,,0.1147844234455577,1.4690254899502817,0.16642163559883777,-3.959028959274292,5.975416660308838,1.1046663522720337
1751124818.054983,d500a44f-2051-d64b-3d63-8985cc792954,c7b8a467-adbc-df1f-c5e6-fe90b16819c6,14,-85.0,-76.0,-53.0,-68.0,-2.6924776999910485,-0.834963319709349,1.0169989023317532,-0.6408084899143213,0.34941482437020716,0.15253030439211862,1.50700389814952,0.18758684204613346,-4.029067516326904,6.031346321105957,1.1040514707565308
1751124819.024439,d500a44f-2051-d64b-3d63-8985cc792954,b3f2faa6-eeb3-2568-51cc-6190be162414,17,-72.0,-75.0,-62.0,-66.0,-2.7384374688192,-0.8267437393209284,0.532512375766794,-0.6551003439042314,0.34986633004351647,0.16481613229092662,1.5231715496532274,0.18452037849847536,,,
1751124820.023802,d500a44f-2051-d64b-3d63-8985cc792954,7c5946a1-1011-5e10-2932-9cb05f482b10,23,-68.0,-75.0,-60.0,-69.0,-2.7705453378695224,-0.8235708491982081,-0.4676042157827288,-0.679519134255277,0.3493555357464393,0.1769804201754862,1.531778753138309,0.19512823181820854,-3.960798501968384,6.1690521240234375,1.0915648937225342
1751124821.042393,d500a44f-2051-d64b-3d63-8985cc792954,6aad54db-f3e5-2343-55cc-d38cccc41398,29,-72.0,-78.0,-57.0,-74.0,-2.8308867092163195,-0.8434886309909106,-0.5725860259536524,-0.5018484726595127,0.22049264409331396,0.12012665801322936,1.4793052917579874,0.25512385827648637,-3.9202075004577637,6.342820644378662,1.0825352668762207
1751124822.04239,d500a44f-2051-d64b-3d63-8985cc792954,5c217b3c-36b1-6e3a-5da1-b2dc539dff75,4,-71.0,-91.0,-54.0,-69.0,-2.931533159448703,-0.8888422643549602,-0.48585619031358684,-0.43888175711011523,0.2039192267080192,0.1900322564275851,1.491346108836508,0.29708257710668684,,,
1751124823.024128,d500a44f-2051-d64b-3d63-8985cc792954,2a88a9b7-d887-fe78-bc15-4669febdac09,8,-73.0,-77.0,-56.0,-68.0,-2.9196836904945043,-0.8650266799908175,-0.21230347367559077,-0.5073843856174605,0.18119081127987424,0.18259419730580512,1.5407398907322625,0.3064399264918165,-3.8918917179107666,6.527129173278809,1.0716092586517334
1751124824.024011,d500a44f-2051-d64b-3d63-8985cc792954,92488838-3e98-e853-6594-98699ebe4172,34,-79.0,-81.0,-60.0,-74.0,-2.9251365128264415,-0.8372957161920405,0.5723838920269154,-0.6268820216259698,0.21963399102360195,0.19021919369135185,1.4963746896067958,0.2937838193329466,-3.836212396621704,6.673794269561768,1.062735915184021
1751124825.040981,d500a44f-2051-d64b-3d63-8985cc792954,b8382167-b5af-0217-9186-fa052217f725,12,-71.0,-73.0,-57.0,-72.0,-2.9471022654974157,-0.8267181729744637,1.8824538186258555,-0.9510246789633292,0.21840324441533548,0.19942347789282922,1.4818448821734869,0.31206728574369486,-3.7981863021850586,6.725956439971924,1.0491595268249512
1751124826.021768,d500a44f-2051-d64b-3d63-8985cc792954,f4985d8f-b81d-1abb-7d7e-dda8f9487b32,31,-75.0,-73.0,-63.0,-69.0,-3.0541549497319846,-0.826525093795433,2.237027618791223,-0.9870986606670521,0.2096396800847526,0.15513697317757458,1.4118644655772565,0.29446891752336946,-3.7899811267852783,6.8166351318359375,1.04830527305603
1751124827.054923,d500a44f-2051-d64b-3d63-8985cc792954,6b3154da-6ac0-0ef6-1dab-6d20048f5c06,35,-83.0,-81.0,-57.0,-83.0,-2.917983528454598,-0.8440249916344527,2.218627306187648,-0.4274607907753104,0.16454076143421245,0.16297595455670913,1.3438420050144528,0.2686347735662445,-3.760930061340332,6.88035011291504,1.0314005613327026
1751124828.056413,d500a44f-2051-d64b-3d63-8985cc792954,b47f2c0a-be78-6b8c-b170-21f4b0cd93e9,34,-80.0,-77.0,-60.0,-74.0,-2.7635643937040975,-0.8815348166398916,2.1814639584400277,-0.2327964982637505,0.10620813759625622,0.18650052199273331,1.3508498471068875,0.1890649796749115,-3.7318074703216553,7.080761432647705,1.0138840675354004
1751124829.078201,d500a44f-2051-d64b-3d63-8985cc792954,2443a987-b397-9ce7-f203-03004606eba1,14,-88.0,-77.0,-50.0,-73.0,-2.8063880240325716,-0.89710765111413,2.147983762479988,-0.2983832316935679,0.10981846857277894,0.18259917408809223,1.4389464170183817,0.20791979400802266,-3.7094638347625732,7.264988899230957,0.9968336820602417
1751124830.079564,d500a44f-2051-d64b-3d63-8985cc792954,aba2293c-1770-4594-f9fd-6d5aa6a34361,22,-71.0,-76.0,-54.0,-78.0,-2.7977316852253784,-0.8707415573740186,2.1229633640386933,-0.3294372879005459,0.11746086705157367,0.1819639102995674,1.3589349378602589,0.2212569879709235,-3.6900224685668945,7.395941257476807,0.9669946432113647
1751124831.02157,d500a44f-2051-d64b-3d63-8985cc792954,a9e36902-3011-863d-1ff3-51b1e8a6c189,15,-81.0,-75.0,-51.0,-77.0,-2.7713520093637074,-0.8602297942353668,2.0536221061040822,-0.3601358121019983,0.11318132530500606,0.1693843856667941,1.406563443427454,0.2740883282674815,-3.6369447708129883,7.432008266448975,0.9502081274986267
1751124832.054631,d500a44f-2051-d64b-3d63-8985cc792954,c5525548-8b35-b965-55b0-3f602beae869,33,-74.0,-87.0,-54.0,-72.0,-2.7705011293954267,-0.8474149293860145,2.0388649978717353,-0.3569149850796564,0.14845651680689484,0.14417986292563428,1.4506412894713012,0.20489885387024806,,,
1751124833.024209,d500a44f-2051-d64b-3d63-8985cc792954,86890e32-3ecf-3842-2246-8ca89fa43792,6,-75.0,-75.0,-59.0,-68.0,-2.803543767988367,-0.8487475751954902,2.078825197396156,-0.359993332983679,0.11336792967363654,0.1701842827449562,1.4931979379004947,0.20399530989141143,,,
1751124834.055637,d500a44f-2051-d64b-3d63-8985cc792954,78f4e688-defb-2002-4a13-4e9ea6f9cece,33,-70.0,-84.0,-54.0,-75.0,-2.808782472168662,-0.8327118833237961,2.0000105428319155,-0.30348931045157684,0.1344087914651608,0.1939225355689456,1.3735285280016751,0.1952004034837497,-3.589055299758911,7.421152114868164,0.925609588623047
1751124835.024694,d500a44f-2051-d64b-3d63-8985cc792954,284bae72-f7ca-73db-f29e-41d4fe20d55e,10,-76.0,-74.0,-51.0,-70.0,-2.8602211623074334,-0.8496037814859505,2.033076350926339,-0.33119444158778016,0.13746921296609582,0.14555535233914657,1.3903577087201584,0.24334268275949153,-3.53021764755249,7.37450075149536,0.9008135199546814
1751124836.021456,d500a44f-2051-d64b-3d63-8985cc792954,b6fe83cc-b2a6-e454-c443-49e260c93e8b,14,-88.0,-76.0,-48.0,-71.0,-2.850022320596866,-0.8482000292753697,2.137703960672282,-0.6034408777110924,0.12424691775947502,0.1899742161605782,1.3875957443536373,0.22869945795325897,-3.500948905944824,7.423827171325684,0.876220166683197
1751124837.078626,d500a44f-2051-d64b-3d63-8985cc792954,36823623-3a1d-4f4d-dd22-10c108698e7b,20,-71.0,-76.0,-56.0,-70.0,-2.8515525729592253,-0.8519990285703678,2.1351824797521948,-0.651185230785706,0.16577415455881223,0.22352670029945718,1.3670071122823435,0.2648369227594666,,,
1751124838.042511,d500a44f-2051-d64b-3d63-8985cc792954,034020e6-9893-94cb-e03b-53fdec57abae,30,-74.0,-88.0,-55.0,-78.0,-2.9024916540774983,-0.8540491299775109,2.258056471390707,-0.4417819395372115,0.19284179150907785,0.19920930980691642,1.2808153683405286,0.26974800819141126,-3.4271273612976074,7.465089797973633,0.853456676006317
1751124839.055332,d500a44f-2051-d64b-3d63-8985cc792954,e1d943fd-4561-0dff-a402-513346a1d836,12,-71.0,-82.0,-48.0,-78.0,-2.9450534956708174,-0.8749413624130735,2.420701578116244,-0.3729416222036443,0.19369575075736856,0.22671365524168458,1.2318279848271203,0.25467674681897573,-3.3497185707092285,7.43224287033081,0.830182135105133
1751124840.024572,d500a44f-2051-d64b-3d63-8985cc792954,73a00297-e466-09de-2241-45ed36638023,7,-67.0,-77.0,-49.0,-81.0,-2.958189005115415,-0.857010032477461,2.5844518966941643,-0.3986342025040747,0.21902206318412903,0.22467903345837767,1.2777143835672402,0.2754142495952047,-3.3198435306549072,7.342341899871826,0.7546677589416504
1751124841.023094,d500a44f-2051-d64b-3d63-8985cc792954,118bffd7-eb72-8f2e-1bef-91d03143378c,5,-68.0,-83.0,-53.0,-73.0,-3.007504889549285,-0.8894047239771847,2.603762477758329,-0.34314590961172875,0.20282461756572623,0.26874825751819553,1.3678513343478989,0.2446625453957348,-3.3012208938598633,7.376775741577148,0.682172119617462
1751124842.056998,d500a44f-2051-d64b-3d63-8985cc792954,4aa5c470-9e30-bfdb-cbea-9e344c4004fc,17,-74.0,-76.0,-56.0,-69.0,-2.954680024063127,-0.8875173417126457,2.5662859422665156,-0.5280113672084512,0.17790638464174996,0.21565404657728987,1.3393677612250652,0.30289452671162126,-3.3182132244110107,7.241636276245117,0.5973308086395264
1751124843.079803,d500a44f-2051-d64b-3d63-8985cc792954,d039ee98-fd75-2e74-62da-5dad648c573b,7,-69.0,-78.0,-52.0,-69.0,-2.945612493183625,-0.8366922438890285,2.504426036466155,-0.5225175321957267,0.21642032124668975,0.13956385574247038,1.3598988690168132,0.26461979190684104,-3.355421781539917,7.09409999847412,0.5274112820625305
1751124844.054964,d500a44f-2051-d64b-3d63-8985cc792954,dea8c96b-3590-7947-04ad-48ade6486811,22,-71.0,-77.0,-53.0,-81.0,-2.9180591622295564,-0.8479198647286935,2.419915945594671,-0.4711523453030414,0.2614532600812232,0.11393795433783281,1.433084533143008,0.2850733850661108,-3.450704336166382,6.933502674102783,0.4703967273235321
1751124845.024077,d500a44f-2051-d64b-3d63-8985cc792954,f9f2061e-6f83-9cf5-a7ac-b18d5fcc3919,16,-86.0,-81.0,-57.0,-80.0,-2.9525353804372862,-0.811162116415093,2.4405085724075994,-0.49644358722719684,0.20511813189650246,0.1329348316703428,1.400859085530559,0.4986995176970894,-3.5687975883483887,6.89117431640625,0.4340931177139282
1751124846.020971,d500a44f-2051-d64b-3d63-8985cc792954,e51134a9-466f-153b-f479-214f56139fa5,7,-71.0,-76.0,-51.0,-69.0,-3.1021855926237816,-0.8340330775405843,2.377048106792101,-0.4530140877507297,0.16648536837267475,0.16345422499897377,1.30941625370938,0.5105420957219674,-3.69980239868164,6.885159492492676,0.39859598875045776
1751124847.057693,d500a44f-2051-d64b-3d63-8985cc792954,0970dfbe-a835-73e0-f6b1-4f6c14214d71,22,-69.0,-78.0,-56.0,-73.0,-3.0450964736001893,-0.8164298490512696,2.3706479980604227,-0.5069297840193839,0.18446142276984373,0.1632479298830335,1.3843023461915906,0.5559643720631136,-3.8131535053253174,6.715839385986328,0.36952823400497437
1751124848.078845,d500a44f-2051-d64b-3d63-8985cc792954,f371d605-e46e-10d1-a3b3-b8cdfc571d95,20,-70.0,-84.0,-52.0,-83.0,-3.054106213884036,-0.8101964542038301,2.3232298822193442,-0.6162107351380224,0.17308123608923073,0.22558151217277825,1.4253112985532848,0.5702580902657869,-3.976539134979248,6.614713191986084,0.37429124116897583
1751124849.054944,d500a44f-2051-d64b-3d63-8985cc792954,e64c2f21-cb7f-359f-2223-811b647bae34,17,-74.0,-78.0,-55.0,-71.0,-2.947285757296522,-0.8279136659878003,2.3460281390470765,-0.5486543277659823,0.19688024227558762,0.2991075116415286,1.3443085908374348,0.6445496320346373,-4.138451099395752,6.588141441345215,0.37294095754623413
1751124850.055946,d500a44f-2051-d64b-3d63-8985cc792954,3bca446b-1775-9da5-d69c-472710f1a269,16,-77.0,-87.0,-50.0,-78.0,-2.956594304254676,-0.8192858230042706,2.386015502814616,-0.47998684958716126,0.2037123157360769,0.4021871590038631,1.4091697460282602,0.6915486994781922,,,
1751124851.041933,d500a44f-2051-d64b-3d63-8985cc792954,2209c0f6-be1a-c3a9-470f-2e8b311c5f51,6,-70.0,-76.0,-52.0,-69.0,-2.977465764033736,-0.8624170484386489,2.398312382831948,-0.4543174387882145,0.21691778309355975,0.32099546671915824,1.4027589846522213,0.6954112817442158,-4.264986038208008,6.63665246963501,0.421134889125824
1751124852.054485,d500a44f-2051-d64b-3d63-8985cc792954,ae78877c-5147-b43d-deb3-fcee9bc806a5,19,-83.0,-84.0,-52.0,-74.0,-2.7128900307981785,-0.8679231339923876,2.376002017115918,-0.37795262611073743,0.13289295346220134,0.2417900265544617,1.4823885665100265,0.6394128603450653,-4.382305145263672,6.598241806030273,0.4621098041534424
1751124853.078838,d500a44f-2051-d64b-3d63-8985cc792954,54dc47be-de5b-b918-0fab-0b8d111c28fe,32,-86.0,-83.0,-57.0,-78.0,-2.809557718361984,-0.8446676124054887,2.1592675760186535,-0.34265082796508306,0.12222911550292764,0.23035953941875986,1.339542065118411,0.6209100826185489,-4.414948463439941,6.575838088989258,0.5169014930725098
1751124854.04324,d500a44f-2051-d64b-3d63-8985cc792954,0db61602-92e3-bede-e14d-4b8bdd33ab7d,26,-69.0,-76.0,-59.0,-76.0,-2.9022804654030545,-0.8438580114341048,2.2621209878463855,-0.3724105878822825,0.11906517193699422,0.20990704481343975,1.4034330307241203,0.6525739361361278,-4.433143138885498,6.6034517288208,0.5674153566360474
1751124855.023822,d500a44f-2051-d64b-3d63-8985cc792954,3e549806-d242-5943-d95f-03e8d5851e11,23,-75.0,-91.0,-53.0,-79.0,-2.888526303637231,-0.8660099190652747,2.2465468217916023,-0.37845276776345427,0.103294997225981,0.24398548662285258,1.4721925211186035,0.5841268345375107,-4.411960124969482,6.569211959838867,0.6047732830047607
1751124856.02265,d500a44f-2051-d64b-3d63-8985cc792954,3c873bc6-591b-ff95-4654-df2b3f8959e9,29,-76.0,-76.0,-56.0,-79.0,-2.94815607834076,-0.8702366220313396,2.2626914369518807,-0.42326924153563467,0.10303398247201802,0.1899739831339828,1.49187714315787,0.4877609829937524,-4.35790491104126,6.463651657104492,0.6298274397850037
1751124857.05564,d500a44f-2051-d64b-3d63-8985cc792954,78ad9a4e-e181-d0df-7d64-ed0666057604,28,-78.0,-74.0,-56.0,-84.0,-2.94220737541385,-0.8869735242180515,2.0790339892256187,-0.417934130923879,0.08483775123172668,0.17960258522953507,1.408716609168783,0.4255758719347796,-4.29548978805542,6.341329097747803,0.4368608593940735
1751124858.043309,d500a44f-2051-d64b-3d63-8985cc792954,e777cfcb-b840-018d-a380-a0335339973a,12,-73.0,-78.0,-53.0,-71.0,-2.984652570551424,-0.8463858839408078,2.316476638327121,-0.4218859956654476,0.11459525578437797,0.1758538198105986,1.3998074032160863,0.4696215270189502,-4.25817584991455,6.407508373260498,0.41568565368652344
1751124859.026204,d500a44f-2051-d64b-3d63-8985cc792954,f0c53040-2c20-d427-c024-0506e8ebfc42,31,-76.0,-75.0,-60.0,-70.0,-2.9396803018554736,-0.846018900342595,2.360635577626161,-0.45575341524798524,0.14697634851778563,0.16494697672423358,1.3785786803767925,0.5028742890218976,-4.167527675628662,6.349148750305176,0.377721220254898
1751124860.08002,d500a44f-2051-d64b-3d63-8985cc792954,17c8be33-b7c4-3180-850c-1111bad213c7,8,-66.0,,-47.0,-72.0,-2.998356398572644,,2.2106442145040264,-0.37641252005234455,0.1649275855825465,,1.3602874242198557,0.5460191964463762,-3.9715447425842285,6.21431589126587,0.4327049255371094
1751124861.022601,d500a44f-2051-d64b-3d63-8985cc792954,930e25d6-ae6b-ddb4-3029-f9fc88640c2b,19,-70.0,-75.0,-55.0,-70.0,-2.9455989110620653,-0.8429757061649613,2.3627048537931525,-0.4945034743730742,0.1696568769805796,0.13627325389956846,1.3862049084743433,0.4980202118820374,,,
1751124862.025549,d500a44f-2051-d64b-3d63-8985cc792954,decaa9de-c9b7-513e-e860-d58d4e122672,33,-82.0,-90.0,-54.0,-77.0,-2.9513401537400585,-0.8418872722274461,2.3083204411726443,-0.42946508581170406,0.17371450250693798,0.16056872324738652,1.3574025549690274,0.36254407538624334,,,
1751124863.02538,d500a44f-2051-d64b-3d63-8985cc792954,aff29df0-c2b2-a281-96ed-a58b4e2c5aef,29,-69.0,-76.0,-56.0,-72.0,-2.8626073546441444,-0.880103367553974,2.30286681989238,-0.8531883963131973,0.16800040742730718,0.13197459564980116,1.2418610447598304,0.4546414456243362,-3.7846391201019287,6.112316608428955,0.355410635471344
1751124864.078905,d500a44f-2051-d64b-3d63-8985cc792954,fd66aeb2-3402-3a2b-f622-ed033c051cc9,33,-80.0,-92.0,-54.0,-75.0,-2.838833581909116,-0.8549045373196443,2.221562642341133,-0.7712426632553502,0.17836313341345536,0.16145124489836835,1.3449010110219228,0.3567351218375352,-3.796642780303955,6.07912254333496,0.32425785064697266
1751124865.042135,d500a44f-2051-d64b-3d63-8985cc792954,190d6ad7-b270-4ecf-df07-326986b97ee3,20,-69.0,-74.0,-55.0,-75.0,-2.825161179188758,-0.8446345892079717,2.2313817172802555,-1.0494203586004325,0.167123611572669,0.14095269425094673,1.4101479250966462,0.3697525533773017,-3.910926103591919,6.2337493896484375,0.3338923454284668
1751124866.079567,d500a44f-2051-d64b-3d63-8985cc792954,107286f1-ba6e-c63d-dc8e-e225e57a9602,22,-71.0,-80.0,-54.0,-75.0,-2.8245941921926803,-0.8865255805227001,2.286120862957962,-1.1723125928924114,0.1442710761929695,0.1635225184361775,1.4668226562546225,0.3621676708556742,-3.990715265274048,6.435600757598877,0.3612717092037201
1751124867.056541,d500a44f-2051-d64b-3d63-8985cc792954,a2dca15e-dc68-264b-25ae-3d74f71652de,29,-76.0,-75.0,-54.0,-82.0,-2.8729782365611314,-0.8702613894294773,2.2700737194935807,-0.7020958160803148,0.1737973268168394,0.20875033408347746,1.4243357826459888,0.42756741708745444,-3.9924778938293457,6.6876420974731445,0.414690911769867
1751124868.079327,d500a44f-2051-d64b-3d63-8985cc792954,f85e4b78-b9cd-f711-f020-144f88865d7a,19,-79.0,-83.0,-52.0,-75.0,-2.6472103530463174,-0.8588673210216822,1.9621712847996333,-0.3970179300385056,0.14659300312362553,0.19176409343970685,1.5082416022661345,0.4731532115195316,-3.99408221244812,6.90563154220581,0.445558249950409
1751124869.042775,d500a44f-2051-d64b-3d63-8985cc792954,192ded96-c8b6-24b8-5272-875ad4bd4f6d,17,-76.0,-78.0,-53.0,-70.0,-2.7004466769208926,-0.8674557492210787,2.1787230330461185,-0.4257185507901806,0.18715590929224502,0.19910564626148508,1.4585455515866563,0.41214831358714094,-4.01534366607666,7.13371229171753,0.2470701038837433
1751124870.044328,d500a44f-2051-d64b-3d63-8985cc792954,1210b994-3b3c-49d5-e468-c6b6ddc913da,32,-81.0,-84.0,-57.0,-79.0,-2.892134886914289,-0.899830999644845,2.1725503582715326,-0.44272576382753565,0.18687090112133609,0.1575054554930365,1.3940308736536502,0.3727636897533134,-3.9818332195281982,7.267770767211914,0.18320630490779877
1751124871.022554,d500a44f-2051-d64b-3d63-8985cc792954,b5976eeb-a1a5-2572-d8ec-7e3b34b26182,7,-73.0,-75.0,-53.0,-67.0,-2.9718137372522606,-0.8611848038022691,2.181008025261406,-0.4449630854593112,0.1374826286400871,0.23643351078544445,1.4537642453235824,0.3208402377171202,-3.980416774749756,7.401719570159912,0.1972859501838684
1751124872.079357,d500a44f-2051-d64b-3d63-8985cc792954,678ad0f7-cf61-fb1b-20ca-32a7c4d64ef7,33,-91.0,-77.0,-61.0,-72.0,-3.0206135010668724,-0.888969563455066,2.1508940649192265,-0.3344722602574497,0.11166993145211565,0.2324140516864583,1.4298760898197354,0.38439684344797026,-4.08393955230713,7.602768898010254,0.1918211281299591
1751124873.024623,d500a44f-2051-d64b-3d63-8985cc792954,8099b68e-7075-5e7c-71de-c43a353f9698,26,-70.0,-79.0,-52.0,-82.0,-2.9844951777309996,-0.8858842913322091,2.1637677856286692,-0.22784248600398507,0.17861636674360826,0.16847416714047544,1.355967510615638,0.43928033245675924,-4.167511940002441,7.786434173583984,0.3221425414085388
1751124874.079121,d500a44f-2051-d64b-3d63-8985cc792954,0e609cd4-8693-d7ae-6ffc-a0b8d9c7fa69,12,-75.0,-74.0,-56.0,-68.0,-2.9437038056303653,-0.8815356155882187,2.2000959660584405,-0.378950246255081,0.1901598218437999,0.1947200857363971,1.3683200506997528,0.46331712563894656,-4.111149787902832,7.86424207687378,0.39735373854637146
1751124875.055212,d500a44f-2051-d64b-3d63-8985cc792954,9ff28a20-91a5-b402-5b7a-b072816c4168,20,-73.0,-82.0,-51.0,-81.0,-2.88322767833241,-0.8459403370904377,2.2194954967030136,-0.48739549742365273,0.17188559327308284,0.17365494756706107,1.3867404701695583,0.49567786183477186,-4.013973712921143,7.886102676391602,0.4253273010253906
1751124876.02254,d500a44f-2051-d64b-3d63-8985cc792954,11e03857-9012-b3a7-2afb-aeb43ce5bdf1,24,-78.0,-82.0,-57.0,-75.0,-2.875046181147577,-0.8515510848750166,2.21930854279449,-0.4494534413732938,0.22400127560570932,0.16662864643932096,1.4790891762355276,0.5524796590662585,-3.936795949935913,7.878961086273193,0.4294464588165283
1751124877.059138,d500a44f-2051-d64b-3d63-8985cc792954,82b9cf8a-70a9-b742-c79d-b66ea6db3036,24,-70.0,-85.0,-51.0,-83.0,-2.8561779511404746,-0.8435861026868076,2.1828349537692007,-0.4922895885588913,0.17188610926054404,0.1705348879024651,1.4785304450388284,0.5330222712470034,-3.9655964374542236,7.52585506439209,0.439465880393982
1751124878.056623,d500a44f-2051-d64b-3d63-8985cc792954,7e91c524-38f9-d8fc-f216-1df747c80474,18,-74.0,-78.0,-57.0,-68.0,-2.86538689587386,-0.8745938198908181,2.283161025722448,-0.48423618942249164,0.18090522054247687,0.11314059558508467,1.5086529274964968,0.5105987544741588,-3.9971680641174316,7.173251152038574,0.4619717299938202
1751124879.080011,d500a44f-2051-d64b-3d63-8985cc792954,b7a37c1d-c3cb-8c41-6a70-a0be09b0844c,22,-72.0,-84.0,-51.0,-80.0,-2.838254610688133,-0.8411818008546841,2.28181293357865,-0.45903176654987277,0.17615560589637505,0.10097706503696009,1.4690633068377605,0.48279229005847796,-4.008914947509766,6.809015274047852,0.9321311116218567
1751124880.05634,d500a44f-2051-d64b-3d63-8985cc792954,885a3ede-660d-2a60-ea88-2c73de049fdb,33,-98.0,-82.0,-57.0,-78.0,-2.9348280223493495,-0.89246895712743,2.421805724704191,-0.42265218711106334,0.22520850317259902,0.1409817892858558,1.4967135768555084,0.4385193008857554,-4.1027193069458,6.457983016967773,1.0972379446029663
1751124881.022744,d500a44f-2051-d64b-3d63-8985cc792954,e19b1656-6276-b33f-11ee-2ae8d5e1893e,35,-81.0,-80.0,-59.0,-78.0,-3.017893082013357,-0.9119358657475822,2.5412389122143204,-0.4300089033062982,0.16314216909824372,0.18987549610792032,1.4712510936732608,0.4310027950251158,-4.157562732696533,6.200163841247559,1.1906810998916626
1751124882.055968,d500a44f-2051-d64b-3d63-8985cc792954,4de37ec4-a56a-6709-3e28-56051d13adc6,23,-74.0,-81.0,-53.0,-84.0,-2.914851917328774,-0.9205068502418386,2.0849920132163438,-0.4564738003228517,0.12443279808118414,0.20004134791048442,1.4544727793315981,0.39143614413078126,-4.154569149017334,5.992084980010986,1.2108367681503296
1751124883.057311,d500a44f-2051-d64b-3d63-8985cc792954,ef977fc0-b9bb-4860-80b2-bc38d5361325,24,-79.0,-80.0,-59.0,-72.0,-2.9490090888379124,-0.883563879074423,2.1075106381296176,-0.6692486535113864,0.13577864662849187,0.19202070565549276,1.4929055228128036,0.48327125958052874,-4.14976453781128,5.805591106414795,1.2134714126586914
1751124884.02591,d500a44f-2051-d64b-3d63-8985cc792954,874de63d-4386-09e6-69ab-ddac77740bee,14,-78.0,,-53.0,-77.0,-2.929047098571114,,2.1140012943383586,-0.6224337436572105,0.1594749130534206,,1.3879366289731674,0.6222198918216771,-4.132981300354004,5.657981872558594,1.21228551864624
1751124885.054357,d500a44f-2051-d64b-3d63-8985cc792954,ff8a854a-cb42-8b59-304b-3b52c3e2adbe,22,-72.0,-77.0,-57.0,-73.0,-2.942412705133895,-0.8062701558087263,2.229155847241167,-0.6758817888384469,0.11195376616766926,0.14968396775331236,1.3805359706199463,0.9085358079838781,-4.13222360610962,5.619372844696045,1.235978126525879
1751124886.023474,d500a44f-2051-d64b-3d63-8985cc792954,791f2feb-b440-faf1-878b-12a7c67d06b4,26,-69.0,-80.0,-51.0,-72.0,-2.9727642194453097,-0.8226331501783911,2.1912793049536243,-0.7873651741785809,0.1328076157940211,0.14465016052938545,1.3708544479511267,0.8785588672797826,-4.104593753814697,5.5355424880981445,1.2567975521087646
1751124887.057083,d500a44f-2051-d64b-3d63-8985cc792954,a140d310-4166-cd9a-ba4b-1e6d8e17637f,35,-74.0,-87.0,-58.0,-73.0,-2.8914512534624652,-0.8466412810893466,2.18609679347233,-0.7231686108377846,0.1261751961915037,0.12740848944756258,1.3958976164197412,0.7092639138913448,-4.149982452392578,5.88106107711792,1.221711277961731
1751124888.025198,d500a44f-2051-d64b-3d63-8985cc792954,966605c1-64e9-3b85-fed7-6730d42643b9,36,-73.0,-79.0,-61.0,-72.0,-2.8704016282064795,-0.834491407564187,2.1217494952138356,-0.6400758542984405,0.1806001887291219,0.10494871207200093,1.4629213915737653,0.6715807170989416,-4.240800857543945,6.269280910491943,1.0474380254745483
1751124889.080013,d500a44f-2051-d64b-3d63-8985cc792954,947415af-82b0-358c-1d32-5b0f31bccbc3,14,-84.0,-85.0,-53.0,-71.0,-2.9030288136693674,-0.8454263470000524,2.0934970844736207,-0.5461429668580376,0.18313357065033023,0.1480054605420195,1.537541434263077,0.5988276169128026,-4.32897186279297,6.669372081756592,0.9138977527618408
1751124890.079669,d500a44f-2051-d64b-3d63-8985cc792954,592c08b9-3b7d-a8a4-7235-6d8db11613db,26,-74.0,-77.0,-56.0,-76.0,-2.954787882087275,-0.8474809757810484,2.0856748477198397,-0.5633094369285794,0.2309033402685972,0.13542507870427029,1.4981801796678151,0.6448540979262606,-4.43887710571289,7.0350141525268555,0.7557421922683716
1751124891.022197,d500a44f-2051-d64b-3d63-8985cc792954,3c13402e-5e3b-9068-eeaa-e782a945c9dd,7,-77.0,-78.0,-58.0,-68.0,-2.946080410587152,-0.8842072987937862,2.19221993345064,-0.49078623412354155,0.16717301321088995,0.13776699598785871,1.4533258890081555,0.6310388166134199,-4.62123680114746,7.3333330154418945,0.277226984500885
1751124892.043612,d500a44f-2051-d64b-3d63-8985cc792954,face1d25-0a64-2482-e54d-5224dc4c39d6,18,-79.0,-79.0,-57.0,-80.0,-2.9471382181721317,-0.8181449247932805,2.398006119306589,-0.440587245472202,0.21414476660851473,0.0899705781139341,1.4722991807202614,0.7575421641854919,-4.863876819610596,7.59677505493164,0.09406109154224396
1751124893.056483,d500a44f-2051-d64b-3d63-8985cc792954,7e24ba99-14d1-218a-c849-f63b89359e00,15,-82.0,-77.0,-50.0,-73.0,-2.928753618218987,-0.8290537652504631,2.4385074731645138,-0.48687325153388816,0.23722227252129865,0.12574772554703234,1.4227345570405787,0.4235808646726876,-5.120788097381592,7.835022926330566,0.02909093350172043
1751124894.025313,d500a44f-2051-d64b-3d63-8985cc792954,9212fe2d-a49a-07b4-2e2b-d65393f3fc73,23,-69.0,-80.0,-52.0,-74.0,-2.8862799272577497,-0.8168985654031236,2.255582394738023,-0.46795095935665715,0.24376565931962335,0.15404720765951416,1.4065710334365609,0.4902996413028704,-5.34588861465454,8.06543731689453,-0.010549649596214294
1751124895.021691,d500a44f-2051-d64b-3d63-8985cc792954,9e10468d-f441-cbdd-38c5-47627f847a49,30,,-75.0,-58.0,-72.0,,-0.8243056153429609,2.2424886969225395,-0.5461996921892563,,0.13978082014752777,1.4931273641316076,0.6049664029625172,-5.253719329833984,8.16886520385742,-0.23834890127182007
1751124896.023817,d500a44f-2051-d64b-3d63-8985cc792954,58d5214e-bfd5-9ea6-4089-d8d1410ac159,12,-73.0,-76.0,-57.0,-92.0,-2.899397327206935,-0.8519630758956518,2.2791316629931577,-0.5602318879728838,0.26986358938272065,0.13370198851185378,1.4921126997562872,0.766682931994971,-5.177605628967285,8.26365661621094,-0.400975227355957
1751124897.07935,d500a44f-2051-d64b-3d63-8985cc792954,f0f7cf22-44c1-dd33-b539-bb90ae776b39,32,-69.0,-81.0,-63.0,-74.0,-2.917071129465137,-0.8554550127169637,2.4317398482024046,-0.5741642152156333,0.32893285190057125,0.1086434985445928,1.4605642276929363,0.6681879830282351,,,
1751124898.079306,d500a44f-2051-d64b-3d63-8985cc792954,9da1f7b5-15b8-05a0-0b6f-71418f3a15e8,16,-79.0,-80.0,-50.0,-71.0,-2.5378761387058772,-0.8857982712289996,2.2950467136674715,-0.5905106979865398,0.3878045577998084,0.12242899406511651,1.397811097662963,0.6440136042862316,,,
1751124899.025472,d500a44f-2051-d64b-3d63-8985cc792954,7776c887-b1f6-aa65-73a2-f5784c28ff71,15,-88.0,-75.0,-62.0,-69.0,-2.7830821687010703,-0.8511742475807703,2.149059146928162,-0.6398675951011962,0.21107893556161553,0.1123754694039049,1.3572331779236984,0.6767655588461896,-5.113336086273193,8.0762414932251,-0.531143307685852
1751124900.044407,d500a44f-2051-d64b-3d63-8985cc792954,bbaaf0b6-5fb0-4274-cf99-55acc76d0a44,5,-69.0,-80.0,-52.0,-69.0,-2.9810631620342147,-0.8508139218852826,2.187080565179005,-0.6511599307553502,0.12857664344783382,0.11828078777218182,1.2429627945027966,0.5705169495237427,-4.984282493591309,7.796011924743652,-0.5511851906776428
1751124901.056546,d500a44f-2051-d64b-3d63-8985cc792954,ad072e6e-fa5b-d41b-ac88-df1b5d1950ff,19,-73.0,-75.0,-47.0,-85.0,-2.8304776476728835,-0.8748140633129676,2.17856697180624,-0.6409861227590296,0.14210947155993622,0.12785983699568218,1.2784679249976783,0.6891728934697324,-4.84687852859497,7.58991575241089,-0.5752148032188416
