create_time,idppe,idbeacon,bluetooth_channel,rssi_1,rssi_2,rssi_3,rssi_4,az_1,az_2,az_3,az_4,el_1,el_2,el_3,el_4,x,y,z
1751121401.963361,d500a44f-2051-d64b-3d63-8985cc792954,3c325768-fd91-60a4-21e7-59e3330009be,35,-56.0,-76.0,-77.0,-74.0,3.083471825959904,-1.4126382470319794,0.014843128335556635,-0.6501186347691292,1.2333984509219404,0.16567826411481257,0.09098468488990105,0.35845662245567605,-1.3374097347259521,8.048095703125,1.1784220933914185
1751121402.988057,d500a44f-2051-d64b-3d63-8985cc792954,dfc0aa09-3353-5d6a-16da-c50d88dca7de,32,-56.0,,-76.0,-73.0,3.088388553964408,,0.0687146161301155,-0.7011341486106871,1.243751356501569,,0.1415784039490608,0.34617502232509856,-1.29942262172699,8.02344608306885,1.1714160442352295
1751121403.988101,d500a44f-2051-d64b-3d63-8985cc792954,f63bacd9-7c0f-de60-9e7f-bc6a7f9113b0,2,-61.0,-70.0,-66.0,-69.0,3.0523416033457496,-1.3976804696114948,0.10147522596361623,-0.7304843143522324,1.2380371449086403,0.1449230679620913,0.1669127724381188,0.3620917374750933,-1.22926926612854,7.98321771621704,1.1343845129013062
1751121404.988454,d500a44f-2051-d64b-3d63-8985cc792954,21e6e3c9-f40c-9d4d-4519-8d88c6a415c7,27,-56.0,,-88.0,-80.0,3.0384441635132804,,0.1346494247144063,-0.7705310666120809,1.2646893953078808,,0.22996119709871124,0.3550041669975246,-1.1566327810287476,7.915759086608887,1.0707952976226807
1751121406.015541,d500a44f-2051-d64b-3d63-8985cc792954,378e9494-0e74-335a-e755-da54695413b2,24,-52.0,-77.0,-77.0,-69.0,3.0064510767059405,-1.520311980432755,0.1773747843986565,-0.7806388282133677,1.2289744077191007,0.21793875583171204,0.20975426259065327,0.2644518130210843,-1.10112202167511,7.8358154296875,1.0414336919784546
1751121406.96342,d500a44f-2051-d64b-3d63-8985cc792954,8e8fd375-79be-204d-0261-516550bf4b37,23,-54.0,-81.0,-89.0,-77.0,2.6942561589670033,-1.4953624220764568,0.21223210095837663,-0.7912885430964856,1.1069590192160303,0.2106071898640216,0.2351794948071534,0.3119094934491076,-1.0330419540405273,7.74747896194458,1.0392491817474365
1751121408.004326,d500a44f-2051-d64b-3d63-8985cc792954,bf6890d0-d855-b4b2-1bab-0da507b9e400,12,-56.0,-77.0,-71.0,-71.0,2.53571711401015,-1.4318842464397095,0.15172002098570522,-0.7830298142400409,1.1546288037801218,0.16907953694576408,0.22852813347138282,0.2999710749145004,-1.0043244361877441,7.648853302001953,1.0075743198394775
1751121408.962941,d500a44f-2051-d64b-3d63-8985cc792954,10d72dd2-bb7b-d284-4c0b-106b3e806e7d,25,-53.0,-98.0,-74.0,-76.0,2.4377511354149317,-1.4568114342428513,0.17907041906470994,-0.7927378353617066,1.0367329260092402,0.18018942942049082,0.21149770099827367,0.28476202824516683,-0.9882737398147583,7.55211067199707,0.995543897151947
1751121409.988575,d500a44f-2051-d64b-3d63-8985cc792954,a19963fa-9e74-12bd-a37b-e4b4648f5977,11,-58.0,-73.0,-78.0,-70.0,2.3763476954254106,-1.4848836821353217,0.24663321802336619,-0.877944875490465,1.0031901457635835,0.23557469126816433,0.12819600282665583,0.24801318487646118,-0.9888107180595398,7.45032548904419,1.0092331171035767
1751121410.988367,d500a44f-2051-d64b-3d63-8985cc792954,59da2cc3-6886-c09b-5d1c-05aa46802c23,17,-58.0,-81.0,-81.0,-76.0,2.27294620504534,-1.366061556937311,0.23852602303294695,-0.8691559112609853,0.9730339077390983,0.15667939285716437,0.1345610993123781,0.24616400232880783,-1.0075887441635132,7.347450256347656,0.9531055688858032
1751121412.006337,d500a44f-2051-d64b-3d63-8985cc792954,bd7528b0-9deb-3d0d-b7d0-b8ba365877ee,2,-61.0,-69.0,-68.0,-66.0,2.1817499819411026,-1.3260889737138208,0.2365917691332224,-0.9245881446123853,0.8180236843846547,0.09602661475515269,0.15138146663212887,0.3229759597533093,-1.053849220275879,7.242523670196533,0.9224104285240173
1751121413.003418,d500a44f-2051-d64b-3d63-8985cc792954,d6ef3866-d647-65af-a524-cd25db547af5,36,-61.0,-79.0,-74.0,-70.0,2.162341929181041,-1.4279383738105935,0.12684077008218494,-0.7660369822725722,0.8424587200183499,0.07367110845864602,0.17460859226390482,0.3802828587750431,-1.0342601537704468,7.167003631591797,0.9385181069374084
1751121413.988536,d500a44f-2051-d64b-3d63-8985cc792954,02276a8a-4994-ccf3-1ecd-15e8738d306c,8,-62.0,-90.0,-69.0,-71.0,2.110142373918834,-1.4720808015108748,0.40486759735151423,-0.8164852428019432,0.8503326886763053,0.07399755375164091,0.14256816776818876,0.4088253210474809,-1.0883640050888062,7.1009931564331055,0.919916272163391
1751121414.963805,d500a44f-2051-d64b-3d63-8985cc792954,6a822c6e-52a8-25a1-5624-14974b4626ae,8,-58.0,-85.0,-70.0,-73.0,2.0368346038566587,-1.46300874325752,0.34799419437621804,-0.7700005649229371,0.8961137593953125,0.10112725067768376,0.09567953828608809,0.3891115706837921,-1.1487623453140259,7.047045707702637,0.9307240843772888
1751121416.010356,d500a44f-2051-d64b-3d63-8985cc792954,90d5b430-a8f0-b851-49b5-cdd7d5aea0d0,19,-57.0,-78.0,-81.0,-85.0,1.9799659945713248,-1.4690442652359665,0.31288254593239534,-0.7508910525210736,0.8939191149200054,0.0954218275163525,0.13322892787847163,0.3945934547611248,-1.220362901687622,6.9957146644592285,0.9528117179870605
1751121417.005393,d500a44f-2051-d64b-3d63-8985cc792954,0b382092-f560-b9ce-2837-4f4329bf64ef,1,-58.0,-75.0,-69.0,-69.0,1.9485156599941431,-1.4502484732105143,0.25736043089420535,-0.7606792347915508,0.891107948652345,0.07525795299416974,0.1294454082073097,0.29622287541729564,-1.2882684469223022,6.956311225891113,0.951229989528656
1751121418.003515,d500a44f-2051-d64b-3d63-8985cc792954,14d0eb67-8342-a624-4dd8-c4f464392618,6,-63.0,-79.0,-74.0,-74.0,1.9481257732105552,-1.4991756692832863,0.3024679881735315,-0.7913902758501266,1.0928057827608586,0.0907927625214688,0.11667117320933793,0.2583164724360302,-1.3363728523254395,6.92249584197998,0.9909270405769348
1751121418.963254,d500a44f-2051-d64b-3d63-8985cc792954,4d9c726f-2e61-0b5a-ceda-acbef75ba828,33,-57.0,-84.0,-76.0,-69.0,1.8937781122130903,-1.4949407105178425,0.23072056419403372,-0.7851840452458059,1.0102918642844432,0.12966436998318465,0.13466258239466697,0.2606873183069596,-1.374456763267517,6.893277168273926,1.0014747381210327
1751121419.96328,d500a44f-2051-d64b-3d63-8985cc792954,e2b8c962-ec5a-c365-010e-37cd55d7ee61,1,-59.0,-84.0,-69.0,-67.0,1.8911692796092485,-1.5070447776722526,0.30745901837244893,-0.7554908643558584,1.0038275067914666,0.13273695880134995,0.12399145403190916,0.24595229766690335,-1.4188467264175415,6.819366931915283,0.9918344616889954
1751121421.01124,d500a44f-2051-d64b-3d63-8985cc792954,147d8250-a8bf-e16a-e06c-7e79d5a46072,7,-60.0,-81.0,-75.0,-79.0,1.8907250643394236,-1.4446892575930286,0.5112792587117012,-0.7519179674374082,0.8986165981877688,0.14308924852497643,0.09332871605760472,0.18069205114197284,-1.463020920753479,6.747495651245117,1.107759714126587
1751121422.010106,d500a44f-2051-d64b-3d63-8985cc792954,018a75e5-88c5-5394-3f82-3c686dc65af1,11,-57.0,-74.0,-70.0,-74.0,1.8891783003783056,-1.4175015786566276,0.5427690080730163,-0.719580001268903,0.8329009677611917,0.2031974434735805,0.11462896141692429,0.21920900044789576,-1.4451829195022583,6.70412254333496,1.17062783241272
1751121423.003854,d500a44f-2051-d64b-3d63-8985cc792954,23a0ba19-abc4-a560-e684-000b0c67a32c,24,-59.0,-78.0,-84.0,-83.0,1.832491851311533,-1.393435790308072,0.4979820953889356,-0.7089569179966859,0.8228243651446588,0.14546881624847585,0.11071892494922676,0.20296511595798472,-1.47568154335022,6.631675720214844,1.2157191038131714
1751121424.010569,d500a44f-2051-d64b-3d63-8985cc792954,d73e3921-e470-7c2d-8b3e-78c76e5ebf8a,28,-57.0,-79.0,-72.0,-72.0,1.8143365495282449,-1.4011236705848582,0.23480851646730533,-0.7577175333432737,0.7785895257545518,0.1841642139921909,0.1032669424883727,0.21669830533022355,-1.4579088687896729,6.582587242126465,1.3150010108947754
1751121424.964149,d500a44f-2051-d64b-3d63-8985cc792954,2001782d-c6f2-362c-5f31-f04f60422d5a,7,-60.0,-89.0,-70.0,-75.0,1.7643916264448987,-1.4419045231991867,0.6784562666642263,-0.7422123431607234,0.7820943789071505,0.17286502069822995,0.09534626864279991,0.22633347235131893,-1.4538886547088623,6.52511215209961,1.381196141242981
1751121426.006743,d500a44f-2051-d64b-3d63-8985cc792954,4f1581ff-cbc5-fc32-12b3-e239e0edb87e,12,-60.0,-83.0,-82.0,-73.0,1.7356603793406877,-1.4382268308918422,0.6898292960994098,-0.7184010198543248,0.9488671190062015,0.16575013617473103,0.12505030191418945,0.2105731180468254,-1.4188662767410278,6.49793577194214,1.4160653352737427
1751121426.989091,d500a44f-2051-d64b-3d63-8985cc792954,a79ca17b-4ce5-6b86-2dbe-c5530491b995,28,-62.0,-80.0,-76.0,-72.0,1.8087071596160351,-1.4734709715998962,0.5835995286416751,-0.7048319477842622,0.898391760812739,0.11042214061287264,0.06569576907051015,0.20532461010476766,-1.366438865661621,6.47362995147705,1.4644134044647217
1751121428.002711,d500a44f-2051-d64b-3d63-8985cc792954,b4bc06ea-9159-8cc0-e233-9475ec23967a,30,-58.0,-85.0,,-76.0,1.7459460401027918,-1.4520409137821924,,-0.6382228268119633,0.8341700971786689,0.12257389499555202,,0.1875360256035834,-1.2884433269500732,6.460744857788086,1.4527260065078735
1751121428.967031,d500a44f-2051-d64b-3d63-8985cc792954,ae3c5fd6-231e-b3fb-9138-22a931341c8d,22,-58.0,-88.0,,-69.0,1.769251895434293,-1.4199508879111735,,-0.9741947130792366,0.8390332290662355,0.1486582013251979,,0.1948007795174265,-1.1961612701416016,6.4463701248168945,1.4207524061203
1751121430.005887,d500a44f-2051-d64b-3d63-8985cc792954,76ebfe68-aceb-73f1-0484-be91cd0c61ee,27,-53.0,-83.0,,-86.0,1.6848744299850946,-1.4291929890001298,,-0.7688578024991841,0.9177340334938754,0.24773262085562134,,0.20112801750377762,-1.0905132293701172,6.490629196166992,1.3123970031738281
1751121431.007663,d500a44f-2051-d64b-3d63-8985cc792954,7dddbd9d-1d60-369b-8fee-bce8a5b5aa37,27,-51.0,-81.0,,-78.0,1.6804929973596965,-1.3838589298700925,,-0.7863734129886353,0.9796366164507045,0.1723090525311623,,0.22098090138966636,-1.0232652425765991,6.537614822387695,1.157022476196289
1751121431.964636,d500a44f-2051-d64b-3d63-8985cc792954,ec7eba6f-9723-7452-772e-713ee8d08364,16,-53.0,-79.0,,-84.0,1.6905043525295222,-1.413669689322167,,-0.7240687592862315,0.8885538440089046,0.26901315882287435,,0.22453938394871661,-1.0108641386032104,6.561486721038818,1.0485912561416626
1751121432.987473,d500a44f-2051-d64b-3d63-8985cc792954,f2afe2b9-d47f-b99d-9c7b-f6881d82ec0f,34,-62.0,-77.0,-72.0,-69.0,1.6928548585076262,-1.3968917744546678,0.13320093139751218,-0.7254911536244429,0.8434454212022241,0.29400063393519266,0.20508450948774024,0.27522990891350074,-0.969334363937378,6.598053932189941,0.964124321937561
1751121433.963223,d500a44f-2051-d64b-3d63-8985cc792954,f39721c1-c4b5-d4e9-1e4f-f44f92038c04,13,-60.0,-74.0,-74.0,-75.0,1.6395708640495388,-1.3522092576853182,0.07871398707503602,-0.7214127887310955,0.9294694525743913,0.14137557094253766,0.15203034583172667,0.28140561303382644,-0.947006583213806,6.617450714111328,0.888223886489868
1751121435.010938,d500a44f-2051-d64b-3d63-8985cc792954,e2ef9fc6-7e9e-5d2c-444e-15e313624548,24,-54.0,-80.0,-75.0,-86.0,1.6963169679247292,-1.3484110573386474,0.08269408132415944,-0.7534945588027351,0.9811156695411073,0.11372841349431398,0.18284207102426425,0.21724097433659767,-0.907041847705841,6.6626176834106445,0.8433451652526855
1751121436.00634,d500a44f-2051-d64b-3d63-8985cc792954,aeaf9d85-52d4-a968-7055-8bd61ce91804,23,-57.0,-81.0,-75.0,-73.0,1.7085685742035297,-1.3385135523054223,0.09023668616348185,-0.9194873921765564,0.9625236759180734,0.09896609545308445,0.12191125058206988,0.23261878219525814,-0.89337420463562,6.689165115356445,0.82135409116745
1751121437.005822,d500a44f-2051-d64b-3d63-8985cc792954,229d3c22-0715-4cd6-e483-945544454aaf,30,-57.0,-84.0,-75.0,-74.0,1.6943281192226582,-1.3442008659713414,0.05545926443646411,-0.856206823092693,0.8290432457641573,0.07960958318249443,0.09875746174881198,0.21293006554581595,-0.905916154384613,6.712166786193848,0.795244336128235
1751121438.003131,d500a44f-2051-d64b-3d63-8985cc792954,78d2803c-3db3-a2f5-04d5-cb313c2b6ba5,2,-60.0,-76.0,-69.0,-65.0,1.774661308240462,-1.3729068130451962,0.11898923855641333,-0.9906137669898476,0.9002125640500261,0.09047487263347581,0.0880275524273691,0.1665216040082566,-0.9622182846069336,6.71964406967163,0.8039153218269348
1751121438.963367,d500a44f-2051-d64b-3d63-8985cc792954,df8dd2eb-7058-02ec-047a-597afbb36e25,1,-58.0,-74.0,-68.0,-68.0,1.7661328011655923,-1.3617166096188467,0.17124232335653106,-0.9541375148034684,0.765897432631452,0.13525325487968973,0.08095619394293618,0.12460941559572684,-1.0453674793243408,6.714572429656982,0.8404691219329834
1751121439.988334,d500a44f-2051-d64b-3d63-8985cc792954,7e6c06b6-3242-097d-d4e6-1220026e9b68,6,-57.0,-73.0,-70.0,-75.0,1.924247870876905,-1.3933736054966184,0.1896559517655569,-0.8734268227011455,0.8314924218606488,0.14912498688526157,0.11241306158716705,0.1105374721328299,-1.0813885927200317,6.70410442352295,0.9450954794883728
1751121440.963619,d500a44f-2051-d64b-3d63-8985cc792954,49ca7820-56bd-6394-a914-2c7f610a1639,20,-54.0,-85.0,-72.0,-72.0,1.8455029911332241,-1.4067128467646073,0.1981530335395637,-0.8490373271220908,0.8959828650277349,0.18389906301615985,0.12477364108882227,0.10156756275203632,-1.0871704816818237,6.697019577026367,1.080531358718872
1751121442.007009,d500a44f-2051-d64b-3d63-8985cc792954,d449f18a-b8f0-ccae-ab40-5a48cbdce5bc,20,-60.0,-84.0,-69.0,-74.0,1.865944350396236,-1.4569619028444407,0.15943226918646566,-0.8550691206750113,0.8586911529155734,0.3095315569117758,0.06525122922792709,0.11402435727044906,-1.0878795385360718,6.713501930236816,1.1710221767425537
1751121442.964922,d500a44f-2051-d64b-3d63-8985cc792954,0582b65f-8b28-becd-5f58-1c89ddd8b092,27,-56.0,-80.0,-75.0,-79.0,1.8530221601549537,-1.3787034494738626,0.07136392878252631,-0.9724996110454012,0.8533234851594915,0.3088983570730959,0.1276804231619949,0.2186418636490066,-1.0786136388778687,6.740968704223633,1.223329782485962
1751121443.96365,d500a44f-2051-d64b-3d63-8985cc792954,dbab02a0-27a1-ee24-c275-8251197122b9,9,-57.0,-78.0,-72.0,-78.0,1.8815440827974843,-1.4376860760325014,0.07833182345860965,-0.8791544832575788,0.8954001653812257,0.30932206600252754,0.2265694783581704,0.16187761698889006,-1.036523699760437,6.775716304779053,1.2375987768173218
1751121445.010714,d500a44f-2051-d64b-3d63-8985cc792954,f2ab4fdd-4f8d-e6f2-4dbf-2cfe1dc67371,17,-60.0,-85.0,-69.0,-67.0,1.904086676160569,-1.4067105830776812,0.09140900967533473,-0.9327351538611011,0.9257107335908809,0.20761749193478501,0.3707593281378925,0.1509805943090447,-0.966201424598694,6.811033248901367,1.2005019187927246
1751121445.964624,d500a44f-2051-d64b-3d63-8985cc792954,2920dece-c379-f315-a070-753b70d860cb,18,-57.0,-90.0,-70.0,-68.0,1.8651177051938757,-1.4118945592975747,0.13200517206806658,-0.76125660811588,0.8632785810512895,0.1236341410374046,0.28134872125503957,0.1440673277248216,-0.9115474224090576,6.847218990325928,1.1338438987731934
1751121446.965289,d500a44f-2051-d64b-3d63-8985cc792954,c352ac7f-a303-e151-eaf6-523b533d07e9,20,-59.0,-81.0,-69.0,-72.0,1.8516682090567573,-1.4324586902868397,0.12580852884367022,-0.7345797234765562,0.8969653717328926,0.3874695987137036,0.15481802634752392,0.1586333707937123,-0.8995962142944336,6.88417911529541,1.0878651142120361
1751121448.004478,d500a44f-2051-d64b-3d63-8985cc792954,e3c3a0d1-34dc-6429-2dc8-4435ed8b705a,23,-56.0,-81.0,-74.0,-73.0,1.766011893652103,-1.3727322428357414,0.10329043656261423,-0.7706778067881442,0.8628174547085423,0.2853686297624597,0.1298750177030315,0.1985237954975732,-0.8789994716644287,6.934295654296875,1.0568711757659912
1751121448.965611,d500a44f-2051-d64b-3d63-8985cc792954,9c376085-2970-2d05-9bac-166da81b840a,25,-56.0,-85.0,-74.0,-81.0,1.78688415237949,-1.3340913733153459,0.11623286682818132,-0.7741577593845509,0.7569879603626466,0.4982206147540659,0.12899728974201183,0.20890771025914434,-0.8588029742240906,6.996860027313232,1.0611122846603394
1751121449.9893,d500a44f-2051-d64b-3d63-8985cc792954,5aff4c8b-0b36-d08f-e3f6-fa25bab01819,22,-56.0,-82.0,-71.0,-72.0,1.8269013435512385,-1.3558906784181897,0.13932327242749534,-0.7515315427632376,0.8343849476996111,0.5902640226905711,0.10701386866168126,0.2216954940891619,-0.8885599374771118,7.0579986572265625,1.0796221494674683
1751121450.974344,d500a44f-2051-d64b-3d63-8985cc792954,0a67f32b-5fdd-32f9-be06-618f3f98eef3,13,-58.0,-84.0,-70.0,-68.0,1.858648354273855,-1.4198161319600153,0.18004806550087804,-0.7787498480521745,1.0005877047463578,0.5293048978394163,0.17682181228781518,0.30770749130215336,-0.907232403755188,7.11296844482422,1.085422396659851
1751121451.989002,d500a44f-2051-d64b-3d63-8985cc792954,c55893d5-ede6-29f8-c1d7-afc41429c3af,5,-57.0,-75.0,-68.0,-69.0,1.8954143583868353,-1.40671883887706,0.18967992021536761,-0.7617847129600427,0.7983852016112741,0.3429453402921322,0.12947198156156164,0.28362256148326287,-0.9021156430244446,7.141363620758057,1.068389654159546
1751121453.003654,d500a44f-2051-d64b-3d63-8985cc792954,a202af79-829f-9020-b48f-0cf938d9e795,2,-57.0,-76.0,-75.0,-98.0,1.9654741371835498,-1.385877472818318,0.20546740547346637,-0.7283801507749608,0.7061506785770422,0.31538019156072616,0.11674879603273533,0.23795733827167417,-0.9281089305877686,7.15489625930786,1.0443192720413208
1751121453.989448,d500a44f-2051-d64b-3d63-8985cc792954,6b968b7b-93d0-bd41-131d-17948376fb46,30,-53.0,-72.0,-83.0,-85.0,1.9140037554278062,-1.4415374064429196,0.15973240744131756,-0.8624269021346821,0.8075367552231679,0.26935021514833746,0.09024745532113987,0.1948084693950741,-0.9942492246627808,7.161503791809082,1.0457807779312134
1751121454.964756,d500a44f-2051-d64b-3d63-8985cc792954,089b56ec-c8c3-6581-ec72-9ed097215c24,35,-56.0,-76.0,-87.0,-84.0,1.7940331420096984,-1.4710299181447295,0.16249517075616582,-1.0821440836528355,0.9173420827604432,0.3129820482886234,0.09559876960365303,0.2513608116562044,-1.0892589092254639,7.165043354034424,1.0683743953704834
1751121456.006644,d500a44f-2051-d64b-3d63-8985cc792954,ce16e81e-1ef1-2bad-4fff-783d4b76d36f,9,-56.0,-75.0,-80.0,-66.0,1.8755791345879251,-1.5030090233563467,0.205522000275813,-0.9046899370536947,0.9928954968328003,0.30590053650253457,0.1266706107332857,0.2640386402227153,-1.1476114988327026,7.162493705749512,1.1150555610656738
1751121457.007851,d500a44f-2051-d64b-3d63-8985cc792954,83660ed8-be6d-312c-e39c-cac2b9e288af,33,-54.0,-80.0,-83.0,-80.0,1.907576482453009,-1.5169669169455609,0.2905612612558962,-0.9601191077698409,0.9060785758250892,0.14722848329398885,0.12817191786354742,0.1197164563039515,-1.1677297353744507,7.15493392944336,1.1498637199401855
1751121458.004796,d500a44f-2051-d64b-3d63-8985cc792954,8c41a95d-640f-c4bc-df19-f25f91d3f87d,9,-58.0,-82.0,-74.0,-69.0,1.8683097700764446,-1.4951826587028758,0.2546669097676992,-0.9659756653230341,0.8057625573049573,0.08171130830289294,0.16973067983228846,0.12661407681677034,-1.1795765161514282,7.14178466796875,1.1910151243209839
1751121459.006317,d500a44f-2051-d64b-3d63-8985cc792954,82e2eabb-513f-da2d-f629-6d1cfafd9ec3,13,-57.0,-84.0,-71.0,-73.0,1.8630494942913203,-1.4348307678697731,0.22481287394791094,-0.8242608742366476,0.8835927077932232,0.11433308421981649,0.1785418814568701,0.1269292203198892,-1.1852662563323975,7.125822067260742,1.2068309783935547
1751121459.989871,d500a44f-2051-d64b-3d63-8985cc792954,5d1170f1-4000-d7b9-9e65-5ec54f249dad,19,-54.0,-76.0,-74.0,-74.0,1.8192303743473741,-1.4836395864320913,0.22607041861464638,-0.7672585742645915,0.8998831976022106,0.11716693729101299,0.22686578831895535,0.10927440140683256,-1.1971288919448853,7.104435920715332,1.20077121257782
1751121461.012057,d500a44f-2051-d64b-3d63-8985cc792954,2ca68efe-6c3e-a2a8-c30b-31c6a6af1e15,2,-57.0,-80.0,-71.0,-69.0,1.8089500399074505,-1.5067377151985666,0.27059634151189915,-0.7477024497479218,0.8958867914914104,0.1503168679863697,0.19413597128555865,0.10752206637669565,-1.1970092058181763,7.07891607284546,1.2022409439086914
1751121462.012397,d500a44f-2051-d64b-3d63-8985cc792954,5da5e5af-ed5d-fc7f-83eb-37562a7869ad,19,-58.0,-79.0,-81.0,-77.0,1.8061675692005357,-1.5384674153740978,0.2531584953262783,-0.7667267409949028,0.8988160023743886,0.1393702023193296,0.16818328337041152,0.10746390959639104,-1.2122881412506104,7.04758644104004,1.2423760890960693
1751121463.005384,d500a44f-2051-d64b-3d63-8985cc792954,fcae5f4f-bea3-9cd9-722f-eb3e0944ee10,25,-60.0,-78.0,-75.0,-83.0,1.7904011229150485,-1.508888084620751,0.23437708437071253,-0.7221363695992701,0.8185890069050513,0.12365671965002142,0.1916521408053826,0.10042366848482004,-1.209181308746338,7.01769495010376,1.280727744102478
1751121464.007662,d500a44f-2051-d64b-3d63-8985cc792954,468228c0-81c8-d680-7368-d5d2a5bf59a3,24,-60.0,-82.0,-76.0,-72.0,1.7747529209819608,-1.4970439419887327,0.16067436751887862,-0.7807879652344121,0.8399765207243416,0.10564757547630815,0.23200400810237018,0.12766861370703608,-1.1838570833206177,6.99158477783203,1.3075478076934814
1751121465.010796,d500a44f-2051-d64b-3d63-8985cc792954,c0057425-9bc0-abea-a8e3-b00aed115133,24,-61.0,-87.0,-77.0,-69.0,1.7482608597222888,-1.50454233835396,0.1563022559572955,-0.7585460427583974,0.8089488963911825,0.09825373315100187,0.2228104930585508,0.11938386077331423,-1.1486220359802246,6.971766471862793,1.3451101779937744
1751121465.988647,d500a44f-2051-d64b-3d63-8985cc792954,623b211d-c159-ea1e-1369-62ba0d826e8b,33,-60.0,-76.0,-79.0,-74.0,1.7330366330347418,-1.4337013212514704,0.0672056690564766,-0.7515674954379538,0.941698621721008,0.10972765477960725,0.172931949265375,0.11384857199374701,-1.1451611518859863,6.960465908050537,1.3747016191482544
1751121466.964285,d500a44f-2051-d64b-3d63-8985cc792954,96664471-2dd5-028b-6d14-afd952860099,21,-59.0,-83.0,-75.0,-81.0,1.680109502162725,-1.5785449271445366,0.3616942939719126,-0.7316137609705351,0.9721921490975515,0.15958421917141152,0.08767229506033093,0.12043121545101515,-1.1425377130508423,6.94336175918579,1.4124832153320312
1751121468.005034,d500a44f-2051-d64b-3d63-8985cc792954,68c15cd5-36e6-494b-034d-11e092337256,29,-60.0,-78.0,-76.0,-71.0,1.690730721222179,-1.5080866062906917,0.26331579172384056,-0.6786165889618492,0.8178417239031751,0.22671400478157766,0.1263256980826068,0.170808327967389,-1.1321197748184204,6.924931526184082,1.4172834157943726
1751121468.965468,d500a44f-2051-d64b-3d63-8985cc792954,80a6deff-2c6f-830f-02a2-cc51124f194e,9,-60.0,-74.0,-69.0,-78.0,1.7037248168128938,-1.4794839898671317,0.17814576953423444,-0.6845884613902429,0.9686191856000741,0.202155748013196,0.11867949627688032,0.1710080151148745,-1.1324676275253296,6.901893615722656,1.407385230064392
1751121469.965907,d500a44f-2051-d64b-3d63-8985cc792954,84498646-ceee-44a1-7df6-c6507e303ed8,10,-59.0,-72.0,-73.0,-76.0,1.6508232522873416,-1.5247035330702958,0.22352310503198558,-0.6698132436624833,0.9795503966104132,0.16193687232314433,0.1163387524486472,0.1141583725299289,-1.1096543073654175,6.8822174072265625,1.4202442169189453
1751121470.988415,d500a44f-2051-d64b-3d63-8985cc792954,93ea77c1-f9d0-fed8-8fe4-99c254f82362,7,-61.0,-71.0,-73.0,-80.0,1.6619984088535322,-1.673477964732319,0.20228785744802075,-0.7267937057136007,0.9439724952387449,0.1768707645176022,0.1368820691695174,0.19142097842276376,-1.0978983640670776,6.868140697479248,1.4316295385360718
1751121472.008616,d500a44f-2051-d64b-3d63-8985cc792954,59c5c165-4a76-79ed-6dd0-a7d724391a65,7,-60.0,-73.0,-74.0,-73.0,1.7451492223046403,-1.6840098347372003,0.26798138363755036,-0.769354215726375,0.9346410450952163,0.20701425265836843,0.15424897540160123,0.13910118143733954,-1.0952770709991455,6.8594069480896,1.4382513761520386
1751121473.005242,d500a44f-2051-d64b-3d63-8985cc792954,13849f10-d32a-89e0-aa65-f05da0e953c9,24,-58.0,-77.0,-74.0,-76.0,1.7942238243437483,-1.5188409834046497,0.2159730433416109,-0.7068444986200351,0.8620520622112533,0.1478821561835488,0.1659147694643684,0.13193826014567836,-1.103384256362915,6.8518195152282715,1.4691952466964722
1751121473.964648,d500a44f-2051-d64b-3d63-8985cc792954,af363092-cce3-ea4c-dc51-a7be05d230f4,20,-57.0,-77.0,-75.0,-83.0,1.8259489971454261,-1.5675651134443036,0.19776554360095722,-0.7327618497164682,0.875170061371684,0.12334249993090571,0.1925816339600907,0.1411834238698884,-1.127261996269226,6.839786052703857,1.4986652135849
1751121475.008262,d500a44f-2051-d64b-3d63-8985cc792954,74d2fa4c-d474-acde-5880-7b2beb3e5c2f,15,-57.0,-75.0,-74.0,-77.0,1.7632709682581935,-1.517306203668437,0.24483398639090864,-0.7740040949896533,0.834726564688441,0.13120469242341604,0.27858912044398587,0.15129814297952301,-1.149407148361206,6.822908401489258,1.5132830142974854
1751121476.006512,d500a44f-2051-d64b-3d63-8985cc792954,2351f013-919f-7f82-d306-66d10de59dfc,7,-53.0,-73.0,-69.0,-76.0,1.7541011719928323,-1.5210318328754033,0.16434340455268082,-0.8196663887240428,0.9252920180884932,0.1415912204118068,0.1957745976595276,0.11072030646404224,-1.1677424907684326,6.801438808441162,1.5336872339248657
1751121477.008329,d500a44f-2051-d64b-3d63-8985cc792954,5e3ca927-dbd4-ad1a-ae0b-9364092cedb3,2,-61.0,-74.0,-83.0,-78.0,1.6738723788897596,-1.1507147559260325,0.2102512417395757,-0.813992524021629,0.7724430831167033,0.1138792982148238,0.21095787824531462,0.1495977146235074,-1.1640658378601074,6.792617321014404,1.537034511566162
1751121478.005338,d500a44f-2051-d64b-3d63-8985cc792954,6e772f18-3fd5-0707-b7ad-df6fc2d4bf47,21,-56.0,-84.0,-73.0,-75.0,1.7197202949521275,-1.2008829850667813,0.2164896965930863,-0.8315307713803458,0.806524554271856,0.14832136138157334,0.19463468148918958,0.14581178146260762,-1.176390290260315,6.789183139801025,1.553781270980835
1751121478.964369,d500a44f-2051-d64b-3d63-8985cc792954,bf81b3d4-43d9-6f15-26cb-5da60d459b08,20,-58.0,-78.0,-75.0,-77.0,1.7212026104148657,-1.319764232440992,0.19284934822867092,-0.837548982811707,0.8722685473640427,0.12488700852747557,0.1907229805458108,0.1586157606410042,-1.17242968082428,6.7962965965271,1.5764143466949463
1751121479.989626,d500a44f-2051-d64b-3d63-8985cc792954,c26e37a1-8590-b63e-e610-2a3756763ead,24,-58.0,-83.0,,-79.0,1.7210348312661905,-1.3162641729783553,,-0.8101905952494318,0.8399403683125436,0.12224470331768303,,0.15643133604638032,-1.1773744821548462,6.80683708190918,1.58709442615509
1751121481.008586,d500a44f-2051-d64b-3d63-8985cc792954,e31e3a72-2efd-a20d-b377-e068a0e2dd68,19,-56.0,-78.0,,-75.0,1.6886198997421822,-1.2666697218944638,,-0.7959149865421712,0.8613023823643962,0.17780408596637728,,0.13297333099285127,-1.1763924360275269,6.8187894821167,1.5995997190475464
1751121481.965815,d500a44f-2051-d64b-3d63-8985cc792954,3249a4c5-853b-83eb-acdd-776a909552f5,26,-59.0,-79.0,,-80.0,1.6461946783127839,-1.3307417824542986,,-0.7374463500739176,0.918357213188954,0.2055368973331606,,0.1557004647747217,-1.179003119468689,6.812775135040283,1.6143184900283813
1751121482.987388,d500a44f-2051-d64b-3d63-8985cc792954,85938a90-70a1-d211-703e-414d0e06e00b,0,-62.0,-81.0,,-63.0,1.6553751272225052,-1.376454942565509,,-0.7489735765362165,0.9960070676714217,0.1840394615398775,,0.14689111071814623,-1.1666972637176514,6.807869911193848,1.6207400560379028
1751121483.96621,d500a44f-2051-d64b-3d63-8985cc792954,0fe2e227-22c1-10ef-b755-f7caf2cbaabe,13,-57.0,,,,1.6929784291822059,,,,1.172026169917173,,,,,,
1751121484.964076,d500a44f-2051-d64b-3d63-8985cc792954,ec177122-c904-37f0-68dd-9aa631319f9d,26,-58.0,-79.0,,,1.6676970409540837,-1.3639897507672838,,,1.0410086311393625,0.15659713446899454,,,-1.1461880207061768,6.802477836608887,1.5951391458511353
1751121486.012317,d500a44f-2051-d64b-3d63-8985cc792954,c7098a77-9696-61fb-f65b-b7f2b2fd2796,20,-59.0,-81.0,-75.0,,1.7116919295299746,-1.3914651842594679,0.32503321840588184,,0.9438997243619585,0.13517916906711508,0.449388094058046,,-1.1531630754470825,6.767114639282227,1.550477147102356
1751121487.008424,d500a44f-2051-d64b-3d63-8985cc792954,7f30ff46-43da-1764-673d-9bfe3ca81445,2,-59.0,-71.0,-74.0,,1.7678148537100864,-1.3530654639757789,0.19067487719862122,,0.8861239092512889,0.11435803471027915,0.3222594362620234,,-1.1579794883728027,6.73821496963501,1.483752965927124
1751121488.005184,d500a44f-2051-d64b-3d63-8985cc792954,83bc4f73-3c81-2c31-5ee8-566b33005d46,3,-58.0,-69.0,-71.0,,1.7887089503584122,-1.3450420254016429,0.17244021321484868,,0.7977017678965327,0.11309965780570311,0.31603599497915813,,-1.1751103401184082,6.719120025634766,1.3774505853652954
1751121489.009281,d500a44f-2051-d64b-3d63-8985cc792954,58a47a89-80f0-3570-81f6-e2263fa5ceed,22,-62.0,-72.0,-77.0,,1.7923164683710335,-1.382059698237635,0.0866387555307848,,0.6604582245433074,0.11250955124241199,0.2889442564210273,,-1.1667183637619019,6.716575622558594,1.26228928565979
1751121490.012783,d500a44f-2051-d64b-3d63-8985cc792954,7de84219-81c0-8998-cb3e-09fed2ebff15,15,-60.0,-82.0,-84.0,,1.8338543245252175,-1.355051116884542,0.09716063868157886,,0.7288310905265386,0.09704357610691307,0.275523788739791,,-1.1825337409973145,6.721650123596191,1.1432476043701172
1751121491.011124,d500a44f-2051-d64b-3d63-8985cc792954,50b27499-1813-69c1-2b82-0cf53bd9f036,4,-57.0,-77.0,-70.0,,1.8572251609873167,-1.3526197839673542,0.19474951366644247,,0.6973247629874378,0.11025789015264201,0.33201928915640494,,-1.1953305006027222,6.728954315185547,0.9971207976341248
1751121492.01283,d500a44f-2051-d64b-3d63-8985cc792954,f508ed84-6007-1fda-251b-d9f585460b78,11,-57.0,-84.0,-74.0,,1.8319011621817534,-1.343771697561675,0.05561346146357969,,0.7567715785240776,0.1070352821413212,0.3761665438361621,,-1.1962848901748657,6.747180461883545,0.8453498482704163
1751121493.0058,d500a44f-2051-d64b-3d63-8985cc792954,47342185-97b8-628d-5377-ca5aa84cccc0,3,-58.0,-82.0,-70.0,,1.8052876607763735,-1.3986894081904713,0.03988270153669965,,0.7799515994940728,0.14571196285600005,0.3519676973016435,,,,
1751121494.012177,d500a44f-2051-d64b-3d63-8985cc792954,1fb225f5-a5f2-8de4-b031-b67dfa55d90f,5,-56.0,-76.0,-75.0,-69.0,1.8790060902786387,-1.415014851988766,0.12470411593961436,-0.7403238956317482,0.84173453993893,0.1231357886960451,0.38258895654196995,0.10997208303340608,-1.1344348192214966,6.78039312362671,0.7402458786964417
1751121494.989035,d500a44f-2051-d64b-3d63-8985cc792954,4a8535aa-0972-5d38-8590-fdcb9ed44ce0,26,-62.0,-81.0,-78.0,-81.0,1.7918631983535023,-1.4217822106347664,0.17468126327215036,-0.8407801961623,0.9303411717782015,0.10225416729295078,0.25268561778522114,0.0955716969066967,-1.1306004524230957,6.8133978843688965,0.6923458576202393
1751121496.008554,d500a44f-2051-d64b-3d63-8985cc792954,2dbd4bb8-89db-af27-ee6e-cc8ccf5f710e,28,-62.0,-74.0,-75.0,-81.0,1.7912469428772577,-1.4435148035523035,0.16454900058883493,-0.8025033807629183,0.9466305963227531,0.09410659212250325,0.28378967484166534,0.11200754537693206,-1.1404719352722168,6.844116687774658,0.47005075216293335
1751121496.967097,d500a44f-2051-d64b-3d63-8985cc792954,b6b6776c-8d28-b8ee-f8b8-1eb2fe4b7f17,32,-57.0,-72.0,-82.0,-86.0,1.7922946304500949,-1.4536242962082986,0.13417511572426316,-0.7408490709987119,0.9744202828235664,0.15015849312529403,0.33086294461109256,0.09563678622821392,-1.1302684545516968,6.903730869293213,0.3683496415615082
1751121498.006513,d500a44f-2051-d64b-3d63-8985cc792954,3b39dd41-2956-8c25-9bda-145838000d2c,4,-61.0,-74.0,-68.0,-77.0,1.707841531225938,-1.4751696689012035,-0.004965197536343732,-0.7682202417342192,1.0142078429303227,0.14979936585229686,0.2263607198182218,0.13117136129789803,-1.1069374084472656,6.95789623260498,0.3633023500442505
1751121498.99008,d500a44f-2051-d64b-3d63-8985cc792954,857988e1-fcde-55d7-ddff-a66c5279f323,31,-60.0,-73.0,-80.0,-82.0,1.7346739444729224,-1.4945377742449137,0.04475948212485274,-0.6682449080965356,0.9794240961957162,0.17558678797704774,0.2947187553231325,0.21832463122890772,-1.093557596206665,6.99098539352417,0.4000966250896454
1751121500.007875,d500a44f-2051-d64b-3d63-8985cc792954,e87c5611-632b-298d-75ac-d00d7641ceac,33,-60.0,-75.0,-78.0,-73.0,1.761645907361027,-1.4814898828001795,0.05850698598795078,-0.624431380790879,0.9167366130866136,0.19181687396356084,0.3132175383080137,0.18508010838058275,-1.095265507698059,7.00016736984253,0.453244298696518
1751121500.965488,d500a44f-2051-d64b-3d63-8985cc792954,615a7cb6-152f-60ac-7441-f50342048696,17,-58.0,-77.0,-73.0,-74.0,1.7705307453897492,-1.4951961076663811,0.19539453128245965,-0.7385510292940823,0.9239688265008872,0.2126293447244756,0.12699033986690653,0.1456298542706416,-1.0773459672927856,7.002700328826904,0.5457053184509277
1751121501.965989,d500a44f-2051-d64b-3d63-8985cc792954,e967d348-b0cc-716d-7e39-8e4b1c026a2a,32,-58.0,-87.0,-76.0,-75.0,1.8044993650937102,-1.4886706972054145,0.17786134392981398,-0.6995258656283883,0.7886974870929202,0.21216092797824426,0.1156527637637348,0.1455256580929922,-1.0632089376449585,7.000000476837158,0.664409875869751
1751121502.99037,d500a44f-2051-d64b-3d63-8985cc792954,7479fa29-47d7-9ec9-56b7-6c0f1b21a9c4,7,-67.0,-75.0,-71.0,-81.0,1.7659048345762816,-1.441068556933011,0.1588927127496156,-0.6682808607712516,0.9728318403913887,0.15027081194426814,0.17484005425214633,0.13290616107673245,-1.0694905519485474,6.981977939605713,0.812968909740448
1751121503.965295,d500a44f-2051-d64b-3d63-8985cc792954,3ade4316-1d00-360e-c538-b7551edb7ab9,14,-59.0,-90.0,-75.0,-69.0,1.7790422082336426,-1.3551769512460485,0.22248873326459878,-0.6418053111103379,0.9937176146613079,0.07266877784812428,0.23793085646358467,0.12107432724237724,-1.1347705125808716,6.960236549377441,0.908745527267456
1751121505.012565,d500a44f-2051-d64b-3d63-8985cc792954,b927f06e-9602-343e-d9a5-6453b11141ea,34,-57.0,-86.0,-75.0,-70.0,1.7665109700403838,-1.389400834940493,0.11274226158741446,-0.6543986009569955,0.8929296174169863,0.08909503893843532,0.19379037619985043,0.12126077348581803,-1.152992606163025,6.93415355682373,0.9447203278541565
1751121506.012136,d500a44f-2051-d64b-3d63-8985cc792954,f62b62f2-806d-3792-ccf1-f5dfe1ff6f88,34,-61.0,-80.0,-75.0,-70.0,1.7421686124126237,-1.447190232172722,0.01774783813650606,-0.7108195328630873,0.9038061670459517,0.10551001488362716,0.14223252624705468,0.1729016225184617,-1.16044545173645,6.9040679931640625,1.1521220207214355
1751121507.010891,d500a44f-2051-d64b-3d63-8985cc792954,48622822-d5a1-2c63-4e92-7bd2f146fc8c,28,-62.0,-85.0,-71.0,-76.0,1.6877948524364756,-1.4688053796861864,0.06896095853094783,-0.8323358449778767,0.8727630963784705,0.10901363632422179,0.16944888409944445,0.1859144933948614,-1.1468292474746704,6.881311416625977,1.2657946348190308
1751121508.006106,d500a44f-2051-d64b-3d63-8985cc792954,7f1aadc9-9c16-822c-d024-21b97374fc99,2,-59.0,-78.0,-69.0,-71.0,1.7514422719604974,-1.482495758743902,0.23314084499269774,-0.841652115103192,0.9284806208616451,0.09728217037344894,0.12862170912690502,0.16116738521567955,-1.1457828283309937,6.863374710083008,1.3071608543395996
1751121508.990005,d500a44f-2051-d64b-3d63-8985cc792954,bebd20d9-da96-b2f8-f7da-6bc97cd41898,23,-53.0,-77.0,-71.0,-93.0,1.7118543823564696,-1.4586621980424017,0.23337280632364363,-0.84850868964571,0.8783616602010623,0.14304913466105712,0.10659087545679263,0.23903280594363222,-1.1393908262252808,6.857333660125732,1.34738028049469
1751121509.966241,d500a44f-2051-d64b-3d63-8985cc792954,b4fd2e5e-0acc-a260-da38-1377f99bd4e9,3,-54.0,-77.0,-77.0,-68.0,1.7718873596490357,-1.4728432645309646,0.19040643056074125,-0.8436790470088513,0.8296836694272942,0.0877256664730518,0.09978551683098821,0.2581808343127611,,,
1751121511.008837,d500a44f-2051-d64b-3d63-8985cc792954,ff16a918-f4d9-bd67-7c75-e668f2721a81,15,-58.0,-82.0,-75.0,-74.0,1.839413939616867,-1.462496351063789,0.18690863478503117,-0.7303950984557147,0.9223386390186226,0.1831726026050567,0.09368038647954968,0.20618878923374157,-1.1425538063049316,6.86002254486084,1.3735746145248413
1751121512.012636,d500a44f-2051-d64b-3d63-8985cc792954,bb06f4ce-44be-818c-a067-2c9e47774c59,4,-56.0,-76.0,-75.0,-68.0,1.8356322508689544,-1.4550504189720364,0.12970526615067418,-0.797321668229951,0.899107818250834,0.13978389942753813,0.1331876572039538,0.21325828350541143,-1.1491320133209229,6.863314628601074,1.3641170263290405
1751121513.00777,d500a44f-2051-d64b-3d63-8985cc792954,4f36c9ba-87bc-33f9-d63d-6bc435d96223,17,-58.0,-75.0,-71.0,-94.0,1.8693260323484187,-1.4056469165383034,0.2757596782333448,-0.747478477900246,0.8154308307473536,0.15221428703926704,0.1448874315377547,0.22499103942483728,-1.166926622390747,6.862879276275635,1.3448914289474487
1751121513.9666,d500a44f-2051-d64b-3d63-8985cc792954,b76fdaec-1dfb-4f62-b6f5-4ecfe70f03c3,3,-56.0,-72.0,-68.0,-69.0,1.8601413223809535,-1.4157811765924362,0.1084617627673301,-0.8952125456824296,0.8100581695642278,0.12102466761042567,0.12173386740871377,0.18563940549901303,-1.173335313796997,6.874928951263428,1.2856489419937134
1751121515.009642,d500a44f-2051-d64b-3d63-8985cc792954,e377eb6f-dc52-8e53-daa4-cf48df21a0ea,25,-53.0,-87.0,-80.0,-76.0,1.8604433248485686,-1.4334571093795103,0.2002084612688869,-0.8310522013324586,0.9146582155928884,0.1046054222851113,0.13222525736502647,0.12766716561319336,-1.1295709609985352,6.89853858947754,1.2978692054748535
1751121515.965759,d500a44f-2051-d64b-3d63-8985cc792954,00b08877-2bec-b73b-28d4-e44ae5d2a35c,36,-59.0,-87.0,-74.0,-69.0,1.8215121707693542,-1.4956821345653206,0.2063193507061827,-0.828004213464863,0.8790704605251869,0.1485214313584655,0.1433444126469196,0.1252688891830361,-1.078378438949585,6.923889636993408,1.3118505477905273
1751121517.012179,d500a44f-2051-d64b-3d63-8985cc792954,e5290e68-3837-b527-76fe-19ea7127d5ed,21,-57.0,-81.0,-75.0,,1.8162582865708459,-1.5244630496238614,0.1715027805111408,,0.8649870654696026,0.22901717307130542,0.15904344766731407,,-1.0525761842727661,6.954644680023193,1.3373922109603882
1751121518.006864,d500a44f-2051-d64b-3d63-8985cc792954,dba1d72c-d56c-1b27-ef1a-3aaaec7161b6,28,-59.0,-77.0,-74.0,,1.7966414419813221,-1.4593467636006066,0.14782461525924628,,0.8192690450894031,0.17561380241735525,0.1349716921734411,,-1.047895908355713,6.98429822921753,1.347212791442871
1751121519.011981,d500a44f-2051-d64b-3d63-8985cc792954,368b2b5c-7301-2533-933f-436665a7b24d,6,-63.0,-79.0,-75.0,,1.7321098529753942,-1.4923145673669154,0.35137960475392677,,0.9561055908490369,0.2054877120767782,0.1303394480300061,,-1.046363115310669,6.9945330619812,1.316646695137024
1751121519.966387,d500a44f-2051-d64b-3d63-8985cc792954,bf53ee43-314e-e16a-813c-117ce2b68c59,1,-63.0,-83.0,-69.0,,1.7039975245085177,-1.520216905581839,0.37205026218679477,,1.0618306227011745,0.2832443260294444,0.14750298862334874,,-1.0473884344100952,6.99393081665039,1.278019666671753
1751121521.009572,d500a44f-2051-d64b-3d63-8985cc792954,90259048-8f4c-4dc0-969d-4255577e9a3e,11,-57.0,-75.0,-75.0,,1.7906322852976675,-1.469105651099093,0.33148951983656094,,0.9362398072766182,0.27304513477898384,0.136006496704505,,-1.0382859706878662,6.986365795135498,1.25256609916687
