create_time,idppe,idbeacon,bluetooth_channel,rssi_1,rssi_2,rssi_3,rssi_4,az_1,az_2,az_3,az_4,el_1,el_2,el_3,el_4,x,y,z
1755133868.217613,72828ff7-3ccc-0c5d-596b-8331ba7d4f39,7f89f15f-71ec-8e87-6d8b-3b0d38771287,26,-60.0,NaN,NaN,-79.0,2.829749273114747,NaN,NaN,-1.1010731668908462,0.5754014532790569,NaN,NaN,0.24022758323242585,NaN,NaN,NaN
1755133869.258674,72828ff7-3ccc-0c5d-596b-8331ba7d4f39,5150eac0-314e-d178-c192-fbe8c9c07c22,30,-61.0,NaN,-94.0,-81.0,2.7692742110812274,NaN,0.30058300275397337,-1.077518172839368,0.6748261117823393,NaN,0.43772887467421995,0.29028186236803327,-3.3571667671203613,5.3555684089660645,1.039927363395691
1755133870.217746,72828ff7-3ccc-0c5d-596b-8331ba7d4f39,f4da3c04-ae7f-1ebe-578d-69fc3ee24809,22,-62.0,NaN,-84.0,-79.0,2.7364113358618676,NaN,0.20884003267794268,-1.1115705489596115,0.6679919743720053,NaN,0.3425134421423486,0.22212514519677573,-3.4279239177703857,5.46954870223999,1.0466536283493042
1755133871.258605,72828ff7-3ccc-0c5d-596b-8331ba7d4f39,9eaff9a0-9461-37da-d43c-9ab16a04dda5,15,-62.0,-82.0,-86.0,-77.0,2.677367456598157,3.0993293523546717,0.3975391106638342,-1.0889982613503724,0.670779704822073,0.8979714474136974,0.3735498549071048,0.21720007816910814,-3.43951940536499,5.609177112579346,1.0302753448486328
1755133872.257067,72828ff7-3ccc-0c5d-596b-8331ba7d4f39,0e876e1b-b67f-4ea1-96a8-0f668d36bf58,26,-62.0,-90.0,-82.0,-80.0,2.624295982395058,2.737342376978959,0.40154557020774934,-1.0883564395276633,0.6918714746023098,0.954697577580712,0.38172925485257875,0.17785000885042435,-3.4281468391418457,5.74034070968628,0.99431312084198
1755133873.254434,72828ff7-3ccc-0c5d-596b-8331ba7d4f39,7dc63d9d-caec-c58d-1d54-994d79145fad,1,-60.0,-80.0,-71.0,-80.0,2.637109515663865,2.512544949365371,0.3039455099463074,-1.0792850470645807,0.49565828760075975,0.9304349150485723,0.48816262097564994,0.16367901243973326,-3.062030792236328,5.851391792297363,0.925830364227295
1755133874.255275,72828ff7-3ccc-0c5d-596b-8331ba7d4f39,f614f97a-168e-5a9a-a491-94a2e0cc469d,3,-61.0,-75.0,-79.0,-81.0,2.66954415457994,2.275977947630286,0.32360256826829126,-1.0457083115150254,0.4534769451481855,1.0566415198961823,0.3948724874643378,0.32620470967989407,-2.8026154041290283,5.93390941619873,0.865521728992462
1755133875.25757,72828ff7-3ccc-0c5d-596b-8331ba7d4f39,66220159-6eb4-86c9-4921-ca162344fac4,7,-61.0,-83.0,-73.0,-79.0,2.640801189566933,2.2610061886140786,0.22261816289357664,-1.0043604719046186,0.36866691575893096,1.057097186758695,0.49279722035217405,0.28825329927620624,NaN,NaN,NaN
1755133876.219158,72828ff7-3ccc-0c5d-596b-8331ba7d4f39,c7d3be4f-19f8-c404-b7f0-e52fbd58fb39,22,-60.0,-83.0,-80.0,-88.0,2.6333954712076406,2.409244659106723,0.3592993132036044,-1.0569734829260606,0.37873696034127935,1.1248875528324982,0.7308443071525839,0.188961066458128,-2.53245210647583,5.98831844329834,0.832789719104767
1755133877.260143,72828ff7-3ccc-0c5d-596b-8331ba7d4f39,d0109335-dc47-2145-5a9e-de41ceab0ac3,20,-59.0,NaN,-79.0,-88.0,2.6137956708490933,NaN,0.2614955211187714,-1.0495476577005383,0.38832660395249113,NaN,0.7754250911682923,0.14096734163694213,-2.449733018875122,6.054490566253662,0.8199324011802673
1755133878.260318,72828ff7-3ccc-0c5d-596b-8331ba7d4f39,ea3866d0-847b-39d1-84b6-ac81abebd798,3,-61.0,NaN,NaN,-81.0,2.66699391152008,NaN,NaN,-1.049544728223339,0.2646369859406289,NaN,NaN,0.1619530843162802,-2.411184310913086,6.104175567626953,0.8224927186965942
1755133879.259102,72828ff7-3ccc-0c5d-596b-8331ba7d4f39,471b3e7a-7551-1169-e115-2204ed70ff62,18,-60.0,NaN,NaN,NaN,2.6354764652834284,NaN,NaN,NaN,0.28877095121309043,NaN,NaN,NaN,NaN,NaN,NaN
1755133880.259791,72828ff7-3ccc-0c5d-596b-8331ba7d4f39,362d2276-1e60-0709-9188-8a514b993d5d,14,-61.0,NaN,NaN,-79.0,2.660164501220681,NaN,NaN,-0.9942090344614546,0.31244968238671655,NaN,NaN,0.1448497145188165,-2.355781078338623,6.14708662033081,0.805194616317749
1755133881.259192,72828ff7-3ccc-0c5d-596b-8331ba7d4f39,e17b7885-89ad-7bf0-2ca4-7289160d1c6b,15,-62.0,NaN,NaN,-75.0,2.6190032160446344,NaN,NaN,-0.9954179764382961,0.40632234909697,NaN,NaN,0.18881309457006046,NaN,NaN,NaN
1755133882.258877,72828ff7-3ccc-0c5d-596b-8331ba7d4f39,fa96b0dd-50c2-017e-24b0-13e836fec1ca,7,-60.0,-85.0,NaN,-92.0,2.5891230812461634,-2.4169449230825784,NaN,-0.9911770255603992,0.36873522584089136,1.189101959352598,NaN,0.15312453885509936,-2.3025317192077637,6.1603827476501465,0.39577895402908325
1755133883.253205,72828ff7-3ccc-0c5d-596b-8331ba7d4f39,b3839b62-ae55-b781-eb9e-b0055023f89f,36,-63.0,-85.0,-76.0,-84.0,2.5817210913123967,-2.728461267375763,0.14697746371649212,-0.9971990985753411,0.36057989421376896,1.072180399066522,0.3610428514797656,0.15242123130072305,-2.2325806617736816,6.167325496673584,0.17099419236183167
1755133884.260417,72828ff7-3ccc-0c5d-596b-8331ba7d4f39,2607813f-5ae6-77cb-7ac9-a95ce70d6f00,23,-61.0,-85.0,-87.0,-80.0,2.6013017169110957,-2.610179098088766,0.1337290362416749,-1.0045154678800612,0.3892287164822419,1.0491192216601717,0.4393500739878057,0.11316832574993513,-2.1821141242980957,6.197717666625977,0.044964443892240524
1755133885.256412,72828ff7-3ccc-0c5d-596b-8331ba7d4f39,fad2e9e4-e95d-52a2-5cf5-bff711369340,1,-61.0,-78.0,-71.0,-77.0,2.600090511247328,-2.793871965857526,0.11285917435926894,-0.9393489812702583,0.34038923827787415,1.0107099805755857,0.4726705468614683,0.11920691868601369,-2.12180233001709,6.248594284057617,-0.0332777239382267
1755133886.258508,72828ff7-3ccc-0c5d-596b-8331ba7d4f39,97d63bdc-b2d1-a07b-7a25-63a4fdf5f87e,7,-62.0,-90.0,-74.0,-84.0,2.5761247245977046,-3.027184584740534,0.13909876794760168,-0.9244436681232484,0.39764846671609555,0.9711128364867696,0.5092418738987635,0.13476276718592436,-2.154879093170166,6.320007801055908,-0.03485873341560364
1755133887.217886,72828ff7-3ccc-0c5d-596b-8331ba7d4f39,03626704-b337-171f-9188-136ec0483ad7,36,-63.0,-93.0,-74.0,-79.0,2.566539475202291,-3.0274279976641676,0.3067444922519807,-0.9980919233307901,0.4431948463640394,1.0192211771033697,0.4739519268199599,0.10062154135381292,-2.199092149734497,6.39368772506714,0.0165262296795845
1755133888.25909,72828ff7-3ccc-0c5d-596b-8331ba7d4f39,9bff34c0-24f0-ae0e-331b-53e997d3e6f2,4,-61.0,-83.0,-74.0,-81.0,2.6001032944205598,-3.013397399777194,0.30456496121585985,-1.0518066840951978,0.38631391995866377,0.9311935164850815,0.5785276049246464,0.15134140270248,-2.25287127494812,6.478209972381592,0.08747301250696182
1755133889.217789,72828ff7-3ccc-0c5d-596b-8331ba7d4f39,419bfc68-17e9-cde5-13a3-0c4161885b3b,15,-59.0,-79.0,-87.0,-84.0,2.543743881535649,-3.0292876830533695,0.29626095862088375,-1.0304950037879477,0.45751885802411235,0.9891499604966856,0.7224478262887549,0.17992727450068616,NaN,NaN,NaN
1755133890.217119,72828ff7-3ccc-0c5d-596b-8331ba7d4f39,a1852cbd-266d-5350-4ade-e8ae475def06,29,-60.0,-91.0,-86.0,-81.0,2.5433710389830377,3.113836656076769,0.27991634006274047,-1.0146555868885925,0.5272521665606967,0.9760581268939651,0.5580558523356937,0.1680390066183565,-2.2352359294891357,6.51443099975586,0.10271205008029938
1755133891.218149,72828ff7-3ccc-0c5d-596b-8331ba7d4f39,e175df64-3cad-57af-57e8-c1bdf182e8fa,8,-60.0,-86.0,-73.0,-79.0,2.605436540819553,-2.990545080779333,0.21450271210377816,-0.9765000784768637,0.47329495826855106,0.9894382476846867,0.4044889957130458,0.1875383225800236,-2.1924664974212646,6.55888319015503,0.139736995100975
1755133892.218088,72828ff7-3ccc-0c5d-596b-8331ba7d4f39,4ac75524-c1fd-5679-23bd-8ad36988959e,36,-61.0,-88.0,NaN,-78.0,2.5829812991402226,3.129956237522801,NaN,-0.9393400596806065,0.4690794405790646,1.0149801596464458,NaN,0.2698100432000533,-2.1710214614868164,6.59641981124878,0.1790425181388855
1755133893.25741,72828ff7-3ccc-0c5d-596b-8331ba7d4f39,0817f762-50b9-10b3-6e95-732475bee6a1,5,-58.0,-84.0,-69.0,-74.0,2.5752922204409456,-3.104928382230454,0.17369349682383997,-0.9859152850366754,0.35538083784420266,0.8258954559347109,0.3937106834387908,0.2504517749076195,-2.129312038421631,6.652108669281006,0.613615095615387
1755133894.25683,72828ff7-3ccc-0c5d-596b-8331ba7d4f39,a94d003e-3832-bc70-a0b4-6c314fcc9f73,14,-59.0,-80.0,-74.0,-84.0,2.5512843558460996,-3.016024075560339,0.16870379820546752,-0.9483386146878753,0.3677674663902702,0.9266360489116289,0.30337436176102633,0.2862256350012472,-2.1526856422424316,6.683297157287598,0.8497084975242615
1755133895.217974,72828ff7-3ccc-0c5d-596b-8331ba7d4f39,7d8a43bb-7e37-f9de-2a5c-4bcd0f6a7808,25,-58.0,-82.0,-78.0,-83.0,2.562628889457619,-2.916948357738884,0.20789194732987448,-0.9852156726183116,0.38804257782223417,0.9161511836999868,0.3374558329161791,0.22445045101306477,NaN,NaN,NaN
1755133896.259098,72828ff7-3ccc-0c5d-596b-8331ba7d4f39,f57ed77f-fe33-491e-7a54-3ca001ec3df3,34,-61.0,-84.0,-91.0,-78.0,2.5364239169634573,-2.826471987077295,0.17091821665186843,-1.0261184980105662,0.39567093644865714,0.887135577570383,0.2974083815765444,0.22426098374626247,-2.192892551422119,6.68928623199463,1.0280869007110596
1755133897.257527,72828ff7-3ccc-0c5d-596b-8331ba7d4f39,9c2b7d2c-3082-7fc5-26a7-b9bc7f047997,16,-60.0,-77.0,-74.0,-84.0,2.5192577132090244,-2.868589879716898,0.16338386761192522,-1.0218903303059017,0.3676796153638112,1.022565707958346,0.26354124495487263,0.2417296893110146,-2.257495164871216,6.67188549041748,1.1812998056411743
1755133898.255613,72828ff7-3ccc-0c5d-596b-8331ba7d4f39,d8fbe5ad-21d4-3f92-eeb2-669ce8f94484,29,-61.0,-89.0,NaN,-81.0,2.514024601667019,-2.8440512471167994,NaN,-1.040639650170332,0.5124698914560485,1.0559405093182461,NaN,0.2266518366148811,NaN,NaN,NaN
1755133899.259969,72828ff7-3ccc-0c5d-596b-8331ba7d4f39,392f6700-71f3-0c09-081e-fbe682b580a5,30,-60.0,-83.0,-86.0,-81.0,2.527669573828149,-2.9047902284143454,0.13427604952957717,-1.01297180328939,0.5532784076562005,1.1106801210491435,0.2658976431768883,0.2328492954323613,-2.2974495887756348,6.665353775024414,1.2272233963012695
1755133900.257069,72828ff7-3ccc-0c5d-596b-8331ba7d4f39,4b8e9c43-2405-02c6-16e4-604de1186e23,13,-61.0,-80.0,-76.0,-75.0,2.5354614505455024,-2.989982354840999,0.09923390959020555,-1.0932946059789428,0.46836378261513306,1.2078657934449695,0.2080720435985911,0.15341029604006481,-2.2915472984313965,6.68803596496582,1.2643331289291382
1755133901.260149,72828ff7-3ccc-0c5d-596b-8331ba7d4f39,8e2be164-63a2-fc63-2e6c-b814517c4e81,4,-58.0,-80.0,-69.0,-87.0,2.5468113104792023,-2.9322948235204653,0.050190732851960344,-1.0459531891772582,0.3455499451277433,1.1331625269715924,0.23521185221439786,0.18754731074870262,NaN,NaN,NaN
1755133902.256158,72828ff7-3ccc-0c5d-596b-8331ba7d4f39,716a500e-6f6a-3078-f193-418f9189be76,8,-60.0,-95.0,-72.0,-76.0,2.591601951588809,-3.0451705094784933,0.07024620007302007,-1.070830975342179,0.3382142013260928,1.2034947471478221,0.28859744626807177,0.18102507943628723,-2.3723397254943848,6.73457908630371,1.2723920345306396
1755133903.256068,72828ff7-3ccc-0c5d-596b-8331ba7d4f39,497870fe-23cf-34b0-680e-44a9d8e720d9,9,-62.0,-81.0,-78.0,-96.0,2.6378275038937504,-3.0550537665998863,0.03916284909405123,-0.9230377853837956,0.27447483616543605,1.2053285998744505,0.2763067248107607,0.21055857052937085,-2.41387939453125,6.8203387260437,1.29008424282074
1755133904.259437,72828ff7-3ccc-0c5d-596b-8331ba7d4f39,23a1ce91-ce99-5aac-8a4f-2e75b81dde52,7,-66.0,-87.0,-73.0,-81.0,2.6138675761985257,-3.0124522439063246,0.1005329995699462,-0.8830315131725163,0.3110701316525419,1.26244541577338,0.1876357276968932,0.14444339936025444,-2.475224256515503,6.908872604370117,0.9354692697525024
1755133905.257106,72828ff7-3ccc-0c5d-596b-8331ba7d4f39,b7bb6d5d-bfc8-9fad-71a7-56bfac04ad01,19,-63.0,-94.0,-79.0,-80.0,2.5934677622485185,-3.05803783860132,0.11595030543652393,-0.9651966907041859,0.45320117481730776,1.3210159181533292,0.17655762670767933,0.1602678859127485,-2.55813479423523,7.009612560272217,0.6233431100845337
1755133906.21867,72828ff7-3ccc-0c5d-596b-8331ba7d4f39,0423a413-0497-771c-95eb-b5471b57e072,21,-62.0,-91.0,-83.0,-89.0,2.5753955510912405,-2.9079047953091934,0.16049859888693338,-1.028761019602197,0.4369720708714467,1.2585211147490938,0.18410950267654655,0.14113190834755224,NaN,NaN,NaN
1755133907.260262,72828ff7-3ccc-0c5d-596b-8331ba7d4f39,42d808d0-02ce-94df-da09-9b7d60432af2,25,-61.0,-85.0,-79.0,-81.0,2.5805295930406955,-3.075041323213149,0.1733206542712289,-1.028939318237178,0.41585570014064027,1.2137445883932645,0.20808980355411058,0.1273440742386963,-2.6307787895202637,7.0675859451293945,0.5424803495407104
1755133908.218169,72828ff7-3ccc-0c5d-596b-8331ba7d4f39,f674628c-f203-a214-465b-5c313f86260f,16,-62.0,-87.0,-75.0,-85.0,2.5552258342594167,3.1208242581449195,0.15962454941716936,-1.0389738429084876,0.443093146899912,1.1919261085305723,0.2039959091026567,0.19154270152933717,-2.5667455196380615,7.146026611328125,0.5357897877693176
1755133909.260392,72828ff7-3ccc-0c5d-596b-8331ba7d4f39,2457f6ee-306c-b0f3-cdc9-de56403237ff,21,-61.0,-90.0,-79.0,-85.0,2.556902560481731,3.1342604384765873,0.13437298859325605,-1.063856822237534,0.5577639365907074,1.1648369665545044,0.3538582087804635,0.1275075007834647,-2.5348691940307617,7.2026495933532715,0.5148010849952698
1755133910.255983,72828ff7-3ccc-0c5d-596b-8331ba7d4f39,b261a0d8-edeb-d0b8-d892-adaa470161cf,28,-60.0,-88.0,-75.0,-90.0,2.5251752571511807,2.745676473294253,0.1926964827821004,-1.0662978756927006,0.6001528724502533,1.213387991123303,0.20489272859974086,0.11659301775372251,-2.5429866313934326,7.24955177307129,0.49662572145462036
1755133911.260952,72828ff7-3ccc-0c5d-596b-8331ba7d4f39,7a2c315d-3800-c8f2-ef87-add5c7488192,33,-62.0,NaN,-80.0,-88.0,2.519501658764876,NaN,0.21328218537619487,-1.0773847484687549,0.5631684891278869,NaN,0.17845880747561643,0.12535021546482442,-2.6036126613616943,7.256776332855225,0.5546429753303528
1755133912.218152,72828ff7-3ccc-0c5d-596b-8331ba7d4f39,7014082b-dc3f-f198-4fa6-027ba7f45897,34,-60.0,-83.0,-77.0,-90.0,2.53396155821957,2.8133836155839917,0.16843987894144063,-1.0919800696648798,0.5041423531749388,1.1325212377811014,0.09638452696090255,0.19187130231833932,-2.6534299850463867,7.243131160736084,0.5505692958831787
1755133913.260158,72828ff7-3ccc-0c5d-596b-8331ba7d4f39,7a806cd9-fc5f-5079-5c29-029d49c82d0b,13,-61.0,NaN,-69.0,NaN,2.5420554374045388,NaN,0.16584888951690258,NaN,0.524939477470072,NaN,0.1317423596803678,NaN,-2.573746681213379,7.2140889167785645,0.5797411799430847
1755133914.260445,72828ff7-3ccc-0c5d-596b-8331ba7d4f39,7e202c59-8ea7-1aea-3014-ba47d981404e,27,-57.0,NaN,-77.0,NaN,2.5374167434178387,NaN,0.2850008472159198,NaN,0.500990235708721,NaN,0.08500589656505156,NaN,NaN,NaN,NaN
1755133915.259953,72828ff7-3ccc-0c5d-596b-8331ba7d4f39,2df82e54-be7a-4048-61ea-e9c42cd3793d,21,-57.0,NaN,-79.0,-87.0,2.517795637770571,NaN,0.2511241065695668,-1.0470759778928356,0.4455601994652206,NaN,0.1236706263443387,0.17502143216713756,-2.5121967792510986,7.17720603942871,0.6535033583641052
1755133916.218545,72828ff7-3ccc-0c5d-596b-8331ba7d4f39,1354a311-5ddd-0927-02f5-e4d713f07a4c,34,-60.0,NaN,-80.0,-78.0,2.5016728605312313,NaN,0.2819784256947888,-1.0304261610737693,0.4684384509941962,NaN,0.24449792875085427,0.18145424784595351,-2.3753280639648438,7.119553565979004,1.0388989448547363
1755133917.260932,72828ff7-3ccc-0c5d-596b-8331ba7d4f39,bf307b2e-1c12-fb9a-cb40-5ca49c8bfd5f,15,-60.0,NaN,-75.0,-91.0,2.5684244606218494,NaN,0.12931724357984964,-1.069659450778653,0.4628395875659817,NaN,0.22515520666128377,0.18574509970477557,-2.293020486831665,7.07021427154541,1.3805721998214722
1755133918.255508,72828ff7-3ccc-0c5d-596b-8331ba7d4f39,ed57c962-694c-fa98-0cfb-b2a421ece5c8,36,-60.0,-79.0,-90.0,-85.0,2.6292318851594105,-2.839361686753279,0.5513598331173938,-1.0684250756134013,0.32710156246649186,0.7025143318456207,0.09769079915320798,0.2550132039331936,-2.26824688911438,7.01940393447876,1.5293378829956055
1755133919.217931,72828ff7-3ccc-0c5d-596b-8331ba7d4f39,56b52a8b-6658-9b31-ffa4-da7cfcda5ed7,21,-57.0,-75.0,NaN,-83.0,2.619019195011175,-2.8707305286011042,NaN,-1.0225944700981187,0.30214521304941383,0.7353780725923348,NaN,0.25754357315341875,-2.329169273376465,6.972962379455566,1.5722707509994507
1755133920.217308,72828ff7-3ccc-0c5d-596b-8331ba7d4f39,0cd5f735-9ed3-07c0-0369-b4f6c67494e6,6,-58.0,-76.0,NaN,-79.0,2.6258267673896354,-2.703611843876452,NaN,-1.0808340747126255,0.2659148871449466,0.8378862721637657,NaN,0.26389990617467896,-2.3528220653533936,6.9438214302063,1.6231378316879272
1755133921.257755,72828ff7-3ccc-0c5d-596b-8331ba7d4f39,ca46e6d0-1827-48f0-bb15-1ee44b4b4d01,34,-65.0,-79.0,NaN,-74.0,2.485388163097615,-2.3908992076216036,NaN,-1.0484353884712665,0.2968633989489733,0.7618076827244447,NaN,0.20059250574283313,-2.3428540229797363,6.90054750442505,1.6758357286453247
1755133922.257839,72828ff7-3ccc-0c5d-596b-8331ba7d4f39,25bb46b7-193f-2f34-b6dd-381e44a6e8ab,4,-62.0,-76.0,NaN,-68.0,2.4612892183934876,-2.610316250884905,NaN,-1.048690785619805,0.4099434492311507,1.0167888455007732,NaN,0.1526756630533665,-2.329646348953247,6.84581708908081,1.6992897987365723
1755133923.260349,72828ff7-3ccc-0c5d-596b-8331ba7d4f39,03eba9e4-9859-2c2d-24cb-82842f763e31,30,-61.0,-80.0,NaN,-74.0,2.4104894206002263,-2.536049210198083,NaN,-0.9783673538751728,0.5295721460548057,0.9205287547418046,NaN,0.1365407268191749,-2.3358688354492188,6.75343132019043,1.7213175296783447
1755133924.256158,72828ff7-3ccc-0c5d-596b-8331ba7d4f39,5028b9ca-3e1e-1a05-d12c-e2148aae34b5,24,-60.0,-81.0,NaN,-70.0,2.406160718564412,-2.3673075951051366,NaN,-0.9907396013513539,0.6245334464396562,0.8018952479279987,NaN,0.16709037199331345,-2.369762420654297,6.652466773986816,1.707448959350586
1755133925.25769,72828ff7-3ccc-0c5d-596b-8331ba7d4f39,618048c3-beba-0019-cb27-17275382cc11,33,-62.0,-81.0,-82.0,-76.0,2.3803866455346245,-2.4501928913955635,0.2318358960585589,-0.9791599106155804,0.6049895724640008,0.7101998152774259,0.14210867261160917,0.12274733336154343,-2.374005079269409,6.573984146118164,1.6992884874343872
1755133926.21753,72828ff7-3ccc-0c5d-596b-8331ba7d4f39,c16dd1e1-0a05-1c71-b82f-144280505471,25,-58.0,-77.0,-77.0,-81.0,2.39568916915822,-2.4822805204216016,0.2666378188676054,-0.9078934535289509,0.5774051491042053,0.6575707587104163,0.15046833527336798,0.13567549074814336,-2.4556126594543457,6.51031494140625,1.71971333026886
1755133927.258189,72828ff7-3ccc-0c5d-596b-8331ba7d4f39,ee69a274-eeab-9c0c-df11-5409d1d128bb,4,-57.0,-79.0,-69.0,-83.0,2.3499328658373506,-2.6123498406932892,0.2463506566317088,-0.9530140602976185,0.5718319518909964,0.7228510288777927,0.10483319745971874,0.2118790823111298,-2.40997838973999,6.429683685302734,1.7016395330429077
1755133928.217976,72828ff7-3ccc-0c5d-596b-8331ba7d4f39,e03c275e-89d2-0692-50ac-c3174f4d2876,30,-59.0,NaN,NaN,-78.0,2.48079367758501,NaN,NaN,-0.8891517236736273,0.4130945347224461,NaN,NaN,0.3105133645371472,NaN,NaN,NaN
1755133929.218777,72828ff7-3ccc-0c5d-596b-8331ba7d4f39,1f72a008-0cd8-a374-e307-ac6f18621176,30,-59.0,NaN,-83.0,-96.0,2.5119052580715335,NaN,0.27168530808163255,-0.8652272160209004,0.3073422054691353,NaN,0.12339381571616016,0.32437555077468677,-2.33567214012146,6.3763203620910645,1.6496503353118896
1755133930.260432,72828ff7-3ccc-0c5d-596b-8331ba7d4f39,4de05734-39fc-e6ae-500c-94cacd4a85f5,1,-60.0,NaN,-69.0,-83.0,2.5574543674595946,NaN,0.19547682296014313,-0.8576907364520853,0.2900671782946592,NaN,0.12946132891720133,0.47684155647123677,-2.2598087787628174,6.318939685821533,1.6019207239151
1755133931.219209,72828ff7-3ccc-0c5d-596b-8331ba7d4f39,13d8ecd5-6226-d6e7-1540-92d396a3696d,15,-61.0,NaN,NaN,-75.0,2.5588658428373368,NaN,NaN,-0.9471634948568779,0.2630370253367365,NaN,NaN,0.4320089372849477,-2.17711353302002,6.278101921081543,1.468411922454834
1755133932.261372,72828ff7-3ccc-0c5d-596b-8331ba7d4f39,0f76176e-da6d-7065-b1e3-56d475775dc0,5,-57.0,NaN,NaN,-81.0,2.560815809387493,NaN,NaN,-0.9699859864505299,0.29012843099973107,NaN,NaN,0.356422999357778,-2.08860993385315,6.273598670959473,1.3451095819473267
1755133933.256028,72828ff7-3ccc-0c5d-596b-8331ba7d4f39,b427af03-6979-6d97-6e50-acd375c3e289,12,-57.0,-78.0,NaN,-95.0,2.535944547967243,3.0183953541949458,NaN,-0.9287175090406076,0.34044379979070716,0.3345812501250612,NaN,0.4091046533563166,NaN,NaN,NaN
1755133934.256284,72828ff7-3ccc-0c5d-596b-8331ba7d4f39,86f02d55-9973-646e-8892-fb2353e32b80,13,-60.0,-88.0,NaN,-77.0,2.5247550103311664,-3.1085260465470426,NaN,-0.9267041592565075,0.3267346121577926,0.2970911325116887,NaN,0.3370293276676029,-2.009131669998169,6.2911176681518555,1.2456284761428833
1755133935.218473,72828ff7-3ccc-0c5d-596b-8331ba7d4f39,44ebe680-fb63-8fce-d38d-a677b6afbdfa,4,-62.0,-91.0,NaN,-74.0,2.5391371454820297,-0.7788348028909481,NaN,-1.0014063604654484,0.25734030738321845,0.2732971530418894,NaN,0.2214933768071817,-1.912961721420288,6.343348503112793,1.145738124847412
1755133936.217758,72828ff7-3ccc-0c5d-596b-8331ba7d4f39,f4eb6527-5632-520d-7493-ac2f8b0e91d3,0,-60.0,-84.0,-74.0,-80.0,2.5410626109501573,2.7723341831737285,0.38816238678177417,-0.9965010840536314,0.3462803836357248,0.45125866511820395,0.11354910785154601,0.20200090184056474,-1.8597958087921143,6.381178855895996,1.1563835144042969
1755133937.258333,72828ff7-3ccc-0c5d-596b-8331ba7d4f39,afc1b0fe-c37e-01a7-3fc8-0e74624e4c00,16,-63.0,-81.0,-71.0,-76.0,2.538399449860078,2.679019681738442,0.34853641397415813,-1.0413766800020114,0.33411929154447334,0.47902568146023794,0.08849760035976807,0.21393589155526843,-1.8651008605957031,6.414690971374512,1.1629416942596436
1755133938.256758,72828ff7-3ccc-0c5d-596b-8331ba7d4f39,6a67e985-7d72-579c-063b-e898f378ed6b,16,-63.0,-81.0,-74.0,-80.0,2.5350907385217636,2.68465759376614,0.330549690287872,-1.0318911659894219,0.38223389058963514,0.5058774026251255,0.1311419749797447,0.26149830079315917,-1.868051290512085,6.45438575744629,1.1727246046066284
1755133939.218476,72828ff7-3ccc-0c5d-596b-8331ba7d4f39,3525bd46-23a6-9184-374e-cdc49fe12c96,36,-63.0,NaN,-87.0,-77.0,2.559736696513793,NaN,0.2954111439170395,-1.0105569819709606,0.36797948730255414,NaN,0.1283422186928796,0.3256261379330744,-2.00956392288208,6.500062465667725,1.1980565786361694
1755133940.218534,72828ff7-3ccc-0c5d-596b-8331ba7d4f39,44285b9c-6fa0-6187-cdf3-4394f5be895f,12,-58.0,NaN,-75.0,-90.0,2.5757742525982503,NaN,0.220814936519484,-1.0517273218947134,0.41961405293950094,NaN,0.1421031631971041,0.3092821185861763,-2.092144727706909,6.55064821243286,1.198602557182312
1755133941.218972,72828ff7-3ccc-0c5d-596b-8331ba7d4f39,ba819a1e-7f78-56e6-783c-aff07b898504,4,-54.0,NaN,NaN,-73.0,2.574768110338418,NaN,NaN,-1.0281386388554457,0.4468891834281974,NaN,NaN,0.3029650339014811,-2.176177740097046,6.59147310256958,1.2140074968338013
1755133942.218518,72828ff7-3ccc-0c5d-596b-8331ba7d4f39,15f1e2b4-6ea9-e2fd-1472-ffc90017b581,34,-61.0,NaN,NaN,-75.0,2.543876506957935,NaN,NaN,-1.022927764708542,0.40261902386413306,NaN,NaN,0.28892448244993346,-2.239274740219116,6.626970291137695,1.3314323425292969
1755133943.218626,72828ff7-3ccc-0c5d-596b-8331ba7d4f39,14b83e95-d359-36a1-199a-f423034a5f42,33,-61.0,NaN,NaN,-81.0,2.5544812144186304,NaN,NaN,-0.9488644558451115,0.4370854882443704,NaN,NaN,0.34906295421118044,-2.2928621768951416,6.657258987426758,1.404332160949707
1755133944.25733,72828ff7-3ccc-0c5d-596b-8331ba7d4f39,196db404-b690-c187-dbc9-35855b8a3c74,11,-58.0,-76.0,NaN,-87.0,2.5381107631979134,-3.0688657189613644,NaN,-0.9358301465219365,0.354960158260511,0.58239018719067,NaN,0.33617355414081956,NaN,NaN,NaN
1755133945.217923,72828ff7-3ccc-0c5d-596b-8331ba7d4f39,ecd4af48-7016-346c-9973-d18c4485c3fb,30,-61.0,-84.0,NaN,-92.0,2.5489327846035597,2.9661297525377046,NaN,-0.9432618307018572,0.41302485977042686,0.557774922130204,NaN,0.3570358593036324,NaN,NaN,NaN
1755133946.259925,72828ff7-3ccc-0c5d-596b-8331ba7d4f39,7b2d2e53-fb68-00b8-5a29-10f3e950b562,6,-57.0,-81.0,-76.0,-80.0,2.5441332356870188,2.8277897191846666,0.228579116361501,-0.9608164565012781,0.36047692974812384,0.3318811376748571,0.19046417122212553,0.3619742254919936,-2.33882999420166,6.682730674743652,1.4519968032836914
1755133947.260939,72828ff7-3ccc-0c5d-596b-8331ba7d4f39,0b425723-0ead-7507-25d3-96b3955ad200,32,-60.0,-87.0,NaN,-93.0,2.5357986067395064,2.8580869050098436,NaN,-0.9445854217636267,0.36862214136310395,0.20011819675269002,NaN,0.07189672744811029,-2.409996271133423,6.69937562942505,1.5269379615783691
1755133948.256488,72828ff7-3ccc-0c5d-596b-8331ba7d4f39,ae4ea48a-7931-f8ff-58f7-450b89c8c4e0,35,-62.0,-79.0,NaN,-90.0,2.5203416197726867,2.8283974525454223,NaN,-0.9671898004640012,0.29117368843807356,0.22009426848375174,NaN,0.06418398822702384,-2.412761688232422,6.726072788238525,1.5162653923034668
1755133949.257133,72828ff7-3ccc-0c5d-596b-8331ba7d4f39,7a7f2e6c-36db-84e6-9eac-2d27fb36e9ea,29,-60.0,-82.0,NaN,NaN,2.5116820851721853,2.8020784967566055,NaN,NaN,0.28186217871320685,0.1659983594330833,NaN,NaN,NaN,NaN,NaN
1755133950.262035,72828ff7-3ccc-0c5d-596b-8331ba7d4f39,ef1dce2d-2183-28f7-4a9b-7c3bbdd5b454,22,-63.0,NaN,NaN,-78.0,2.4525386036837054,NaN,NaN,-0.9769854395855306,0.39055060977881634,NaN,NaN,0.09356294939785559,-2.4205121994018555,6.7253570556640625,1.4832719564437866
1755133951.218429,72828ff7-3ccc-0c5d-596b-8331ba7d4f39,16748900-cf4c-2a83-91b1-0747b99880da,27,-59.0,NaN,NaN,-85.0,2.4603081098479027,NaN,NaN,-1.0138443880205543,0.336143160814879,NaN,NaN,0.13645295069412158,-2.4075536727905273,6.724024772644043,1.4747138023376465
1755133952.261413,72828ff7-3ccc-0c5d-596b-8331ba7d4f39,bd9d51a1-9d86-5f80-0203-1788dd77b027,36,-61.0,NaN,NaN,-75.0,2.455955439362277,NaN,NaN,-1.0394232513424384,0.2942581616126033,NaN,NaN,0.13151522532889764,-2.301452159881592,6.723297119140625,1.4863767623901367
1755133953.261999,72828ff7-3ccc-0c5d-596b-8331ba7d4f39,85ce57a7-dde5-26f7-75c7-4e494d2bbf39,27,-58.0,NaN,NaN,NaN,2.5092058779906297,NaN,NaN,NaN,0.35311708433860806,NaN,NaN,NaN,NaN,NaN,NaN
1755133954.218795,72828ff7-3ccc-0c5d-596b-8331ba7d4f39,1e1fa384-bd10-5649-85e7-efb042fc67e2,25,-58.0,NaN,-81.0,-81.0,2.52078370451364,NaN,0.20667994271777942,-1.1062195925393699,0.38776747328162897,NaN,0.11740270194889067,0.14876549342761447,-2.2593562602996826,6.748579502105713,1.5352469682693481
1755133955.218959,72828ff7-3ccc-0c5d-596b-8331ba7d4f39,ec7c286d-8d45-f661-dea0-50cf4e568563,20,-59.0,NaN,NaN,-78.0,2.5555944157542836,NaN,NaN,-1.0200104048924148,0.4075124492090991,NaN,NaN,0.17659469458110186,-2.245079755783081,6.752560138702393,1.55039644241333
1755133956.261366,72828ff7-3ccc-0c5d-596b-8331ba7d4f39,5fe4d770-9ca9-c986-47a7-f68dd67ea801,22,-60.0,-92.0,-89.0,NaN,2.56521109045056,-0.8746289736172072,0.14289323986874658,NaN,0.4044644946310171,0.1377296118640567,0.1498852361526951,NaN,-2.2487494945526123,6.795572757720947,1.5308681726455688
1755133957.261783,72828ff7-3ccc-0c5d-596b-8331ba7d4f39,fb320edc-ff9e-67f2-dd37-206fc48f6a87,18,-59.0,-76.0,-77.0,NaN,2.5693847965109318,-0.928815646526777,0.03309829865972279,NaN,0.3509434122568854,0.11969659910907361,0.14715614518087963,NaN,NaN,NaN,NaN
1755133958.256879,72828ff7-3ccc-0c5d-596b-8331ba7d4f39,a90425bd-a5b0-4b96-aa78-d251384d2508,29,-59.0,-79.0,-84.0,NaN,2.5602304465798937,-0.9108482307583938,0.09449081968877443,NaN,0.3471399854565751,0.1557929596883315,0.1302850862542549,NaN,-2.241264820098877,6.843217849731445,1.5401146411895752
1755133959.261803,72828ff7-3ccc-0c5d-596b-8331ba7d4f39,4df4a2d6-932f-dda2-cfaf-4d048f79d7d2,3,-57.0,-84.0,-75.0,NaN,2.562566038855893,-0.9341411697586084,0.13332636628485492,NaN,0.4525399452081547,0.16695947762573604,0.1567325894999387,NaN,-2.2089009284973145,6.891000270843506,1.599847674369812
1755133960.259524,72828ff7-3ccc-0c5d-596b-8331ba7d4f39,6cd9ee48-649c-b2e4-c4a8-a8c9fdf426ae,24,-62.0,-85.0,-85.0,NaN,2.548377249200169,-1.000773460232391,0.11882279098828338,NaN,0.5490596608838924,0.2235403989343143,0.1840698382210612,NaN,-2.160228967666626,6.944116115570068,1.56438148021698
1755133961.262329,72828ff7-3ccc-0c5d-596b-8331ba7d4f39,5765e7ac-5f34-eef7-3987-47ce1381bebf,19,-60.0,-78.0,-80.0,-75.0,2.5478813686051964,-0.8963856681426096,0.06703682464336558,-0.9866081063942593,0.39735908097414474,0.21352280198068355,0.1966869300699615,0.29397044034633385,-2.129239082336426,6.9950408935546875,1.5513734817504883
1755133962.260986,72828ff7-3ccc-0c5d-596b-8331ba7d4f39,d7e39e56-1bb6-607a-45e7-ed55505aa950,20,-57.0,-93.0,-86.0,-78.0,2.560511676391006,-0.8927214247987695,0.16243232015443995,-1.0104664344938978,0.3975733322838416,0.23801403031337923,0.23373556215362604,0.22474368169383932,-2.1014084815979,7.04054355621338,1.5468347072601318
1755133963.218887,72828ff7-3ccc-0c5d-596b-8331ba7d4f39,b39b3082-2632-6a68-31ed-ed32b339091d,13,-57.0,-79.0,-84.0,-75.0,2.5494744715692814,-0.9258458224371751,0.22052784775397344,-1.0089293910707586,0.3334888214459107,0.3630286375465832,0.18679000760322495,0.1876629418742825,-2.101496934890747,7.079474449157715,1.5103107690811157
1755133964.258704,72828ff7-3ccc-0c5d-596b-8331ba7d4f39,1a16d972-2d76-8c41-41d6-f6dcfda3b088,18,-57.0,-95.0,-86.0,-84.0,2.459511824681969,-0.9334767110666338,0.28075976317996854,-0.9449022047752916,0.38974853223751177,0.449865432393929,0.3124622991123808,0.25790942490816837,-2.076052188873291,7.11240005493164,1.431949257850647
1755133965.261527,72828ff7-3ccc-0c5d-596b-8331ba7d4f39,fa646af0-a30f-d6d3-67b9-0ba07e86073f,11,-56.0,-90.0,-80.0,-80.0,2.465743089000536,-0.9317240847532525,0.27213138756422084,-0.8950724634090914,0.3740466343189454,0.4281560755569029,0.29001228388669,0.32783709427005814,-2.05107307434082,7.10576343536377,1.2783710956573486
1755133966.217756,72828ff7-3ccc-0c5d-596b-8331ba7d4f39,a7fe97b6-5a38-2059-2ed5-ce202842d222,29,-62.0,-80.0,-81.0,-80.0,2.4848123876699395,-0.9390809341065419,0.22803796202799692,-0.9181594068989885,0.3665823929946986,0.4165508850536918,0.3408073212795029,0.2998472046342981,NaN,NaN,NaN
1755133967.218214,72828ff7-3ccc-0c5d-596b-8331ba7d4f39,a00083b3-061f-b5bb-1557-6fc450bf4cb6,6,-57.0,-79.0,-75.0,-76.0,2.517731189272191,-1.0371433191332216,0.2990154661363527,-0.9395946578808182,0.3302357701743789,0.3964454835621931,0.23484763164581587,0.4119845957591283,-2.035011053085327,7.105894565582275,1.1964952945709229
1755133968.257025,72828ff7-3ccc-0c5d-596b-8331ba7d4f39,5e7ece5c-0103-9075-8f83-3b311a3f6336,12,-57.0,-92.0,-76.0,NaN,2.5640371690420527,-1.0166486966484076,0.2914757907742294,NaN,0.3460672308799776,0.4409037621677579,0.20140839843229255,NaN,-2.0587048530578613,7.068340301513672,1.1492877006530762
1755133969.258437,72828ff7-3ccc-0c5d-596b-8331ba7d4f39,60f48ab3-7ddf-6522-7111-f1ba52225e3f,16,-56.0,-81.0,-83.0,NaN,2.584007148792121,-1.0660844233313307,0.3094822218525822,NaN,0.32888984184896647,0.4120305352879322,0.30490890847064356,NaN,NaN,NaN,NaN
1755133970.259001,72828ff7-3ccc-0c5d-596b-8331ba7d4f39,9e65287a-033a-0bfc-74cd-650cd67939e3,2,-55.0,-81.0,-82.0,NaN,2.559063982022439,-1.0570431245885663,0.322182038142843,NaN,0.3971092098848681,0.3960893190559086,0.23103400160957924,NaN,-2.094320774078369,7.019259452819824,1.0790590047836304
1755133971.26268,72828ff7-3ccc-0c5d-596b-8331ba7d4f39,7eb8575c-e8c6-a24a-b452-c1795ce86654,1,-56.0,-85.0,-71.0,NaN,2.5541419276957544,-1.0135410539723944,0.34132297584556953,NaN,0.5166656684639547,0.3436515107446803,0.2730137427676345,NaN,-2.172166347503662,6.964134216308594,1.03905725479126
1755133972.262563,72828ff7-3ccc-0c5d-596b-8331ba7d4f39,b694f95f-6c27-27e2-71f7-fefa4a1f52d0,1,-57.0,NaN,-85.0,NaN,2.485469123194753,NaN,0.36373933537298453,NaN,0.6382892726811608,NaN,0.24824163416371953,NaN,-2.17307710647583,6.887346267700195,0.9548548460006714
1755133973.219206,72828ff7-3ccc-0c5d-596b-8331ba7d4f39,5ff34e90-3842-2036-3659-45627045096c,19,-57.0,NaN,-80.0,-77.0,2.4983183428221674,NaN,0.31062525059244417,-1.018702526481077,0.5630352644943558,NaN,0.244787048176696,0.13896689153937228,-2.2058792114257812,6.829159259796143,0.8713632822036743
1755133974.267783,72828ff7-3ccc-0c5d-596b-8331ba7d4f39,a61d900a-df4d-73ab-f23f-16248bef3dbf,6,-57.0,NaN,NaN,-71.0,2.4870590303655304,NaN,NaN,-1.0064360065001718,0.6189864813631847,NaN,NaN,0.17296698647846637,-2.169494390487671,6.82433032989502,0.85026752948761
1755133975.262293,72828ff7-3ccc-0c5d-596b-8331ba7d4f39,526b80cf-c631-9a02-a64c-c352b2a08af2,9,-59.0,NaN,NaN,-77.0,2.4819569463491566,NaN,NaN,-0.9325524610103215,0.7079578996927699,NaN,NaN,0.18664949256620966,-2.11988091468811,6.823993682861328,0.839358389377594
1755133976.217733,72828ff7-3ccc-0c5d-596b-8331ba7d4f39,4a96583f-1728-00d1-2685-cbc02c283ec4,16,-56.0,NaN,NaN,-86.0,2.4883703708862854,NaN,NaN,-0.8778263648219563,0.6449059629884899,NaN,NaN,0.22217081840947062,NaN,NaN,NaN
1755133977.218518,72828ff7-3ccc-0c5d-596b-8331ba7d4f39,a89b0f62-7acb-f599-3c95-cd8da9efce32,31,-61.0,NaN,NaN,-86.0,2.525154484494678,NaN,NaN,-0.8850334113639288,0.5696582132302466,NaN,NaN,0.2246128539052892,NaN,NaN,NaN
1755133978.262903,72828ff7-3ccc-0c5d-596b-8331ba7d4f39,82f99c38-126b-e2b1-b186-34de9984917b,21,-59.0,-89.0,NaN,-75.0,2.53939760263664,-1.4169457769371276,NaN,-0.8989817175732188,0.5324203302616182,1.0220583091916586,NaN,0.21007900179607483,-2.105419635772705,6.813194751739502,0.8755695819854736
1755133979.227112,72828ff7-3ccc-0c5d-596b-8331ba7d4f39,98614a8b-08d7-c042-80bf-06f7b75edee4,29,-60.0,NaN,-82.0,-80.0,2.5274495967221084,NaN,0.1659343769878941,-1.0588550062362017,0.404538996562512,NaN,0.47914465818193736,0.22707995640486817,-2.1249661445617676,6.82770013809204,0.945914387702942
1755133980.261271,72828ff7-3ccc-0c5d-596b-8331ba7d4f39,22029564-895d-ccd3-42ea-aaf6213ab098,26,-58.0,NaN,-89.0,-83.0,2.5549877476579637,NaN,0.16998504500590467,-0.9572287790387779,0.3824872903673561,NaN,0.46653742002907034,0.3063549383635293,-2.131211280822754,6.85110330581665,0.935021936893463
1755133981.261837,72828ff7-3ccc-0c5d-596b-8331ba7d4f39,bb65d611-5142-07c0-c8d3-fabd019e653f,7,-60.0,NaN,-83.0,-78.0,2.5519922240638424,NaN,0.1423635371279298,-1.1243314847968897,0.38341546858627606,NaN,0.2914703645835084,0.43382561262254526,-2.0880961418151855,6.87723970413208,0.9196402430534363
1755133982.218691,72828ff7-3ccc-0c5d-596b-8331ba7d4f39,c93c5783-b68e-309c-74ac-bc26a8dbe4f7,7,-60.0,NaN,-85.0,-77.0,2.5568924404695883,NaN,0.3245836768138765,-1.077235744605765,0.3077086897246439,NaN,0.23523735198183537,0.41579321572356426,-2.092693567276001,6.872461318969727,0.9735419154167175
1755133983.218295,72828ff7-3ccc-0c5d-596b-8331ba7d4f39,740ab538-6462-8c9b-b23d-840ea84f8ef9,16,-59.0,NaN,-74.0,-83.0,2.564682719290288,NaN,0.30131483942152715,-1.0465883530972422,0.30368861476965564,NaN,0.1039852552910159,0.5338859676780296,-2.079714775085449,6.86863088607788,1.0037680864334106
1755133984.260088,72828ff7-3ccc-0c5d-596b-8331ba7d4f39,3bb3e489-d949-a686-d6e8-8eec46bfda74,4,NaN,-79.0,-73.0,-75.0,NaN,-2.6834253491297604,0.3258758425747829,-1.0559967685962741,NaN,0.4272494689428126,0.12242400896045101,0.3360226860650666,-2.1634716987609863,6.856785774230957,1.1629360914230347
1755133985.26228,72828ff7-3ccc-0c5d-596b-8331ba7d4f39,c671b09f-e710-14ad-c2bc-1a77dee4105f,28,NaN,-86.0,-81.0,-79.0,NaN,-2.818721921989056,0.2804593586090076,-1.0548919562180548,NaN,0.3901810961775679,0.09013164110323504,0.35908679294861606,-2.26569652557373,6.785367488861084,1.2626731395721436
1755133986.26197,72828ff7-3ccc-0c5d-596b-8331ba7d4f39,0278677b-8cbb-12a3-e1bf-b43501c871f2,3,NaN,-78.0,-80.0,-81.0,NaN,-3.0559736224404,0.32721141786145763,-1.0385603871492526,NaN,0.859179310343385,0.08933781103893125,0.32594874660962386,-2.353159189224243,6.69230556488037,1.2072384357452393
1755133987.219685,72828ff7-3ccc-0c5d-596b-8331ba7d4f39,262ab877-aa14-9193-2bb9-b51cfa2334b8,17,NaN,-80.0,-78.0,-81.0,NaN,-2.979198150322832,0.2794534826652847,-0.9617280565424121,NaN,1.1971738674585735,0.11971064728382377,0.31322992200708255,-2.4129366874694824,6.597679138183594,1.133993148803711
