create_time,idppe,idbeacon,bluetooth_channel,rssi_1,rssi_2,rssi_3,rssi_4,az_1,az_2,az_3,az_4,el_1,el_2,el_3,el_4,x,y,z
1755132129.18473,72828ff7-3ccc-0c5d-596b-8331ba7d4f39,6fb4e63b-0731-07d0-22d5-9df983a778cd,5,-70.0,-82.0,-65.0,-60.0,2.349256955552688,-0.8613722903430108,0.9238346031819472,-3.0297864931255414,0.1298145389791515,0.16669953645858754,0.2799886115968225,0.7785320680540334,-2.236696720123291,4.313250541687012,0.936851680278778
1755132130.205304,72828ff7-3ccc-0c5d-596b-8331ba7d4f39,b24c6ac2-ce03-99de-70d9-4d83786a3f86,21,-72.0,-86.0,-68.0,-61.0,2.444393059173589,-0.8260635679785223,0.8618298214182863,-2.996755838757507,0.18122363474030945,0.1718016204749613,0.23323100964035376,0.7358402641995181,-2.38506817817688,4.232823848724365,0.8840430974960327
1755132131.185482,72828ff7-3ccc-0c5d-596b-8331ba7d4f39,e850a0ea-e5bb-1aba-f4f5-ec68103938d1,19,-76.0,NaN,NaN,-61.0,2.4123392522933953,NaN,NaN,-2.991029509781618,0.1520858228061844,NaN,NaN,0.6095639511103753,NaN,NaN,NaN
1755132132.207176,72828ff7-3ccc-0c5d-596b-8331ba7d4f39,9213944c-8027-bf14-b467-28f57e0dbf4e,19,-73.0,-87.0,NaN,-61.0,2.441092869950763,-0.8686586990854676,NaN,-2.9414912513967275,0.1862919631898665,0.16604258455193538,NaN,0.5915314876323671,-2.5501701831817627,4.23633861541748,0.917347490787506
1755132133.206472,72828ff7-3ccc-0c5d-596b-8331ba7d4f39,aaf51a40-92ed-3517-b618-a67f9f67c7e0,3,-70.0,-78.0,NaN,-60.0,2.4576848961741744,-0.8750220561941029,NaN,-2.961944594884645,0.1576327712378991,0.2584214675620065,NaN,0.6864381599253574,-2.7202446460723877,4.262052059173584,0.986077606678009
1755132134.166142,72828ff7-3ccc-0c5d-596b-8331ba7d4f39,38473133-7b4d-6e09-85dd-f0e794edae29,17,-72.0,-81.0,NaN,-61.0,2.467621682833478,-0.8383788238073756,NaN,-2.993472161133439,0.10778863215705577,0.20826199356334102,NaN,0.6238100653085635,-2.90276288986206,4.280060291290283,1.0743273496627808
1755132135.205602,72828ff7-3ccc-0c5d-596b-8331ba7d4f39,1d6c9eb8-35fa-5d81-280b-aedbd5625f50,9,-74.0,-84.0,NaN,-60.0,2.4617771095051904,-0.8410545017545783,NaN,-2.9654274769582507,0.10386799297926837,0.1979679271990464,NaN,0.6186556501767696,-3.0630648136138916,4.3000807762146,1.127529501914978
1755132136.206394,72828ff7-3ccc-0c5d-596b-8331ba7d4f39,0e3ff68b-0f89-e1b9-4336-727a7888e8f7,26,-77.0,-80.0,-71.0,-61.0,2.4816474870304894,-0.8597078146617112,0.8740103212959818,-3.007454023172464,0.14947194684102844,0.20142482680726698,0.17703731195427302,0.6373964479257117,-3.1803784370422363,4.337289333343506,1.1642341613769531
1755132137.185198,72828ff7-3ccc-0c5d-596b-8331ba7d4f39,4c80971e-dc23-7fcb-1bf2-e4171e1d0fbe,14,-74.0,-83.0,-71.0,-60.0,2.501302148507492,-0.8489819333714171,0.8283608107348246,-2.978273767108466,0.20130170554112123,0.20320098880678167,0.18406942210214086,0.6563630817350926,-3.266510486602783,4.393442630767822,1.19059693813324
1755132138.185457,72828ff7-3ccc-0c5d-596b-8331ba7d4f39,cecf2908-7a1d-ffc9-96f7-766e8cbc20ca,19,-74.0,-79.0,-71.0,-61.0,2.4883661098285415,-0.8412872620338512,0.8167065514885288,-3.005604724111513,0.24968475122416306,0.19109306006879093,0.196452705052089,0.6720006976028471,-3.339994192123413,4.455135822296143,1.21284294128418
1755132139.206335,72828ff7-3ccc-0c5d-596b-8331ba7d4f39,dc588394-24f5-a7f5-e1d2-0ce4420cae08,34,-74.0,-81.0,-73.0,-61.0,2.48711016305846,-0.8404566220898554,0.8795776595547925,-2.9550312950109086,0.2508360524081611,0.13302827533509098,0.2094622802666397,0.739128269460357,-3.374621629714966,4.5167818069458,1.2192246913909912
1755132140.185292,72828ff7-3ccc-0c5d-596b-8331ba7d4f39,a23771fa-4876-c80e-5572-ee4108dc65e1,15,-70.0,-82.0,-70.0,-60.0,2.499315962966511,-0.8402305197133078,0.7596027850789409,-2.9702834848899013,0.3081293693083355,0.14540098886446284,0.21897966898852633,0.7097511392127748,-3.363393545150757,4.57401418685913,1.2301830053329468
1755132141.207192,72828ff7-3ccc-0c5d-596b-8331ba7d4f39,9a153fdc-e9f6-defb-2a95-b254e60137d4,12,-70.0,-85.0,-70.0,-57.0,2.544644562616314,-0.873247059327565,0.7039885246670341,-3.0385275204553994,0.36677713664941064,0.16610773213010147,0.2444886909108231,0.7252384196369944,-3.3488898277282715,4.659466743469238,1.2629387378692627
1755132142.187315,72828ff7-3ccc-0c5d-596b-8331ba7d4f39,5452d532-2e5e-f27c-a908-9ac01657d7b0,8,NaN,-81.0,-77.0,-53.0,NaN,-0.8816405441351678,0.8385434071627424,-3.026406142753904,NaN,0.10580398625607987,0.21589436357615588,0.6842250730595015,-3.3380184173583984,4.67581558227539,1.256481409072876
1755132143.206876,72828ff7-3ccc-0c5d-596b-8331ba7d4f39,0f979640-257b-8ee4-dc61-a5764aa9d50d,0,NaN,-78.0,-63.0,-64.0,NaN,-0.8112803607674923,0.928394201284272,-3.0007644288302937,NaN,0.16607574090750687,0.45342574587622875,0.6075840905769831,-3.3359055519104,4.67932367324829,1.2476269006729126
1755132144.183392,72828ff7-3ccc-0c5d-596b-8331ba7d4f39,8970c6ec-a4c4-389a-c941-01721e670231,20,NaN,-85.0,-68.0,-60.0,NaN,-0.8378919979601092,0.9154056983318465,-2.978962194250251,NaN,0.16593173047156085,0.29672984142030584,0.6618958654787594,-3.3066890239715576,4.670955657958984,1.2081329822540283
1755132145.185422,72828ff7-3ccc-0c5d-596b-8331ba7d4f39,c4a3aa0b-ce7f-638f-abd8-37fa8995ece1,12,NaN,-89.0,-67.0,-59.0,NaN,-0.825287522836873,0.920362373752702,-2.946752326130179,NaN,0.16924896392536354,0.467215594000659,0.8188603164411031,-3.256052255630493,4.6567606925964355,1.175018310546875
1755132146.185892,72828ff7-3ccc-0c5d-596b-8331ba7d4f39,370c33a5-e6ae-e23d-e00b-551331cd8b7f,24,NaN,-80.0,-70.0,-61.0,NaN,-0.8323267902301705,0.8912750620107476,-2.9266691620337824,NaN,0.18083058545292738,0.41365935790013825,0.8013069556432001,-3.219170570373535,4.637280464172363,1.147878885269165
1755132147.205936,72828ff7-3ccc-0c5d-596b-8331ba7d4f39,06b5f607-3b96-07ff-32cb-9c196695deca,22,-79.0,-83.0,-69.0,-59.0,2.4565408021698767,-0.8358674628994309,0.8798391819738383,-2.929343774716549,0.3803984732558661,0.2025613474472151,0.36370594599081757,0.7726581333747272,-3.218315839767456,4.634856224060059,1.1284213066101074
1755132148.206998,72828ff7-3ccc-0c5d-596b-8331ba7d4f39,1b8e4bc1-a3b1-9f86-48c1-ebff5817e6f7,26,-85.0,-88.0,-71.0,-62.0,2.4385080057967317,-0.8391159867971096,0.9161516497531776,-2.9636388979701533,0.31549074603547805,0.201561896379622,0.35211620182192904,0.7582039597163767,-3.212332010269165,4.608301162719727,1.0953989028930664
1755132149.207181,72828ff7-3ccc-0c5d-596b-8331ba7d4f39,2a9e22e1-7aae-dbe4-6597-47e6be9d7885,3,-69.0,-73.0,-67.0,-59.0,2.435492774810544,-0.857713905953569,0.9134498728272923,-2.9506533244949273,0.33130929040978985,0.17279954022492763,0.3662954040977289,0.7488317632081698,-3.218344211578369,4.613250255584717,1.0657389163970947
1755132150.206688,72828ff7-3ccc-0c5d-596b-8331ba7d4f39,fc4d4212-16da-9fdb-1aea-ec3b23e27277,6,-73.0,-90.0,-69.0,-68.0,2.538224213860351,-0.9055528012468803,0.9243070479593273,2.9912103384196347,0.28750971141034254,0.11900148909742769,0.49229318382636295,0.683968344330418,-3.25289511680603,4.574716567993164,1.01849091053009
1755132151.207377,72828ff7-3ccc-0c5d-596b-8331ba7d4f39,7c262e3e-fdbb-5470-ede1-a0bcfda9d3b6,22,-78.0,NaN,-75.0,-59.0,2.431315872956864,NaN,0.9011953370712926,-3.002611597362373,0.29921493690199963,NaN,0.35690682914881805,0.5346475984602788,-3.3086025714874268,4.561800003051758,0.9832506775856018
1755132152.186027,72828ff7-3ccc-0c5d-596b-8331ba7d4f39,c19ae6c7-e2d4-e01f-3a2f-15ac2e471fb0,12,-75.0,NaN,-67.0,-70.0,2.4528810861998895,NaN,0.8960762088239423,-2.984437387135345,0.2868403591598647,NaN,0.36179639291020355,0.5987637010466408,-3.3621551990509033,4.589134693145752,0.96117502450943
1755132153.20667,72828ff7-3ccc-0c5d-596b-8331ba7d4f39,35ed86d9-9c25-820a-3ed3-46b7e8b8fbc5,1,-69.0,NaN,-65.0,-56.0,2.4598191534717637,NaN,0.8547487423958747,-2.976732329469528,0.30916573844653983,NaN,0.2848760781188495,0.6767082343037256,-3.42044448852539,4.633190631866455,0.9375427961349487
1755132154.207669,72828ff7-3ccc-0c5d-596b-8331ba7d4f39,89e8df27-e8e2-a920-27c6-f19b0323ab32,16,-72.0,NaN,-73.0,-58.0,2.4926447444358626,NaN,0.7991728315036651,-2.97429447180767,0.2282257315296043,NaN,0.20405588016145393,0.6006299111805138,-3.4566166400909424,4.650599002838135,0.9233370423316956
1755132155.207143,72828ff7-3ccc-0c5d-596b-8331ba7d4f39,4ef836f4-bcc1-8c96-0028-af0d6170a88e,33,-81.0,NaN,-71.0,-63.0,2.537699571125605,NaN,0.7832191649935455,-2.972402295853168,0.2187426642962661,NaN,0.15005384753921078,0.6128041526296475,-3.4644877910614014,4.691107749938965,0.9192461371421814
1755132156.207071,72828ff7-3ccc-0c5d-596b-8331ba7d4f39,41a27bfd-24d8-c555-87b0-62a53eb21c4a,33,-73.0,-78.0,-89.0,-57.0,2.579365259012113,1.1876771681694056,0.8157752440553281,-2.8981504351845597,0.23227914593248897,0.5779381142173574,0.27807000376850216,0.6925726849173276,-3.461778402328491,4.72997236251831,0.9148858189582825
1755132157.185931,72828ff7-3ccc-0c5d-596b-8331ba7d4f39,52f5c304-6aa3-b592-df90-0a0505a3742a,0,NaN,-73.0,-68.0,-67.0,NaN,1.1256401621565548,0.8861375579518757,-2.991625791549687,NaN,0.5937311255347179,0.5006703234827754,0.7312654194999526,-3.4335057735443115,4.758750915527344,0.9107959866523743
1755132158.185708,72828ff7-3ccc-0c5d-596b-8331ba7d4f39,99f96266-a0a8-635f-9644-c6bc713e20d6,32,NaN,-81.0,-81.0,-56.0,NaN,1.0862315032938892,0.967987683526589,-2.9537226176512434,NaN,0.5059187149115354,0.544920143154014,0.7509491760118645,-3.4339754581451416,4.809514999389648,0.908615529537201
1755132159.207797,72828ff7-3ccc-0c5d-596b-8331ba7d4f39,9929f8bc-8e51-3a6c-462e-c94afdc5de38,13,NaN,-78.0,-76.0,-56.0,NaN,1.0950375117543452,0.969639908666874,-2.9952247874468205,NaN,0.43578360194548516,0.43736974740122275,0.8343015907574916,-3.4573512077331543,4.785558700561523,0.8906466960906982
1755132160.186367,72828ff7-3ccc-0c5d-596b-8331ba7d4f39,d23bddf9-780c-9851-00f9-484f6aba078f,27,NaN,-87.0,-86.0,-54.0,NaN,1.0158090019567059,0.9526297661523201,-2.980941189256289,NaN,0.41640640856455496,0.426006005740341,0.8529307354777321,-3.470918893814087,4.7401533126831055,0.8773067593574524
1755132161.207126,72828ff7-3ccc-0c5d-596b-8331ba7d4f39,7f3d740b-f0e1-c47d-d542-493f10fb1b64,12,NaN,-76.0,-90.0,-54.0,NaN,0.9842404230271246,0.9614522862115344,-2.943283026178133,NaN,0.34123472534494703,0.4612155253542241,0.8660922773219855,NaN,NaN,NaN
1755132162.207305,72828ff7-3ccc-0c5d-596b-8331ba7d4f39,318b5d26-cb9b-74ea-8eed-fa1866d06f65,0,-73.0,-91.0,-66.0,-57.0,2.741622609482935,1.02273907974531,1.059744768356397,-3.012375012234713,0.5949197609082475,0.3545770625377031,0.5058468761411304,0.8112892157781169,-3.468480110168457,4.668580055236816,0.8647412657737732
1755132163.207116,72828ff7-3ccc-0c5d-596b-8331ba7d4f39,c203af2e-ddf7-d0c7-cbb8-58b9606bd047,21,-75.0,-92.0,-69.0,-64.0,2.4914324735076585,1.0009711999433293,0.7937602229041881,-2.936776923635069,0.6659083171351273,0.3854569480093899,0.3474963496999413,0.789646038494179,-3.4579310417175293,4.624767780303955,0.8482307195663452
1755132164.184911,72828ff7-3ccc-0c5d-596b-8331ba7d4f39,8f47d8f4-81f6-741c-5c26-273b88009ef1,8,-76.0,-96.0,-67.0,-61.0,2.4839463276834457,0.9965796473057886,0.8357718554162971,-2.9597890322983345,0.6033647778829434,0.41497529237377373,0.3667458445066022,0.6952608797216536,-3.424466848373413,4.589660167694092,0.8483721017837524
1755132165.207294,72828ff7-3ccc-0c5d-596b-8331ba7d4f39,f5999034-ecf1-2f21-2fdb-79c8df5f744d,8,-81.0,-82.0,-68.0,-77.0,2.5336036293690634,1.0116685854099596,0.8288574902781243,-2.8969520126940242,0.5184982894785791,0.416067288289247,0.33303655011378797,0.6809037117060093,-3.407102346420288,4.55144500732422,0.8454067707061768
1755132166.206898,72828ff7-3ccc-0c5d-596b-8331ba7d4f39,cf82b6fc-0c73-cc2f-d092-f174fb3b7b12,29,-85.0,-88.0,-72.0,-61.0,2.5696314052278733,0.9399145035277366,0.7893028901877225,-2.9165147951134194,0.5384992950553467,0.41269526029601594,0.3585942080154923,0.6019588951434905,-3.4226884841918945,4.49555492401123,0.83781635761261
1755132167.186238,72828ff7-3ccc-0c5d-596b-8331ba7d4f39,d5ff7c93-2e89-55f8-b9b6-a903a944d525,17,-78.0,NaN,-71.0,-79.0,2.5434754348977693,NaN,0.8467731075633054,-2.976067338145335,0.5599977961130658,NaN,0.43453750887143705,0.5797776261613024,-3.475024938583374,4.456984996795654,0.8183332681655884
1755132168.185881,72828ff7-3ccc-0c5d-596b-8331ba7d4f39,476fd657-f077-ce85-3b3d-26677f6e4b69,34,-78.0,-88.0,-73.0,-69.0,2.4556214789615813,0.9512949898139723,0.8965803452182944,-2.9751070022562525,0.5660674731324927,0.43580880210730005,0.409835724365057,0.5257283723639807,-3.5592074394226074,4.43140411376953,0.7870582342147827
1755132169.206999,72828ff7-3ccc-0c5d-596b-8331ba7d4f39,1d41912b-ec46-1c26-40bb-34b6de806d76,18,-74.0,NaN,-68.0,-63.0,2.4463600699547214,NaN,0.8420175008047509,-2.975739236699037,0.5829681597262445,NaN,0.494644655200362,0.7839127852994565,-3.6254465579986572,4.410051345825195,0.7540863156318665
1755132170.186386,72828ff7-3ccc-0c5d-596b-8331ba7d4f39,aabdffa9-ebfc-e32f-d398-a23a5e329d99,21,-73.0,-80.0,-67.0,-66.0,2.4333760943761495,0.9696502949951255,0.8794090814577904,-3.044865843849788,0.543036855499651,0.4715982916275751,0.5356812711478793,0.7819249352827942,-3.650110960006714,4.447251319885254,0.7302099466323853
1755132171.207915,72828ff7-3ccc-0c5d-596b-8331ba7d4f39,cb419261-0eb8-a674-aa85-e757f6a8f573,14,-77.0,-88.0,-68.0,-68.0,2.4416766348617083,0.982606573698361,0.8337646309027045,-3.064506390573013,0.5239616978758495,0.572548675119364,0.573487705719726,0.6631121311485987,-3.683628559112549,4.523611068725586,0.7111586332321167
1755132172.187308,72828ff7-3ccc-0c5d-596b-8331ba7d4f39,2ef5c266-e682-5549-7ff5-c0e99095cf71,28,-85.0,-84.0,-73.0,-66.0,2.467039515819187,1.0091684097785933,0.8434478846262324,-3.075940939029378,0.5288122463272652,0.5478976904107772,0.634475026788922,0.5949674980707873,-3.7071070671081543,4.648550987243652,0.664121448993683
1755132173.186016,72828ff7-3ccc-0c5d-596b-8331ba7d4f39,84d17f55-fde7-022f-65ce-67c61bf08a6f,24,-73.0,-79.0,-72.0,-68.0,2.4903805248770774,1.0172734742401404,0.8355934236232618,-3.077970001463909,0.5115944771162257,0.5218404234885741,0.6675635383316387,0.5403293527774219,-3.7350900173187256,4.756104946136475,0.616423487663269
1755132174.187077,72828ff7-3ccc-0c5d-596b-8331ba7d4f39,60be5ae0-edfe-4608-bab9-fc2f58275b66,30,-80.0,-81.0,-72.0,-68.0,2.461410125906977,0.9867536481478324,0.8516743892334873,-3.1389808915087523,0.374954272907958,0.4524995317386128,0.7684176485500214,0.5517010839215738,-3.769655227661133,4.85370635986328,0.5568313002586365
1755132175.206579,72828ff7-3ccc-0c5d-596b-8331ba7d4f39,09de818d-5c25-34ff-168f-f5a09c2d3a26,29,-77.0,-82.0,-73.0,-66.0,2.494580329916132,1.0757221370002186,0.8762164839430034,-3.1120605939457953,0.43279220625105363,0.5947193580362192,0.7411858942975796,0.5792770184553947,-3.8055419921875,4.964166164398193,0.48610901832580566
1755132176.206728,72828ff7-3ccc-0c5d-596b-8331ba7d4f39,acbc1676-268d-9e5b-95d3-8ffa96978782,12,-72.0,-98.0,-67.0,-67.0,2.4731583947397526,1.0839672837351038,0.8670024792035472,3.1258773399972357,0.44707280838535834,0.5915705695213639,0.7472213496969988,0.6230173754101013,-3.8440520763397217,5.088972568511963,0.41477179527282715
1755132177.207204,72828ff7-3ccc-0c5d-596b-8331ba7d4f39,69c386f7-3c79-8519-5b1a-054031253faa,6,-69.0,-94.0,-70.0,-61.0,2.4610585886430867,1.0494218233390318,0.8631997514830232,-3.1406975651474176,0.28317408515569353,0.7713297486229957,0.7003510460921494,0.7210531288258804,-3.87275242805481,5.14115333557129,0.3630749583244324
1755132178.186598,72828ff7-3ccc-0c5d-596b-8331ba7d4f39,f16bc8b0-804e-0613-2615-209d8b38e837,14,-75.0,-85.0,-69.0,-67.0,2.445056186285019,1.0464774324378403,0.8840935818152398,-3.1390767653079954,0.2684362681964927,0.7870595098644669,0.7566866902643312,0.5390423468911275,-3.89751672744751,5.140625476837158,0.3278871774673462
1755132179.20692,72828ff7-3ccc-0c5d-596b-8331ba7d4f39,0d930652-3749-1625-8d92-377745005429,15,-75.0,-84.0,-68.0,-71.0,2.447720412639534,1.0232160518965432,0.9263467630382191,-3.1074218999590957,0.42916691163815607,0.7540893758322043,0.7097523376352654,0.6309977373536055,-3.9512057304382324,5.113287925720215,0.299495667219162
1755132180.207773,72828ff7-3ccc-0c5d-596b-8331ba7d4f39,5f4ff3db-a2e3-eeb3-e849-5738e10e520d,27,-71.0,NaN,-73.0,-62.0,2.446619994477113,NaN,0.7862032369949792,-3.1041270370584497,0.31812095050706757,NaN,0.675554486340476,0.6778078535178194,-4.013753414154053,5.082250118255615,0.2775815725326538
1755132181.187087,72828ff7-3ccc-0c5d-596b-8331ba7d4f39,e13dc8eb-23d7-8b4d-e156-75507ea97409,30,-75.0,-95.0,-69.0,-68.0,2.418380899542349,1.0093407163011214,0.688357366964923,3.1164694571304214,0.2930979887732239,0.8599212670230811,0.5363928345016349,0.7198606984477973,-4.0847392082214355,5.072051048278809,0.2555813491344452
1755132182.186924,72828ff7-3ccc-0c5d-596b-8331ba7d4f39,8ce84899-bf04-9fea-ae71-c2d80b820dce,20,-72.0,-83.0,-72.0,-69.0,2.4163137539042294,1.1069245312799139,0.695113007702127,3.07714575310653,0.2869908610509678,0.8777352181336484,0.5477125674255031,0.7075481057800339,-4.160584449768066,5.006714344024658,0.26845583319664
1755132183.20742,72828ff7-3ccc-0c5d-596b-8331ba7d4f39,d17cfaa5-52c1-d19d-c5c8-33149861010e,0,-69.0,-74.0,-63.0,-67.0,2.477801882416415,1.1926993573530769,0.7271481724546902,3.0924855609853856,0.29440243836465835,1.0118526098412841,0.5796588491766849,0.6400561469063739,-4.266176223754883,4.912792682647705,0.29648151993751526
1755132184.208134,72828ff7-3ccc-0c5d-596b-8331ba7d4f39,0ed4f656-a18f-f1e8-fc00-5305d6d63984,17,NaN,NaN,-69.0,NaN,NaN,NaN,0.7155727427766607,NaN,NaN,NaN,0.5486749006854031,NaN,NaN,NaN,NaN
1755132185.186491,72828ff7-3ccc-0c5d-596b-8331ba7d4f39,050349c5-1382-2739-9fe6-d903ff2fb218,26,-84.0,-84.0,-72.0,-68.0,2.4455600563632616,1.230143934911809,0.6832206618543781,3.108380371635415,0.3073669395777594,1.2082017512164827,0.42094946177860754,0.6233643853001387,-4.370934009552002,4.8249101638793945,0.34131714701652527
1755132186.207924,72828ff7-3ccc-0c5d-596b-8331ba7d4f39,1e96739f-677d-8357-daf4-267ffd8ccc5f,22,-74.0,-86.0,-75.0,-69.0,2.466175053729347,1.274911672836041,0.6665873566340702,3.0907481146902183,0.256562514542104,1.2474948288878387,0.35967495207536004,0.5563487660769528,-4.4780073165893555,4.7424468994140625,0.39571893215179443
1755132187.186404,72828ff7-3ccc-0c5d-596b-8331ba7d4f39,d9ccef95-11b6-fac9-fa62-338640f85ec8,2,-69.0,-74.0,-65.0,-68.0,2.441000724577046,1.2849733617504693,0.650478960464617,3.0962342265357816,0.2314314950470304,1.357618537333433,0.41971868188082745,0.5614811102612126,-4.595920085906982,4.639519691467285,0.45781534910202026
1755132188.186331,72828ff7-3ccc-0c5d-596b-8331ba7d4f39,c2ce0339-f1b4-63bb-792c-689bb78dc9a8,24,-78.0,-81.0,-71.0,-61.0,2.460379482565117,1.2902623996753664,0.6668890927855762,3.105776865353753,0.29699948648067637,1.259495831708063,0.3473587641401251,0.5284946643672732,-4.702393531799316,4.58035659790039,0.516040861606598
1755132189.207752,72828ff7-3ccc-0c5d-596b-8331ba7d4f39,5f6588ae-01b0-b799-bd43-d3b2e046da16,4,-71.0,-79.0,-69.0,-60.0,2.494541980396435,1.3109857876978182,0.7247721001301214,3.1239183186993733,0.33799279277096633,1.209359294184286,0.28628459072987883,0.5282265506245295,-4.77262783050537,4.56771183013916,0.567252218723297
1755132190.208349,72828ff7-3ccc-0c5d-596b-8331ba7d4f39,34dd9849-be2a-6814-ff73-9961d7530f04,30,-76.0,-81.0,-72.0,-83.0,2.425057444395178,1.3130305627827812,0.7702977737005899,-3.079979622822483,0.26156309883143214,1.2497718316198565,0.3782986373153659,0.5830964575117592,-4.8029913902282715,4.5757155418396,0.6322080492973328
1755132191.186548,72828ff7-3ccc-0c5d-596b-8331ba7d4f39,f6d37cde-6209-bdcf-2733-83e87f5e39d0,25,-74.0,-80.0,-74.0,-73.0,2.3887574934729616,1.3075290046028953,0.7734469616896088,-3.09611917797669,0.19844727955050384,1.127852849548247,0.4647019028267605,0.5324236592129808,-4.823951721191406,4.569587230682373,0.6981308460235596
1755132192.209705,72828ff7-3ccc-0c5d-596b-8331ba7d4f39,7f74ad1e-887f-9262-04fd-031c515c8d7c,5,-70.0,-80.0,-67.0,-78.0,2.4767856201444407,1.1323505291552274,0.8532565732371032,3.1152577188344353,0.17843550481607828,0.9628738150223914,0.5690898280745964,0.46114555079658226,-4.837316513061523,4.571093559265137,0.7797709703445435
1755132193.207839,72828ff7-3ccc-0c5d-596b-8331ba7d4f39,9f366cd5-5ea7-2c9a-cbcd-75bc9dc56783,14,-73.0,-82.0,-69.0,-66.0,2.447281523691889,1.1477401381464685,0.8548752425476535,-3.0927465507722136,0.17697404523362684,0.9264908400531923,0.5638603783790895,0.4676576454520986,-4.857840061187744,4.580621719360352,0.8564257621765137
1755132194.206804,72828ff7-3ccc-0c5d-596b-8331ba7d4f39,36bcb8dc-c13e-7e54-8fcf-9d924ef58ac8,15,NaN,NaN,-68.0,-63.0,NaN,NaN,0.8132974389771184,-3.0788035708851043,NaN,NaN,0.5670167569030514,0.6605540983425503,NaN,NaN,NaN
1755132195.187773,72828ff7-3ccc-0c5d-596b-8331ba7d4f39,c6fce176-0936-6588-f863-f98d6ace4a09,27,-73.0,-90.0,-80.0,-53.0,2.4649313575002805,1.1784306728646503,0.9841490766017347,-3.1232229673387533,0.15292601684059073,0.8875710044086108,0.47074834376567637,0.6663253681618337,-4.846002578735352,4.591378211975098,0.9214179515838623
1755132196.209237,72828ff7-3ccc-0c5d-596b-8331ba7d4f39,15e92604-05b9-8660-bec9-92ceb5aec455,21,NaN,-85.0,-78.0,-56.0,NaN,0.9535181966919704,0.8992895789952319,-3.0948235501063666,NaN,0.7843512081939109,0.4212677428183857,0.6719862499539335,-4.837848663330078,4.593359470367432,0.96871018409729
1755132197.207605,72828ff7-3ccc-0c5d-596b-8331ba7d4f39,6ee0a901-bdf1-cfba-a728-46053a13232c,17,NaN,-72.0,-72.0,-54.0,NaN,1.0083031487404266,0.9995988730336115,-3.106833075042079,NaN,0.5420765861895956,0.50536074937365,0.6154506023838865,-4.799532890319824,4.595398902893066,1.0029034614562988
1755132198.187133,72828ff7-3ccc-0c5d-596b-8331ba7d4f39,028507d8-3624-f16a-5457-7a746e5168ca,13,NaN,-84.0,-81.0,-54.0,NaN,1.1133944148321524,0.9989690354358078,-3.137453568623592,NaN,0.3877104816343014,0.5193326911376145,0.5701172090441217,-4.786941051483154,4.6094183921813965,1.0242232084274292
1755132199.208798,72828ff7-3ccc-0c5d-596b-8331ba7d4f39,8952e222-0fa3-c12b-c278-408b8c73b355,0,NaN,-71.0,-84.0,-53.0,NaN,1.1338632046543924,0.9928472270380426,3.117674271207574,NaN,0.2884428830563063,0.49535352210351385,0.45530617063242007,-4.81931972503662,4.61232566833496,1.043332576751709
1755132200.186783,72828ff7-3ccc-0c5d-596b-8331ba7d4f39,517a909f-6b96-c2ad-d616-097b3932117e,25,NaN,-71.0,-81.0,-57.0,NaN,1.0899825656892657,1.0746539430869877,3.119274298390493,NaN,0.2901162137482303,0.4425165059448827,0.4648734104009616,-4.854641914367676,4.60457706451416,1.0646854639053345
1755132201.207924,72828ff7-3ccc-0c5d-596b-8331ba7d4f39,6e581699-b754-769f-053c-2ade9e600103,9,-72.0,-82.0,-69.0,-67.0,2.3832639247763465,1.0832514260340904,1.1240587771012656,3.1046034765774646,0.24611100542311526,0.4199589988796934,0.6503632461152531,0.5900500376969833,-4.824701309204102,4.600141525268555,1.0750137567520142
1755132202.207123,72828ff7-3ccc-0c5d-596b-8331ba7d4f39,891b8f28-da87-d0a4-c8b3-745e72059b3f,35,-85.0,-77.0,-69.0,-64.0,2.3710618532938215,1.0780835619387916,1.044419874179645,3.081820666084055,0.19812282330594813,0.31454648898147686,0.5554508147364055,0.6813604438329578,-4.781583786010742,4.595763206481934,1.089963436126709
1755132203.210035,72828ff7-3ccc-0c5d-596b-8331ba7d4f39,7f64024e-aa4b-4a1e-2524-6a8e1b042d13,34,NaN,-87.0,-69.0,-67.0,NaN,1.0591980213846037,1.006335339010967,3.1028830745132736,NaN,0.2679052005856173,0.6290676779325979,0.6929172979623839,-4.74992847442627,4.587934494018555,1.0844447612762451
1755132204.208172,72828ff7-3ccc-0c5d-596b-8331ba7d4f39,51b11472-a987-eb76-cc3e-b19359834105,36,NaN,-86.0,-74.0,-62.0,NaN,0.961029109914321,0.9778480374626074,-3.111029950603935,NaN,0.28489944735741496,0.46561633247655276,0.6724057644046482,-4.687671184539795,4.588252067565918,1.0755730867385864
1755132205.187405,72828ff7-3ccc-0c5d-596b-8331ba7d4f39,9e1e8971-aae1-8aa4-bd2e-95b69d506b2a,10,NaN,-82.0,-67.0,-69.0,NaN,1.225571287320143,1.008996103256065,3.127610525234659,NaN,0.27875621715763155,0.4856418724248628,0.5165217578965495,-4.616519451141357,4.588593006134033,1.0620373487472534
1755132206.187602,72828ff7-3ccc-0c5d-596b-8331ba7d4f39,222606b0-7ac8-5c73-eda0-bb840fa41866,9,NaN,-92.0,-66.0,-68.0,NaN,1.1661407170661526,1.1669977223049401,3.1265862734794148,NaN,0.413973311303145,0.5468713081266607,0.482907638223192,-4.58669376373291,4.577668190002441,1.0465513467788696
1755132207.209091,72828ff7-3ccc-0c5d-596b-8331ba7d4f39,7bd8f59d-37a8-6584-475b-e42a06cd1cdf,3,NaN,-74.0,-69.0,-64.0,NaN,1.2425904845824032,1.0862845001995818,3.1108693619902033,NaN,0.4043952857321886,0.5774455625737472,0.5286236279430604,-4.61318063735962,4.569263458251953,1.0383288860321045
1755132208.207515,72828ff7-3ccc-0c5d-596b-8331ba7d4f39,ca37f6e8-c602-7258-0ef6-46c44d08cb97,13,-82.0,-87.0,-69.0,-74.0,2.2322600278077633,1.3450811738696666,1.107337054932767,-3.138404050816641,0.5648454816663098,0.48073982509586755,0.5152937743179139,0.5704522347092537,-4.596076011657715,4.5604729652404785,1.0337597131729126
1755132209.168728,72828ff7-3ccc-0c5d-596b-8331ba7d4f39,dbaff375-069f-6385-ca92-8d95eb8ad1b1,5,-68.0,-85.0,-68.0,-63.0,2.3124994735551967,1.2425012686858856,1.0760209436745254,-3.1155629170953585,0.26505238913641077,0.38560378805399415,0.4275985427826947,0.6943105972656861,-4.481778144836426,4.5550737380981445,1.0213414430618286
1755132210.18633,72828ff7-3ccc-0c5d-596b-8331ba7d4f39,435e2b99-c870-d42a-c924-113d32a6da71,0,-86.0,-75.0,-66.0,-71.0,2.2868803965008526,1.3690469605192896,1.1441960033677907,3.139978245336987,0.13951008485558597,0.4421835442295955,0.5046551781323472,0.5936579551837682,-4.367799758911133,4.560340404510498,1.0139408111572266
1755132211.208528,72828ff7-3ccc-0c5d-596b-8331ba7d4f39,4907d527-476c-9be5-9703-b65ea1e30e23,24,-77.0,-88.0,-72.0,-63.0,2.355119105744171,1.2623681841017678,1.0741905530573137,-3.1325557490628273,0.06413045868911325,0.46344199460455765,0.551701882869901,0.6174550305783346,-4.33124876022339,4.560503959655762,1.01622998714447
1755132212.187894,72828ff7-3ccc-0c5d-596b-8331ba7d4f39,5912e38b-234b-05b4-9bc8-905e58e98cc2,16,-76.0,-80.0,-72.0,-74.0,2.3732925170228714,1.1912170418903387,1.1057772414823077,-3.116849756534085,0.05684129107821471,0.40761671196577576,0.563162164120298,0.6392280369654137,-4.32046127319336,4.561269760131836,1.0156300067901611
1755132213.207898,72828ff7-3ccc-0c5d-596b-8331ba7d4f39,eb723a41-83e0-aecb-12ab-d879d38aee8a,3,NaN,-78.0,-68.0,-60.0,NaN,1.1702760736068276,1.1071887168600496,-3.0924812999276416,NaN,0.5717435349428058,0.5567080265080045,0.6499644377420136,-4.307461738586426,4.575909614562988,1.01539945602417
1755132214.188117,72828ff7-3ccc-0c5d-596b-8331ba7d4f39,8f77e6a3-0243-45b4-cf89-324209946a57,14,NaN,-84.0,-71.0,-59.0,NaN,1.1372089339318592,1.0907735245330192,-3.0368886111205646,NaN,0.6186692322983289,0.6018953787514921,0.7012487311165878,-4.318764686584473,4.580569744110107,1.010733962059021
1755132215.187652,72828ff7-3ccc-0c5d-596b-8331ba7d4f39,4c4e071b-f92e-e79a-716c-f5a39c561571,19,NaN,-80.0,-68.0,-61.0,NaN,1.0919170859050993,1.0042772481205537,-3.079640868731825,NaN,0.40256379656102753,0.5448750691525646,0.7190084203199447,-4.31909990310669,4.581829071044922,1.000255823135376
1755132216.188154,72828ff7-3ccc-0c5d-596b-8331ba7d4f39,45cbd103-1b07-659d-905d-266bd82fead6,8,NaN,-76.0,-73.0,-57.0,NaN,1.0157365639750557,1.027284030461639,-3.092012317259679,NaN,0.3703934098041156,0.40212640564149565,0.711342377964097,-4.267884731292725,4.584741115570068,0.9914627075195312
1755132217.187873,72828ff7-3ccc-0c5d-596b-8331ba7d4f39,ab52d3e3-b5a9-9ca9-2984-5379425f32f7,9,NaN,NaN,-69.0,-62.0,NaN,NaN,0.9762746418905885,-3.11625800213987,NaN,NaN,0.46380741359563005,0.6829295783472324,NaN,NaN,NaN
1755132218.209061,72828ff7-3ccc-0c5d-596b-8331ba7d4f39,4fa51a87-6b91-e04b-3eb7-8b62d00baea8,22,-73.0,-88.0,-76.0,-65.0,2.4239479714850507,1.002466831211518,0.9512411939599527,3.1397289734589555,1.1568590680350086,0.3622233309224569,0.4827318363017332,0.6092185391169921,-4.20264434814453,4.599820137023926,0.985853672027588
1755132219.209092,72828ff7-3ccc-0c5d-596b-8331ba7d4f39,c32c2091-e576-cbd9-96e3-f20f56ab8efa,22,-80.0,-90.0,-75.0,-67.0,2.5321607286904584,0.9869525862812611,0.9601353530524903,3.118676685041879,0.5476451228708968,0.34400557801160636,0.4978498361512996,0.6072005953800118,-4.14801549911499,4.615192413330078,0.9717676639556885
1755132220.209161,72828ff7-3ccc-0c5d-596b-8331ba7d4f39,d22dd60a-76f6-91c1-307c-9de9af51ef10,9,-69.0,-75.0,-69.0,-60.0,2.5001117155002266,0.9556726940138445,0.9849264533239289,3.137833868027255,0.5014135118744755,0.3294367552683279,0.4796977967403468,0.6430466770734511,-4.1515727043151855,4.630173206329346,0.9516607522964478
1755132221.187569,72828ff7-3ccc-0c5d-596b-8331ba7d4f39,3c920cc0-857a-e629-a105-109f13e7c876,5,-68.0,-79.0,-69.0,-63.0,2.484262711220947,0.9491101324556712,1.093625237428276,-3.1243055423218706,0.41762503778986165,0.31669369589986684,0.3688879248398938,0.6170991656776728,-4.16576099395752,4.6279935836792,0.93525367975235
1755132222.20974,72828ff7-3ccc-0c5d-596b-8331ba7d4f39,0303ec47-1dc4-1a95-f3da-3dce38b15227,5,-69.0,-75.0,-67.0,-68.0,2.466945772548816,0.9306110165756539,1.0976822970329028,-3.121295903973972,0.43636220698181855,0.3465420059233114,0.4227326478654974,0.6067078439993199,-4.177953720092773,4.629065990447998,0.9083731770515442
1755132223.208328,72828ff7-3ccc-0c5d-596b-8331ba7d4f39,f610148c-a799-0530-97b4-d522f38b8b99,16,-75.0,-83.0,-72.0,-62.0,2.3678804410556125,0.9238039768294114,1.1494730570677827,-3.03946681737187,0.42667352706756934,0.40651313129956046,0.4269337179060701,0.7257288407517325,-4.18834352493286,4.603254795074463,0.875459909439087
1755132224.186905,72828ff7-3ccc-0c5d-596b-8331ba7d4f39,5dc20208-a341-34f2-468e-680350a410d1,18,-79.0,-83.0,-70.0,-66.0,2.403257872976225,0.9499056186732779,1.061283276518136,-3.0237621564236736,0.3765711445847724,0.444768974305358,0.4217761402704818,0.7332145205227543,-4.189390182495117,4.570486545562744,0.8510791063308716
1755132225.186905,72828ff7-3ccc-0c5d-596b-8331ba7d4f39,becdc2d8-9f5e-2c8d-5d69-84d83b1ce383,32,-84.0,-84.0,-69.0,-64.0,2.4052051763652913,0.9497519542783804,0.8192677135088581,-3.0238745418216744,0.2820567892098644,0.4305191316816438,0.25934069090176104,0.6882261397022092,-4.1962308883667,4.5459208488464355,0.839001715183258
1755132226.209982,72828ff7-3ccc-0c5d-596b-8331ba7d4f39,f41cb791-5bf1-0132-3495-22d741e76d5b,31,-80.0,-95.0,-70.0,-69.0,2.4014613045048576,0.8072307580139179,0.8251999048370096,-3.027160616290723,0.31706490726631026,0.24509151406831933,0.26436454456111375,0.6208947028632538,-4.225884437561035,4.5403642654418945,0.8341000080108643
1755132227.187432,72828ff7-3ccc-0c5d-596b-8331ba7d4f39,e2ed3dff-f8f4-e0f8-7786-e1d9f11e5761,6,-71.0,-77.0,-71.0,-59.0,2.412222073205432,1.1711485251799376,0.9028086800596627,-3.0367629099171127,0.26230465603696473,0.15119596081744804,0.2517272459774425,0.5932688673485076,-4.241920471191406,4.545870304107666,0.8660830855369568
1755132228.168999,72828ff7-3ccc-0c5d-596b-8331ba7d4f39,988dd8b4-ea8a-6b56-aa73-f4eac7f1c1b1,35,-93.0,-79.0,-73.0,-62.0,2.4000082838141106,1.165592372197705,0.8606463126298551,-2.9989279129425754,0.26288629041903805,0.18897751147785924,0.2177134024692209,0.5029536845118956,-4.2542462348938,4.54024839401245,0.895865499973297
1755132229.209357,72828ff7-3ccc-0c5d-596b-8331ba7d4f39,d53f06d9-dfbf-482d-354c-82b856941c19,10,-68.0,-86.0,-64.0,-59.0,2.4070411596207917,1.2235720522898208,0.9547216791885772,-2.975438033179749,0.19239341505004937,0.25599331379337,0.3347010590846011,0.5113784947518204,-4.27103328704834,4.5467400550842285,0.9321807026863098
1755132230.187134,72828ff7-3ccc-0c5d-596b-8331ba7d4f39,a7a90ce7-77d3-5016-2e19-40004ec8ac52,36,-86.0,NaN,-71.0,-61.0,2.4580311071158847,NaN,0.9892516932503267,-2.9265836745627904,0.22853229466058606,NaN,0.24924441418267523,0.6222067757533085,-4.2783660888671875,4.573730945587158,0.9894750714302063
1755132231.209399,72828ff7-3ccc-0c5d-596b-8331ba7d4f39,b18da985-d3e0-3905-c059-1ce98c14386f,22,-75.0,NaN,-69.0,-60.0,2.4806482689894915,NaN,1.116847735817658,-2.9060299299017776,0.29961937120304183,NaN,0.19845620114015564,0.6431309661219521,-4.290616512298584,4.6086163520813,1.0485622882843018
1755132232.188037,72828ff7-3ccc-0c5d-596b-8331ba7d4f39,100a1a4e-944b-4595-9b62-044a685d3e8e,32,-75.0,NaN,-69.0,-61.0,2.4809342924905664,NaN,1.0076725121942958,-2.9202221816669187,0.29550941456126345,NaN,0.19453684360864282,0.714217859572083,-4.303290367126465,4.640912055969238,1.0766593217849731
1755132233.208273,72828ff7-3ccc-0c5d-596b-8331ba7d4f39,e5c10bad-b3f5-72ac-635f-eecf286153bb,13,-72.0,NaN,-70.0,-61.0,2.4647433383273207,NaN,0.8833910399196769,-2.8744381814707123,0.28413308946423105,NaN,0.17678644217958756,0.5617897706315529,-4.302484512329102,4.690783977508545,1.0992168188095093
1755132234.209711,72828ff7-3ccc-0c5d-596b-8331ba7d4f39,f98c1951-6160-0f6b-9395-8a5905762485,7,-74.0,NaN,-68.0,-61.0,2.469840628653732,NaN,0.8916822593414205,-2.935818984590968,0.3024254774646311,NaN,0.22585899691360772,0.7490252418613641,-4.311040878295898,4.75076723098755,1.1149532794952393
1755132235.188001,72828ff7-3ccc-0c5d-596b-8331ba7d4f39,efc0c3db-323f-ac70-63eb-a24cc595b228,24,-75.0,-81.0,-69.0,-60.0,2.4291208955864203,0.8773714969077708,0.8888499875221213,-2.9829627948397683,0.2779993634205878,0.5713539810543543,0.23824802230465633,0.6738848840740782,-4.316468715667725,4.79123067855835,1.1238369941711426
1755132236.187957,72828ff7-3ccc-0c5d-596b-8331ba7d4f39,87a0f3b4-d117-e860-3036-9f7ed4784f6e,1,NaN,-81.0,-68.0,-57.0,NaN,0.9553632346951773,0.814260171711182,-2.9391551264885103,NaN,0.4283902339957481,0.31207990246935907,0.7952565865416763,-4.319798469543457,4.816350936889648,1.1319525241851807
1755132237.188606,72828ff7-3ccc-0c5d-596b-8331ba7d4f39,ff8de551-948a-5268-551a-2c536e5005cc,30,NaN,NaN,-70.0,-63.0,NaN,NaN,0.8047388381819308,-2.9318447492962423,NaN,NaN,0.3042509412338259,0.7647696504888308,-4.3345947265625,4.831615447998047,1.105026364326477
1755132238.18824,72828ff7-3ccc-0c5d-596b-8331ba7d4f39,09b16c33-1bf2-4070-129a-1053624b802b,36,NaN,NaN,-74.0,-61.0,NaN,NaN,1.0060120312546312,-2.8962388181541012,NaN,NaN,0.307725234612916,0.8184664349158803,-4.328924655914307,4.83424997329712,1.0940048694610596
1755132239.188483,72828ff7-3ccc-0c5d-596b-8331ba7d4f39,7bb7b447-387d-deaa-ad30-41ca03260644,18,NaN,NaN,-66.0,-62.0,NaN,NaN,0.9782190158024554,-2.9789696511013037,NaN,NaN,0.3965540406661274,0.7781001033252224,-4.279215335845947,4.815370082855225,1.0788449048995972
1755132240.187623,72828ff7-3ccc-0c5d-596b-8331ba7d4f39,5c89d842-9a46-fa0c-caed-964a371402fb,22,NaN,NaN,-69.0,-60.0,NaN,NaN,0.9910003248220727,-2.95784146259316,NaN,NaN,0.3699719645616106,0.7952099812226,-4.239370346069336,4.78347110748291,1.0555305480957031
1755132241.188335,72828ff7-3ccc-0c5d-596b-8331ba7d4f39,2a0bde7f-5c00-c78c-743b-da68e54ab983,19,NaN,NaN,-71.0,-63.0,NaN,NaN,0.9141540126195091,-3.0373117874177784,NaN,NaN,0.37297973869674605,0.7307137456801428,NaN,NaN,NaN
1755132242.20918,72828ff7-3ccc-0c5d-596b-8331ba7d4f39,2d726811-b841-174f-2c0d-1bffde8ce28e,32,-76.0,NaN,-75.0,NaN,2.4465624701975677,NaN,1.1917869583636158,NaN,0.2506323538742837,NaN,0.3391526660047231,NaN,-4.222325801849365,4.78698444366455,1.0424160957336426
1755132243.210333,72828ff7-3ccc-0c5d-596b-8331ba7d4f39,57c40f05-0928-5b69-ef02-d34813f166de,15,-75.0,NaN,-69.0,NaN,2.574890615748562,NaN,1.1443035950758302,NaN,0.21803978950556693,NaN,0.4010070124563081,NaN,-4.22907257080078,4.821716785430908,1.0638524293899536
1755132244.209562,72828ff7-3ccc-0c5d-596b-8331ba7d4f39,4bd7c09f-ce75-413e-d5b5-a533b8376347,32,-75.0,-85.0,-73.0,NaN,2.4820560159417075,1.0346117182009922,1.0554376379254118,NaN,0.2257166842428566,0.3807292045737404,0.3448699735224188,NaN,-4.252862930297852,4.80399227142334,1.0889990329742432
1755132245.208923,72828ff7-3ccc-0c5d-596b-8331ba7d4f39,d73218a2-bf03-a983-7ee8-64a0e0ae56bd,19,-75.0,-83.0,-69.0,NaN,2.4753310015570396,0.9982545093153395,1.0205038886424065,NaN,0.1697686631673357,0.4895685037151028,0.38554023837248214,NaN,-4.28063440322876,4.77556037902832,1.12169873714447
1755132246.209989,72828ff7-3ccc-0c5d-596b-8331ba7d4f39,3fc0b065-0aaf-81b3-7c94-0ba6d81a8666,3,-69.0,-85.0,-67.0,NaN,2.4664552182760233,0.973637313463083,1.037429342634296,NaN,0.16309200180120936,0.27555186844453455,0.4128363745442765,NaN,-4.30956792831421,4.753552436828613,1.1567496061325073
1755132247.209651,72828ff7-3ccc-0c5d-596b-8331ba7d4f39,a28e38c3-e5f5-d024-ef7e-0cf288bae440,19,-93.0,-79.0,-72.0,-63.0,2.414242879840584,0.9988814174359442,0.9947276850837474,-2.987699493154583,0.11137478662430764,0.29484112757522163,0.3994199016046754,0.7605959444284586,-4.364064693450928,4.750144004821777,1.1888923645019531
1755132248.18784,72828ff7-3ccc-0c5d-596b-8331ba7d4f39,da339320-8067-8879-8cc1-3220f861afba,12,-72.0,-75.0,-69.0,-61.0,2.4889610600160648,0.8560869808436395,0.9416439603396342,-3.0008102352010435,0.09049621953408847,0.3096613860149172,0.34134015323460054,0.5926741168980656,-4.4249749183654785,4.760952472686768,1.2333686351776123
