create_time,idppe,idbeacon,bluetooth_channel,rssi_1,rssi_2,rssi_3,rssi_4,az_1,az_2,az_3,az_4,el_1,el_2,el_3,el_4,x,y,z
1761086456.260307,2c08d2cc-7a1c-9d34-25ea-6265acb43d72,5b5f048c-6e70-c24b-0431-6abad1bd05b4,21,-77.0,-75.0,-72.0,-77.0,2.2274679357422746,-2.1635989412155587,1.3812005624699755,2.341142836343435,0.26989766119991687,0.6033877476473454,0.27106445865250783,0.6140417901672346,-2.361232280731201,4.9990458488464355,1.6201313734054565
1761086457.257966,2c08d2cc-7a1c-9d34-25ea-6265acb43d72,b73dd7af-76fd-9c99-9708-89e4819f8399,14,-69.0,-71.0,-70.0,-71.0,2.1250203896646704,-2.754991944471241,1.3509305408879169,2.1077817479285876,0.26538035742465405,0.42847778541658443,0.3731482835042344,0.4833304483357558,-2.438469171524048,4.974680423736572,1.504684567451477
1761086458.255354,2c08d2cc-7a1c-9d34-25ea-6265acb43d72,6472997d-8a26-2f2e-8e03-a764e634d5b8,13,-74.0,-74.0,-74.0,-73.0,2.2132242849680948,-2.526299377447303,1.3836309632807817,2.0430056807345904,0.2861378505538154,0.39713217964927,0.4369668111282938,0.620263800001014,-2.553593397140503,4.93029546737671,1.3680000305175781
1761086460.258366,2c08d2cc-7a1c-9d34-25ea-6265acb43d72,3b5f2ea6-a57a-a72d-a8ea-548e43748603,29,-71.0,-69.0,-75.0,NaN,1.9750359507613702,-2.6034034836433864,1.3407817666058428,NaN,0.30768102613882065,0.3412954787073144,0.45955091651487007,NaN,-2.7926559448242188,4.79407835006714,1.1003637313842773
1761086461.257154,2c08d2cc-7a1c-9d34-25ea-6265acb43d72,07917d1c-6544-03a4-135e-0bd044976bca,6,-73.0,-67.0,-76.0,NaN,1.959988557970204,2.964508952698282,1.3881828382159451,NaN,0.5873726952740993,0.20617637224515906,0.3730901267239298,NaN,-2.90302586555481,4.701382637023926,0.9319580793380737
1761086462.256468,2c08d2cc-7a1c-9d34-25ea-6265acb43d72,47515e14-abc6-6ff1-a793-d928060407a5,31,-79.0,-71.0,-74.0,NaN,2.037447663539595,2.785770896137614,1.4466418873042746,NaN,0.39382220330943785,0.19987546626408606,0.2980921148969087,NaN,-3.00387716293335,4.565945148468018,0.7894972562789917
1761086463.256735,2c08d2cc-7a1c-9d34-25ea-6265acb43d72,f1f0c424-ff0b-2b3b-1fd5-e3e19213ec5c,31,-83.0,-89.0,-75.0,NaN,2.1103016309520206,2.6987473138293128,1.4392462889571245,NaN,0.6913682703143393,0.1716636354409816,0.3171714004203998,NaN,-3.155813694000244,4.396155834197998,0.6565568447113037
1761086465.257081,2c08d2cc-7a1c-9d34-25ea-6265acb43d72,b154fbcc-182c-037e-5ba6-872dec9bfcb7,24,-69.0,-68.0,-75.0,-70.0,2.054170184656421,2.6904888512889773,1.4691658385397286,1.9121656416434336,0.7041576353962541,0.23124748726046274,0.28313363839663797,1.087986726189333,-3.3246610164642334,4.182876110076904,0.5154616832733154
1761086466.25681,2c08d2cc-7a1c-9d34-25ea-6265acb43d72,e874218f-5561-70f7-8d0b-423c4135edeb,5,-69.0,-65.0,-82.0,-77.0,2.102280189748702,2.6860514922806873,1.4671247918802919,1.9092468170887065,0.35686115593612316,0.23724194662385165,0.19636873225396745,0.6736765582978067,-3.5061793327331543,3.922029972076416,0.39872580766677856
1761086467.258326,2c08d2cc-7a1c-9d34-25ea-6265acb43d72,cf7a8768-5f94-0e0c-c4b5-e165f255f6c3,5,-74.0,-63.0,-73.0,-66.0,2.039532918673127,2.716393951844396,1.4815229059976964,1.9274649694737207,0.2172927561750429,0.2779438864461301,0.17924994941169495,0.39034085255345896,NaN,NaN,NaN
1761086469.259277,2c08d2cc-7a1c-9d34-25ea-6265acb43d72,aaffaf61-6276-dd02-abae-4567e308ad30,0,-70.0,-67.0,-74.0,-71.0,2.0763580449623067,2.983522324984794,1.3793597855245125,1.9433507253760434,0.37394936236013027,0.31865874259969534,0.06773757722757108,0.4335055339490314,-3.8512930870056152,3.3888132572174072,0.30385997891426086
1761086470.25624,2c08d2cc-7a1c-9d34-25ea-6265acb43d72,c8c862d1-fe7a-2f5c-8415-80e77d3b65af,27,-69.0,-78.0,-72.0,-77.0,2.0891998077386686,2.897551223939292,1.3789203639446497,1.9223447759619343,0.31441346408502735,0.26230690307913446,0.09095339274709262,0.4549704125979883,-3.9984536170959473,3.146660089492798,0.3132356107234955
1761086471.25754,2c08d2cc-7a1c-9d34-25ea-6265acb43d72,9f4e2aee-3298-6381-313e-fd1e19501c18,27,-77.0,-69.0,-78.0,-75.0,2.1088118586382305,2.9138785319503495,1.4115984157843577,1.940853212905767,0.24261635550644284,0.25589837210050864,0.07703607075260999,0.5695517533656705,-4.1309051513671875,2.9088873863220215,0.3431054949760437
1761086472.258308,2c08d2cc-7a1c-9d34-25ea-6265acb43d72,280d919d-d381-5a20-4829-d11f55851095,22,-73.0,-75.0,-75.0,-79.0,2.0975136640296785,3.052585016269383,1.3844751853463368,1.9701794101975016,0.2902071274099429,0.35209652771937605,0.19092310045697344,0.5894281230034225,-4.260035037994385,2.692209482192993,0.38382866978645325
1761086474.257715,2c08d2cc-7a1c-9d34-25ea-6265acb43d72,94482e35-89f2-25f5-5e72-6faf9d2788bb,18,-73.0,-69.0,-75.0,-67.0,2.032921354950896,3.044350522178858,1.375706461141142,1.9314756900753798,0.1343729386589856,0.2320646283066831,0.19305086629940588,0.5283150008622338,-4.49104642868042,2.33868956565857,0.5121660828590393
1761086475.259439,2c08d2cc-7a1c-9d34-25ea-6265acb43d72,f59e39bc-1174-e2e3-d818-6b09c8f7160c,5,-67.0,-66.0,-75.0,-81.0,2.067760295699095,2.9776489895167333,1.3911213701627385,1.9109283370009826,0.13144229632692156,0.24013625345179293,0.1173753379686901,0.4372063624683464,-4.539544105529785,2.1804816722869873,0.6148903369903564
1761086476.257625,2c08d2cc-7a1c-9d34-25ea-6265acb43d72,33de9fd1-d385-569a-c7ca-073b69195b98,14,-72.0,-64.0,-79.0,-73.0,2.1173877699805033,2.992452969384266,1.4451957908323616,1.8101900077109914,0.14480732032321375,0.16038481532935972,0.13475649211260587,0.5046960576550799,-4.552825450897217,2.0565171241760254,0.764790177345276
1761086478.257301,2c08d2cc-7a1c-9d34-25ea-6265acb43d72,d4bff9f9-dc37-c73d-3b05-35eab9f60fe2,36,-78.0,-67.0,-74.0,-70.0,2.0983568208307974,2.9682773256407446,1.409985072795988,1.7439220376743316,0.17461138858304942,0.13506773242025208,0.15725603381219377,0.4918036615284927,-4.548680782318115,1.8524324893951416,0.959279239177704
1761086479.257375,2c08d2cc-7a1c-9d34-25ea-6265acb43d72,86f49622-e071-7a95-65d7-27e0fb5077de,16,-73.0,-64.0,NaN,-68.0,2.1656090952063503,3.0416346304991952,NaN,1.736033754525517,0.21999027204318414,0.09357185434275055,NaN,0.43777328288539696,-4.531437873840332,1.741737961769104,1.0472785234451294
1761086480.258945,2c08d2cc-7a1c-9d34-25ea-6265acb43d72,16fe2cb4-9efd-ebbf-005e-788500f0fe97,26,-80.0,-61.0,NaN,-75.0,2.1713625884253576,2.998986236170448,NaN,1.7365866267678174,0.2688016871875652,0.1402684282983645,NaN,0.43752963693516833,-4.502594947814941,1.6318107843399048,1.1032936573028564
1761086481.257563,2c08d2cc-7a1c-9d34-25ea-6265acb43d72,b0d96120-c0cb-1c65-7308-834b0458588c,14,-72.0,-65.0,NaN,-76.0,2.1991840997011973,2.9977697041845,NaN,1.9714848917638585,0.2752548760487203,0.16294399662362818,NaN,0.4064383630519566,-4.459529876708984,1.520032525062561,1.1421704292297363
1761086483.256439,2c08d2cc-7a1c-9d34-25ea-6265acb43d72,86bb8d68-9e80-9187-ea49-3b34425556ab,15,-73.0,-71.0,NaN,-68.0,2.1997843762109013,3.04025351515788,NaN,1.9376462343210934,0.38773761258790657,0.1816623572403864,NaN,0.17814661841683188,NaN,NaN,NaN
1761086484.259819,2c08d2cc-7a1c-9d34-25ea-6265acb43d72,ad6c988c-4e22-081f-df95-600ebb3dc57e,11,-77.0,-69.0,-69.0,-68.0,2.159562654267434,3.0327322156072785,1.425917700333496,1.9494477663756706,0.4811558108581379,0.20638726131397975,0.11428449817467935,0.19959876382682687,-4.42538070678711,1.2809901237487793,1.2304126024246216
1761086485.257278,2c08d2cc-7a1c-9d34-25ea-6265acb43d72,69f14177-b817-eab6-99d9-9ea780c7e050,22,NaN,-81.0,-70.0,-82.0,NaN,3.0205146977904302,1.4477439033633495,1.9009761040073565,NaN,0.2049902169403946,0.16833854566196313,0.2011647524820639,-4.434133529663086,1.1694774627685547,1.293363094329834
1761086487.258371,2c08d2cc-7a1c-9d34-25ea-6265acb43d72,398cfa55-d1eb-fbcc-61de-3a94d9541a7a,16,NaN,NaN,-78.0,-83.0,NaN,NaN,1.450077897742695,1.9014645277512772,NaN,NaN,0.19907848201836625,0.1435677686385932,-4.46576738357544,0.9568347930908203,1.3274445533752441
1761086488.256801,2c08d2cc-7a1c-9d34-25ea-6265acb43d72,351a70ab-62c4-e0f7-a642-d87f3bdb8350,7,NaN,NaN,-71.0,-73.0,NaN,NaN,1.4101421993003027,1.8806567175222701,NaN,NaN,0.2901236040202553,0.14009921770060352,NaN,NaN,NaN
1761086489.257743,2c08d2cc-7a1c-9d34-25ea-6265acb43d72,1e316f08-4b34-5a2f-01dc-73b0ddfed9a3,33,-83.0,NaN,-80.0,-79.0,2.1378877187874976,NaN,1.5133103967688821,1.9348568393953447,0.4792470900153645,NaN,0.43140643037783094,0.16372265499209693,NaN,NaN,NaN
1761086491.25311,2c08d2cc-7a1c-9d34-25ea-6265acb43d72,baa491ec-45df-e1d7-3f62-a2790f0464de,25,-76.0,-68.0,-75.0,-79.0,2.0778685899325997,3.0373421474542055,1.5091777033892972,1.9802333759447688,0.5305191328489243,0.2864417838132207,0.293940080309907,0.22435013306375287,-4.490063190460205,0.8562103509902954,1.2633297443389893
1761086492.257774,2c08d2cc-7a1c-9d34-25ea-6265acb43d72,6e9dfebc-a505-1d7e-25cd-06e08a464e30,21,-78.0,-81.0,-72.0,-74.0,2.0165280005448047,3.089492167920137,1.4658219734750253,1.9584764151032572,0.5206781866993498,0.2404576637058519,0.2380061573434067,0.2561423176563599,-4.519036293029785,0.843989133834839,1.1299175024032593
1761086493.256567,2c08d2cc-7a1c-9d34-25ea-6265acb43d72,5776f14a-03a3-fe76-8886-6f36eeee0db0,27,-82.0,-75.0,-89.0,NaN,1.9632525282022053,3.099788481326601,1.4363940434296496,NaN,0.3887141271806114,0.18184117186282842,0.4536218211114858,NaN,-4.55802345275879,0.839734971523285,1.0130172967910767
1761086494.259065,2c08d2cc-7a1c-9d34-25ea-6265acb43d72,035386ab-e050-142a-3a58-dd2cd3181ad1,15,-74.0,-76.0,-70.0,NaN,2.0199666741443147,3.074574204757949,1.4781454851032578,NaN,0.37053685431833,0.2542725122550153,0.41281200662030226,NaN,-4.610662937164307,0.839982271194458,0.921645998954773
1761086496.256775,2c08d2cc-7a1c-9d34-25ea-6265acb43d72,49f0a44f-b025-1457-3db9-65a6cd7fca7b,31,-80.0,-71.0,-76.0,NaN,2.057079954463441,3.037711794213508,1.493233890575211,NaN,0.501929532625192,0.27125016420427045,0.3999746713492525,NaN,-4.735024452209473,0.8427804112434387,0.6860604286193848
1761086497.260554,2c08d2cc-7a1c-9d34-25ea-6265acb43d72,7cf141f9-ba06-217d-7610-7c2193a41288,10,-76.0,-65.0,-75.0,NaN,2.0273654682847733,3.063882678245717,1.435265928391892,NaN,0.5550520729421934,0.2773764833311319,0.44549388675407764,NaN,NaN,NaN,NaN
1761086498.255227,2c08d2cc-7a1c-9d34-25ea-6265acb43d72,802194a0-dc4d-b35f-c36a-ca3ff32e1d0a,0,-79.0,-69.0,-75.0,-69.0,2.1395537923654513,3.068151192840896,1.447661345369557,1.83521466721003,0.47540195145448083,0.28551919823259003,0.4328783595123177,0.5676931998199316,-4.755152702331543,0.854088008403778,0.5493248105049133
1761086500.258471,2c08d2cc-7a1c-9d34-25ea-6265acb43d72,8a5e560b-9c6c-ff31-7d20-4722dc33b67e,14,-76.0,-72.0,-69.0,-90.0,2.1795246445342324,2.9830280422864752,1.4425880234929558,1.77901610925496,0.4368105168618197,0.2240971993392226,0.36812925682435754,0.8073990032157836,-4.760167121887207,0.857007384300232,0.29059433937072754
1761086501.25662,2c08d2cc-7a1c-9d34-25ea-6265acb43d72,c6cc582a-b31a-07a2-806d-f16d27a4f3b9,8,-69.0,-64.0,-79.0,-82.0,2.1517968765287634,2.987665138376521,1.4539634497731204,1.8450124368604315,0.2793612374230271,0.248853695161247,0.34309161441500474,0.40233053693905024,-4.76047658920288,0.8493501543998718,0.19829604029655457
1761086502.257088,2c08d2cc-7a1c-9d34-25ea-6265acb43d72,f4692d6a-621b-6cd4-2311-b19cb218ddba,2,-73.0,-63.0,-65.0,-70.0,2.1317118482196036,3.026174447739067,1.4359700681841088,1.8753937785760555,0.26078022933948974,0.36093262990014996,0.35105596410245493,0.20043346509148496,-4.756291389465332,0.8454026579856873,0.19446784257888794
1761086503.255217,2c08d2cc-7a1c-9d34-25ea-6265acb43d72,cb6070c6-7a09-a982-f05f-405751092ec6,0,-83.0,-63.0,-75.0,-75.0,2.1725407708916085,3.047955909662607,1.4378353462116005,1.937353819233403,0.26852764791139605,0.3107182282040016,0.44028727366491816,0.27076100809105014,-4.74402666091919,0.8344377279281616,0.2618871033191681
1761086505.258503,2c08d2cc-7a1c-9d34-25ea-6265acb43d72,7c54faa9-b374-dab5-a521-2a504ba0f1f9,34,-76.0,-72.0,-82.0,-72.0,2.179048471331326,2.969236063633173,1.4835245378729998,1.8632961030082615,0.25247186581822867,0.21894406585370332,0.34315486449089416,0.27141681150948216,-4.725455284118652,0.7589247226715088,0.345329612493515
1761086506.254075,2c08d2cc-7a1c-9d34-25ea-6265acb43d72,07a4db5b-6105-0bc6-de14-46df8c306c34,36,-79.0,-69.0,-77.0,-77.0,2.283134394111547,3.028238930216096,1.450155662046525,1.8051539700896515,0.24169183913402184,0.3841656810653513,0.3979329588995432,0.29814258179956565,-4.715173721313477,0.7487412691116333,0.3582517206668854
1761086507.257462,2c08d2cc-7a1c-9d34-25ea-6265acb43d72,68980396-a64c-1ea9-aa23-1f2b312242f7,17,-80.0,-75.0,-75.0,-71.0,2.0106397513746397,3.0035434374277914,1.4597728693750192,1.8088861240412886,0.22004573237288508,0.2757787531246525,0.29331610166650135,0.17389687910733798,-4.700100898742676,0.7389021515846252,0.43834593892097473
1761086509.258923,2c08d2cc-7a1c-9d34-25ea-6265acb43d72,50c74c12-14dd-8a42-a07b-5b5d31f6f6e6,31,NaN,-71.0,-80.0,-79.0,NaN,3.0535432216295932,1.4921867356345915,1.8147269689440504,NaN,0.17594797919988975,0.19201914104835233,0.21680038762375764,NaN,NaN,NaN
1761086510.260919,2c08d2cc-7a1c-9d34-25ea-6265acb43d72,aa1dc4f4-7225-31a5-0f6a-4c919246c547,22,-72.0,-69.0,-69.0,-70.0,2.0945000309401443,3.0637362043857626,1.5063472957827608,1.8390325749487675,0.16980564781697413,0.14797776366668267,0.17842130683851676,0.29479628660036744,-4.685394763946533,0.720117449760437,0.6790509223937988
1761086511.261449,2c08d2cc-7a1c-9d34-25ea-6265acb43d72,47b38e50-1ac2-ab08-5ea8-3de6c9f9be62,2,-71.0,-63.0,-70.0,-70.0,2.141233714381073,3.048625428360653,1.4559400479341773,1.7947410102274417,0.17459912139727823,0.21098870433493228,0.177593429924152,0.2697065627469469,-4.686509609222412,0.7323448061943054,0.8044392466545105
1761086512.25739,2c08d2cc-7a1c-9d34-25ea-6265acb43d72,0bf7e22d-18f5-666d-e439-e86cc477e688,8,-71.0,-69.0,-71.0,-65.0,2.164282840983491,3.0103653908761387,1.4602176172770625,1.8735119889498053,0.12357143191611164,0.16973605608873904,0.19718657237997397,0.4377673573519716,-4.677130699157715,0.7339975237846375,0.8964263200759888
1761086514.258559,2c08d2cc-7a1c-9d34-25ea-6265acb43d72,3bc8414b-ae04-e3a1-3d8e-82537fd7ef3c,12,-74.0,-89.0,-73.0,-87.0,2.1539220790786464,3.0548183431595235,1.4713235316549111,1.8824277196471728,0.10423481012991316,0.13858625091819432,0.2630672688598657,0.47649384750141327,-4.676756858825684,0.71954345703125,1.0668443441390991
1761086515.258191,2c08d2cc-7a1c-9d34-25ea-6265acb43d72,c6ceb48e-95d2-e53c-b399-b00a252c6b48,30,-78.0,-70.0,-78.0,-69.0,2.1048400201884863,3.139097804280607,1.4379924727159152,1.91870583264845,0.12489700370394177,0.18441233738200222,0.31603552892596737,0.4997027304797222,-4.6830291748046875,0.7491329908370972,1.103297233581543
1761086516.255885,2c08d2cc-7a1c-9d34-25ea-6265acb43d72,3dc34b3b-915f-5362-f037-d5dadd2e7a32,18,-76.0,NaN,-69.0,-72.0,2.030680571209704,NaN,1.4526020418238719,1.8945626794702277,0.13719182809380726,NaN,0.38027969627124864,0.4474844665108573,-4.688962936401367,0.7832184433937073,1.0766855478286743
1761086518.260797,2c08d2cc-7a1c-9d34-25ea-6265acb43d72,e102cd69-3a56-3d66-4665-cc1b176418b2,34,-86.0,NaN,-79.0,-69.0,2.171682167756167,NaN,1.3687225874985183,1.8422715114665218,0.15697134189166428,NaN,0.41263473996024397,0.3469901160662309,-4.689913272857666,0.8171355724334717,1.125636100769043
1761086519.257968,2c08d2cc-7a1c-9d34-25ea-6265acb43d72,9559b0ba-180b-0a6c-0ad1-7c0cb53dcacd,21,-76.0,NaN,-72.0,-71.0,2.1089860293735216,NaN,1.4682337321582009,1.8515936405462352,0.14461314259023336,NaN,0.39883939906606536,0.27239352583926874,-4.69404411315918,0.8516165614128113,1.1506855487823486
1761086520.260905,2c08d2cc-7a1c-9d34-25ea-6265acb43d72,10898089-0da7-4d44-1325-72f57f7a903d,27,-75.0,-72.0,-77.0,-75.0,2.137240570642608,2.9367071488145093,1.426995215310542,1.9032254098640373,0.24006238402105684,0.3503894414606353,0.36356250147660324,0.27731762747104116,NaN,NaN,NaN
1761086522.262764,2c08d2cc-7a1c-9d34-25ea-6265acb43d72,98121136-893c-2c29-f553-6c857d4e6a8f,36,-78.0,-75.0,-78.0,-70.0,2.0951849959725126,2.9933552483615844,1.4310405570063724,1.9493327178165794,0.24614131552527171,0.22784836160314006,0.2857859471052751,0.365101275954451,-4.700779914855957,0.8785646557807922,1.0711206197738647
1761086523.25775,2c08d2cc-7a1c-9d34-25ea-6265acb43d72,52e21816-31fb-2746-dd26-9376c59bc97a,26,-78.0,-73.0,-70.0,-75.0,2.219202548983105,3.0374199117580356,1.4109470065817244,1.9655684130861384,0.2697775859242679,0.18810319569198622,0.3559462935226537,0.3703403463193958,-4.708549976348877,0.8902323246002197,1.016839861869812
1761086524.261561,2c08d2cc-7a1c-9d34-25ea-6265acb43d72,739dc544-bdeb-29cb-37d7-52b843a5c742,5,-69.0,-70.0,-75.0,-69.0,2.260584876529628,3.0273936428861052,1.3594095131665112,1.8945248625827487,0.2716257531417557,0.22545854070944388,0.43423124534607793,0.26359385903115845,-4.7167010307312,0.9178197383880615,0.957855463027954
1761086525.25704,2c08d2cc-7a1c-9d34-25ea-6265acb43d72,3068a62c-d134-49bd-202a-8877f9ce3ebf,16,-69.0,-69.0,-67.0,-69.0,2.2449776872773275,3.051859038556227,1.4435446309565123,1.8650010587381303,0.2914157032021345,0.2001457271804587,0.33516371674497514,0.36514312087307893,-4.71750783920288,0.9430472254753113,0.9055546522140503
1761086527.258461,2c08d2cc-7a1c-9d34-25ea-6265acb43d72,70839ab0-a038-658a-5208-9a7ecdc4c9e9,26,-79.0,NaN,-75.0,-72.0,2.2089259429687074,NaN,1.5636425434747256,1.8764425314133284,0.34167108428955656,NaN,0.19519742407228016,0.2836721961480792,-4.70709466934204,0.9723061323165894,0.8132991194725037
1761086528.261112,2c08d2cc-7a1c-9d34-25ea-6265acb43d72,193d036c-5be8-04db-9136-b5a7ea5eb3c4,0,-73.0,NaN,-69.0,-74.0,2.1988293666439986,NaN,1.4918469162794976,1.8611549214918375,0.27073760556297105,NaN,0.3094379135099459,0.22130061387853037,-4.696106433868408,0.9945423007011414,0.865397572517395
1761086529.25797,2c08d2cc-7a1c-9d34-25ea-6265acb43d72,6b66bcaa-beb0-4c36-ae8c-95a8f41a8a8e,17,-74.0,NaN,-70.0,-79.0,2.252457974147142,NaN,1.470310997808463,1.9440793662502889,0.20393735284818856,NaN,0.21787725345528802,0.2036288422806597,-4.69398546218872,1.0110644102096558,0.8868000507354736
1761086531.259579,2c08d2cc-7a1c-9d34-25ea-6265acb43d72,571b619f-611f-f70a-a27f-ea839309eff5,36,-83.0,-72.0,-79.0,-79.0,2.0910741405138666,2.806319314476448,1.4270708490855002,1.8976018789062263,0.20142725694176164,0.5501293528252363,0.2896627772831307,0.17384276700293888,-4.690131664276123,1.0284535884857178,0.9001554250717163
1761086532.259269,2c08d2cc-7a1c-9d34-25ea-6265acb43d72,baaf1974-828f-9893-fb60-bc08ba9ae452,19,-74.0,-74.0,-81.0,-77.0,2.0550064172387055,2.866524864607651,1.3960700561003239,1.8626212579880352,0.1920737691402126,0.4912561156083724,0.3986842699325682,0.16249242437129163,-4.686692237854004,1.0575228929519653,0.9083582758903503
1761086533.257581,2c08d2cc-7a1c-9d34-25ea-6265acb43d72,e3d28013-87e3-c801-a854-5c3d343a6df4,25,-75.0,-68.0,-88.0,-69.0,2.123828358760751,2.885929188942186,1.29924364413555,1.8582105305906462,0.22166330312948554,0.40561770996204866,0.7444595850675594,0.17520432475499875,-4.672484874725342,1.1088787317276,0.9448665380477905
1761086534.258482,2c08d2cc-7a1c-9d34-25ea-6265acb43d72,8ec10b9d-3230-5d2d-4da7-c4db558ecbc7,27,-74.0,-72.0,-76.0,-77.0,2.1416875170308223,3.0269227960053793,1.3954490069341172,1.88147004691918,0.25815273796326077,0.34736555520090484,0.5565013319179009,0.25433800937307444,-4.6586103439331055,1.12930166721344,0.9766300916671753
1761086536.262181,2c08d2cc-7a1c-9d34-25ea-6265acb43d72,8af585e5-5805-8ce7-1a10-5c13daacf75c,10,-77.0,-71.0,-64.0,-72.0,2.099523285388252,2.987643833087801,1.3691289858808644,1.8389313748273446,0.3418511139792459,0.4000895534607758,0.47379383491975013,0.2311118491371936,-4.637365818023682,1.1610791683197021,1.0062341690063477
1761086537.261868,2c08d2cc-7a1c-9d34-25ea-6265acb43d72,518cb34b-6180-0e61-8809-bfce1d0c7fff,11,-76.0,-65.0,-69.0,-74.0,2.1435394792528637,2.9724142800780733,1.39875825090465,1.815489698280249,0.3166959595867934,0.41319347115694255,0.34510802683435826,0.18050394874522915,-4.621451377868652,1.1677930355072021,1.037929892539978
1761086538.260651,2c08d2cc-7a1c-9d34-25ea-6265acb43d72,9d3b8b12-c03a-57d3-d3b8-fb06f24ecd67,5,-76.0,-67.0,-68.0,-72.0,2.108574837301213,3.0110674001394835,1.5244344206421432,1.8761197562892111,0.2569019344230346,0.39746490833796183,0.3635803446559068,0.3220622291833031,-4.6004838943481445,1.162306547164917,1.0609062910079956
1761086540.261361,2c08d2cc-7a1c-9d34-25ea-6265acb43d72,fde1d33f-77a5-f149-ceeb-6431c35f81f6,29,-75.0,-68.0,-79.0,-82.0,2.284592741124474,2.9879410418654535,1.5099537485309462,1.6727000553779066,0.221436118843745,0.3064086676385217,0.29501110383179596,0.3954083487651754,-4.56950283050537,1.1122972965240479,0.9791939854621887
1761086541.260773,2c08d2cc-7a1c-9d34-25ea-6265acb43d72,c583ece4-bd47-b84f-1ded-2937442f8df5,15,-69.0,-75.0,-82.0,-69.0,2.179047938699108,2.9714150620370754,1.4045719315642928,1.658028168300442,0.13325325419055384,0.31370586218339336,0.3955168060005688,0.33207954317606797,-4.536684036254883,1.0813661813735962,0.9658414125442505
1761086542.258936,2c08d2cc-7a1c-9d34-25ea-6265acb43d72,d06eb3b8-4378-4455-8340-4e507554ed38,16,-70.0,-77.0,-75.0,-80.0,2.144590362619009,2.9771973173958557,1.436073931466622,1.7091693833454518,0.19670687048862345,0.2911803130512851,0.3415304360944867,0.36212808962397297,-4.501234531402588,1.046152114868164,0.9768428802490234
1761086544.259568,2c08d2cc-7a1c-9d34-25ea-6265acb43d72,43c79316-c3f8-9df0-96c0-efa06bfaf813,27,-73.0,-69.0,-79.0,-66.0,2.0525579069324866,2.969332470064634,1.4482515018671185,1.7546801432138157,0.11439020070282029,0.26817411327668805,0.26579594371276094,0.3324298487279543,-4.439752578735352,0.9475257992744446,0.942089557647705
1761086545.259259,2c08d2cc-7a1c-9d34-25ea-6265acb43d72,b1fe015f-5116-ab46-1e86-a1d71158db04,18,-78.0,-71.0,-74.0,-78.0,2.0259609171258655,3.0668249386180366,1.5427010425589966,1.7588985903805012,0.13082356078191207,0.26980569891852507,0.25075084789803537,0.35958433801927014,-4.417096138000488,0.9121623039245605,0.911435842514038
1761086546.254747,2c08d2cc-7a1c-9d34-25ea-6265acb43d72,3242208e-5d3f-9375-d412-ef4d0dd71008,5,-75.0,-68.0,-68.0,NaN,2.1179502296027284,2.983218191988307,1.4758871244988707,NaN,0.14485241096942017,0.23897456593954358,0.20212448915990125,NaN,-4.400328636169434,0.8806585669517517,0.938104212284088
1761086548.258813,2c08d2cc-7a1c-9d34-25ea-6265acb43d72,cabe6761-7954-ed90-32af-34cb2c3b9068,10,NaN,-62.0,-68.0,NaN,NaN,2.9708360908160922,1.4762727502247142,NaN,NaN,0.22335772272829166,0.2103137760909221,NaN,NaN,NaN,NaN
1761086549.259134,2c08d2cc-7a1c-9d34-25ea-6265acb43d72,6af3e0b3-21be-d6c8-47bf-baf8d42768ad,10,-71.0,-68.0,-67.0,NaN,2.102751569261646,2.9556677905114372,1.4623769082888989,NaN,0.13616513788168966,0.19959819790509523,0.239850712648666,NaN,-4.395192623138428,0.8210315108299255,0.9722633957862854
1761086550.262526,2c08d2cc-7a1c-9d34-25ea-6265acb43d72,99df9493-39fa-141f-769d-1afc101f2134,17,-69.0,-67.0,-68.0,NaN,2.1189723508291007,2.9899442716374107,1.471055617649249,NaN,0.08717325196156371,0.16749966656334497,0.1943719939371669,NaN,NaN,NaN,NaN
1761086551.258972,2c08d2cc-7a1c-9d34-25ea-6265acb43d72,18ba78ab-c18f-0e66-5784-f29e36581bae,18,-72.0,-66.0,-73.0,-71.0,2.157369274793645,2.998661330517458,1.4486488455017583,1.819925992024103,0.11693738112742658,0.16839851672076037,0.1574360135676127,0.5513947205276739,-4.395017623901367,0.7947417497634888,1.0307261943817139
1761086553.257925,2c08d2cc-7a1c-9d34-25ea-6265acb43d72,b6cfca4f-7fa5-bafa-2b0e-2874898f2c6a,24,-77.0,-70.0,-75.0,-80.0,2.18173719876787,3.062065869750065,1.4277595425433949,1.8398315232757911,0.1605099173215662,0.30119739401745466,0.10053865046488421,0.7099217812596217,-4.420111656188965,0.764128267765045,1.1775412559509277
1761086554.262209,2c08d2cc-7a1c-9d34-25ea-6265acb43d72,b24c594e-abb7-980e-5df8-d4e1823a6f0d,26,-74.0,-72.0,-75.0,-76.0,2.2174789511256057,3.105881793900702,1.4022635035314122,1.8577189110534176,0.123044167632168,0.3321905637040107,0.16958929926791882,0.7170142452956934,-4.445363998413086,0.760660171508789,1.2044886350631714
1761086555.261861,2c08d2cc-7a1c-9d34-25ea-6265acb43d72,dca95f92-5417-6458-97bc-6de720c51253,30,-79.0,-85.0,-76.0,-73.0,2.221377286329264,3.124788639743611,1.494683182840432,1.99096804566666,0.12217070072889244,0.30900398469983115,0.3024472820960561,0.8340366728080559,-4.4965033531188965,0.767468750476837,1.2320162057876587
1761086558.258497,2c08d2cc-7a1c-9d34-25ea-6265acb43d72,23bcf92f-d7f0-f62d-05ff-a00523a146e1,23,-68.0,-73.0,-70.0,-90.0,2.259095104215838,3.053655607027595,1.35185039672843,2.0335935368100326,0.14140413334522878,0.2708879077169924,0.3666141179011842,0.8618303540505043,-4.583298206329346,0.801451861858368,1.2554776668548584
1761086559.307769,2c08d2cc-7a1c-9d34-25ea-6265acb43d72,08ba0bc7-f058-ea70-21c1-d98edad81147,20,-82.0,-73.0,-72.0,-86.0,2.22159832869974,2.9927725487150747,1.337024046307741,1.9960530854520575,0.29609963763785224,0.18307083656190204,0.44043854121483467,0.7236841988248242,-4.607165813446045,0.828963339328766,1.232900619506836
1761086561.26232,2c08d2cc-7a1c-9d34-25ea-6265acb43d72,0c41966f-225c-d380-0d5b-e62d148383f4,18,-80.0,-80.0,-72.0,-81.0,2.141130916362996,3.0586660783024695,1.3431130978240982,1.9764309145403536,0.278016257848753,0.15731335835465773,0.4057723397528414,0.2242656276334133,-4.632736682891846,0.9007321000099182,1.149040937423706
1761086562.264757,2c08d2cc-7a1c-9d34-25ea-6265acb43d72,d4a6f374-5029-2097-f845-347d8b81463c,11,-68.0,-73.0,-67.0,-75.0,2.117431445822381,3.0515351981676733,1.3404387514574407,1.989449511213097,0.42545060349500496,0.13355565613233233,0.412431973532748,0.1643497129155129,-4.641160488128662,0.9421034455299377,1.0780309438705444
1761086563.261977,2c08d2cc-7a1c-9d34-25ea-6265acb43d72,29a62648-94fc-4a3a-c839-5d0cb0e7570a,26,-75.0,-64.0,-73.0,-84.0,2.1346130959111362,3.1168502891663032,1.3511590401094458,2.0024111162385125,0.4292717070270507,0.09855014298032772,0.36916752346483855,0.13372565735604186,-4.647615432739258,0.9836069345474243,1.006958246231079
1761086564.261542,2c08d2cc-7a1c-9d34-25ea-6265acb43d72,0ed84e10-a6b5-c472-3b99-76fbc0999d44,35,-80.0,-71.0,-91.0,-69.0,2.100430358055533,3.0287587792608797,1.4314789133217993,2.0259326876183104,0.41365426460455346,0.16219696329310418,0.29529140153652683,0.2867286395521359,-4.658596515655518,1.0090128183364868,0.9432862401008606
1761086566.261495,2c08d2cc-7a1c-9d34-25ea-6265acb43d72,42d1d4ba-3c14-fffd-0bd3-d485f76fa32d,29,-80.0,NaN,-74.0,-73.0,2.0381379548941436,NaN,1.4552689313394773,1.8923245588901252,0.1958987841901093,NaN,0.17568251197347928,0.45968597207165074,-4.659297466278076,1.0303820371627808,0.8505924940109253
1761086567.258828,2c08d2cc-7a1c-9d34-25ea-6265acb43d72,305e4989-aa72-c6c0-8b0a-cd79167f6f5b,13,-79.0,NaN,-69.0,-70.0,2.102912956823705,NaN,1.4430807082946207,1.9345244768913028,0.15698875230729067,NaN,0.2157414315505581,0.5376955863278744,-4.6524786949157715,1.033983588218689,0.8259888291358948
1761086568.261017,2c08d2cc-7a1c-9d34-25ea-6265acb43d72,5a50485b-9213-9bbc-c894-f5de0be5372c,11,-74.0,NaN,-70.0,-65.0,2.0662827739263188,NaN,1.4534856786735602,1.9247341640919533,0.18866429044415228,NaN,0.24461793744747595,0.5989105743807587,-4.653475284576416,1.032989263534546,0.803498923778534
1761086570.258257,2c08d2cc-7a1c-9d34-25ea-6265acb43d72,ec0dc79f-c34b-275a-03d5-4a173c3aca88,30,NaN,NaN,NaN,-69.0,NaN,NaN,NaN,1.9340035625820833,NaN,NaN,NaN,0.6419740223653945,NaN,NaN,NaN
1761086571.25895,2c08d2cc-7a1c-9d34-25ea-6265acb43d72,c4b50719-6273-edd6-152b-5bf386a649ea,3,NaN,-69.0,NaN,-73.0,NaN,3.058871674338624,NaN,1.9176091429115556,NaN,0.12341629446023611,NaN,0.6942113945150806,-4.68166160583496,1.0088512897491455,0.7857306003570557
1761086572.260786,2c08d2cc-7a1c-9d34-25ea-6265acb43d72,48ca72ce-3d99-7202-725b-26a45b62e94f,26,NaN,-75.0,NaN,-80.0,NaN,3.0768741106753414,NaN,1.8905951020782277,NaN,0.12245171415816623,NaN,0.6328801261911008,NaN,NaN,NaN
1761086573.259121,2c08d2cc-7a1c-9d34-25ea-6265acb43d72,d2e61743-1ace-f0fc-fb5a-71bd616acf89,24,-76.0,-66.0,NaN,-72.0,2.092435015830897,3.1220402574986497,NaN,1.93799617368833,0.505925505972315,0.1852854713901415,NaN,0.8154894202913354,NaN,NaN,NaN
1761086575.261902,2c08d2cc-7a1c-9d34-25ea-6265acb43d72,7bed4da0-d2ae-dcc7-3156-76a25ce2fba9,16,-75.0,-67.0,-69.0,-70.0,2.0841557806340587,3.0819516936096867,1.3423146821292926,1.8657446133144804,0.4482421691304985,0.18382657510023928,0.18243537303629553,0.6846665585892094,-4.67750883102417,0.999178647994995,0.7963474988937378
1761086577.261781,2c08d2cc-7a1c-9d34-25ea-6265acb43d72,3f9cb7e6-0d22-00f4-3561-1eba7e1bcda4,8,-69.0,-62.0,-67.0,-76.0,2.2189543423695093,-3.1172931728555833,1.3150905178859573,1.8945461678714692,0.4608937156260017,0.20529383394942044,0.2100185147498164,0.8134994397458007,-4.66360092163086,0.99648380279541,0.828949272632599
1761086579.258887,2c08d2cc-7a1c-9d34-25ea-6265acb43d72,b1426f50-4d85-d067-6e35-bbd1673f677b,22,-76.0,-69.0,-73.0,-71.0,1.847963751980457,3.0015535234612845,1.4008898450411493,1.865996015721384,0.3290164085797725,0.27729495731226184,0.2576288442425717,0.939113224934759,-4.622049808502197,0.9966280460357666,0.8942928314208984
1761086580.259278,2c08d2cc-7a1c-9d34-25ea-6265acb43d72,c7d70b53-cd88-d540-e796-ef518b82073e,32,-76.0,-74.0,-83.0,-75.0,1.8633882483819781,2.7754452879591587,1.4525791386384972,1.8426001455450376,0.38500094825174114,0.222803269234094,0.23255691363418424,0.914701425381575,-4.60232973098755,1.008579969406128,0.9062220454216003
1761086581.260331,2c08d2cc-7a1c-9d34-25ea-6265acb43d72,cd607f35-ba38-1520-6e60-41fe602fc7c8,30,NaN,-84.0,-93.0,-69.0,NaN,2.7557629296068193,1.4038134632858383,1.8786209971850134,NaN,0.15709331466958995,0.23615248071141387,0.7799497352813096,NaN,NaN,NaN
1761086582.260316,2c08d2cc-7a1c-9d34-25ea-6265acb43d72,eaa6c3bb-c271-9b23-5373-c87e43bdefbb,7,-74.0,-70.0,-71.0,-74.0,2.1063686746541914,2.9433117883179056,1.4980004162942346,2.04226478931933,0.26107374298113006,0.3649937175359254,0.3522692670055813,0.8080517439989621,-4.584619998931885,1.0207743644714355,0.8929095268249512
1761086584.260365,2c08d2cc-7a1c-9d34-25ea-6265acb43d72,49fba861-286e-5632-8b93-7e35088d3f7e,12,NaN,-73.0,-74.0,-80.0,NaN,2.8489751656562468,1.5013554666355164,1.9811745370740028,NaN,0.33390430786547665,0.2868580691811138,0.7147719302368739,-4.575368404388428,1.0327508449554443,0.762510120868683
1761086585.259694,2c08d2cc-7a1c-9d34-25ea-6265acb43d72,b97b42a8-e218-36bc-989c-ee08fe5245fd,23,NaN,-72.0,-75.0,-71.0,NaN,2.92801459101649,1.475726802201248,1.909124311678563,NaN,0.3094600177469936,0.2581033862593102,0.7584162136552559,-4.57865333557129,1.0311825275421143,0.733092427253723
1761086586.260615,2c08d2cc-7a1c-9d34-25ea-6265acb43d72,a4e73485-580f-fc58-17f4-2b463e49bac5,21,NaN,-74.0,-72.0,-73.0,NaN,3.0034795215616295,1.3686629326901003,1.825935148707758,NaN,0.2907607320215431,0.1579049130117916,0.5846686546612876,-4.570133209228516,1.0304720401763916,0.7572346925735474
1761086588.258256,2c08d2cc-7a1c-9d34-25ea-6265acb43d72,d8643198-0318-bb9b-0e52-8757410ae52f,28,NaN,-69.0,-72.0,NaN,NaN,3.0416223799581807,1.3418784563427375,NaN,NaN,0.3059147511248529,0.25015937646468556,NaN,NaN,NaN,NaN
1761086589.261924,2c08d2cc-7a1c-9d34-25ea-6265acb43d72,7dffc45c-86e8-f376-2286-e0c8803f2072,33,-74.0,-66.0,-78.0,NaN,2.1831236404313654,3.0345122724798874,1.3310532391437833,NaN,0.19468268496783828,0.32365982623172795,0.3925251439900283,NaN,-4.59490203857422,0.999598741531372,0.75946307182312
1761086590.26036,2c08d2cc-7a1c-9d34-25ea-6265acb43d72,cf04f00d-e392-37cf-8d67-28052cdc4d0f,23,-69.0,-75.0,-73.0,NaN,2.2181442087659073,3.0218883562806935,1.3797001375118247,NaN,0.18372472583330055,0.287534412229453,0.3741774621074956,NaN,-4.615627765655518,0.9725393652915955,0.7198448181152344
1761086592.258455,2c08d2cc-7a1c-9d34-25ea-6265acb43d72,3727333c-08dc-ff13-dc1d-4df82d791a75,22,-69.0,-66.0,-68.0,-71.0,2.10107004934937,3.0454599950889847,1.374059029690819,1.9386667576508119,0.09395011476370427,0.23550824539896686,0.24448075136182323,0.7062574713367543,-4.633057117462158,0.9536569714546204,0.7416879534721375
1761086593.258049,2c08d2cc-7a1c-9d34-25ea-6265acb43d72,2a255baa-f9a8-42ed-6ac7-eadf3be1d201,16,-74.0,-73.0,-67.0,-80.0,2.0732341570036437,3.022337365240481,1.3738145515027498,1.9562574692830033,0.10406833759464798,0.19916247146124463,0.2852606718697706,0.7340124701643693,-4.649752616882324,0.933664381504059,0.779970347881317
1761086594.259934,2c08d2cc-7a1c-9d34-25ea-6265acb43d72,9c9afc92-afb7-fc62-a96c-a3b271902205,31,-80.0,-72.0,-88.0,-76.0,2.069993089957017,3.0269739286983084,1.436641717411027,1.8239532242245209,0.08108681367202615,0.1325372300419724,0.22741241877745091,0.6944987495967001,-4.662668228149414,0.90889710187912,0.8616077303886414
1761086595.26278,2c08d2cc-7a1c-9d34-25ea-6265acb43d72,52712e81-8366-e1c3-1284-0e62a136e074,18,-69.0,-73.0,-72.0,-81.0,2.073179828517406,3.112044881295364,1.5167405482529044,1.9031412539735908,0.06760919205708324,0.13159921477177605,0.20062779262727667,0.8265356132817387,-4.667611122131348,0.9003530740737915,1.0169099569320679
1761086597.260476,2c08d2cc-7a1c-9d34-25ea-6265acb43d72,4666a7de-9358-fa76-a12a-e90f14ed4407,23,-68.0,-79.0,-71.0,-73.0,2.1520067336226614,-3.1342186268474728,1.4765566431969168,1.9052781744322707,0.09845057404507236,0.12370895921927902,0.18354740923897173,0.77202183761128,-4.66438388824463,0.9241102933883667,1.2716363668441772
1761086598.258892,2c08d2cc-7a1c-9d34-25ea-6265acb43d72,85fe6d1b-3252-58f2-67d3-36e7013490ad,31,-75.0,-75.0,-76.0,-76.0,2.1485488852633026,-3.1025480488481416,1.5136113339720612,1.875410290174814,0.16097750182995688,0.1490201249173397,0.20044300253713881,0.6776018580075017,-4.66954517364502,0.951751708984375,1.303971290588379
1761086599.259189,2c08d2cc-7a1c-9d34-25ea-6265acb43d72,19b0b24f-be6d-f462-2902-760154ff60df,11,-69.0,-75.0,-74.0,-66.0,2.161774143236636,2.9690384570802895,1.4814259669340175,1.8645419297662005,0.21920552169372184,0.1429641964670404,0.25707400791896734,0.5979499055965398,-4.67352294921875,0.9860745668411255,1.26998507976532
1761086601.256006,2c08d2cc-7a1c-9d34-25ea-6265acb43d72,686a2ff4-c9da-d57b-1134-24d1c3cd3575,18,-71.0,-71.0,-77.0,NaN,2.157902972276097,2.9531606906612367,1.485372771669515,NaN,0.15917788736809269,0.12928766584699292,0.19296038540137042,NaN,-4.685736179351807,1.0241618156433105,1.3599895238876343
1761086602.259823,2c08d2cc-7a1c-9d34-25ea-6265acb43d72,71a1a19f-07bf-33fe-5422-0c2e91354db3,26,-74.0,-77.0,-72.0,NaN,2.0224673824078994,3.0237962448856264,1.5017554734312464,NaN,0.13274620496375955,0.10918346277798477,0.13911730188431293,NaN,-4.7022271156311035,1.03231680393219,1.384139060974121
1761086603.262999,2c08d2cc-7a1c-9d34-25ea-6265acb43d72,12a32971-14a6-9e77-804f-e808c2bcf5ad,31,-76.0,-75.0,NaN,NaN,2.067157356028301,3.095464040348531,NaN,NaN,0.09039139917805865,0.15337319487712867,NaN,NaN,NaN,NaN,NaN
1761086604.26182,2c08d2cc-7a1c-9d34-25ea-6265acb43d72,c71cbf30-bdb2-b972-7db3-ec19fe0d1d7c,19,-72.0,-67.0,-71.0,NaN,2.1060922385330416,3.102377606538376,1.5046380789951481,NaN,0.1184531691961156,0.17309681558160775,0.1568831912595827,NaN,-4.7389554977417,1.040077805519104,1.4166784286499023
1761086606.255904,2c08d2cc-7a1c-9d34-25ea-6265acb43d72,31a44521-0f99-2ce7-78b2-f5adf1a791e6,23,NaN,-75.0,-75.0,-75.0,NaN,2.989007371565921,1.440409025089053,1.5632185682291853,NaN,0.18389283787711183,0.1793899318164922,0.7202089733393524,-4.76162052154541,1.04749071598053,1.3650383949279785
1761086607.259491,2c08d2cc-7a1c-9d34-25ea-6265acb43d72,24d35a22-1cdf-0618-6b80-4b9c41f807cc,16,NaN,-75.0,-73.0,-75.0,NaN,2.8682543214195486,1.4417262245642064,1.7523365614545459,NaN,0.16569727242709298,0.18225123209167338,0.63633457902007,-4.771235466003418,1.0297636985778809,1.3045382499694824
1761086608.258511,2c08d2cc-7a1c-9d34-25ea-6265acb43d72,46beca6c-e23d-9152-d93c-3510ca7372b0,7,NaN,-67.0,-75.0,-77.0,NaN,2.903979562178525,1.4139222901515611,1.8348636625783576,NaN,0.15792392132407201,0.3161879948983744,0.7002119625042199,-4.7678542137146,0.9894262552261353,1.2407748699188232
1761086610.262859,2c08d2cc-7a1c-9d34-25ea-6265acb43d72,534b4289-bd33-4ff1-14ef-dc6c307cf2e7,15,-85.0,-70.0,-69.0,-68.0,2.130717956500786,2.8466885755443045,1.4531559793306084,1.8721798757725476,0.2157605064418658,0.10762238432600757,0.27345321428176805,0.5278134277604309,-4.768085479736328,0.939183533191681,1.1780387163162231
1761086611.262696,2c08d2cc-7a1c-9d34-25ea-6265acb43d72,356fc2b3-5617-d416-5ff9-ee3defab14bc,14,-77.0,-73.0,-76.0,-67.0,2.152258668661783,2.8773277112534483,1.4426306340703972,1.8650777577775244,0.2643049063974528,0.13961672781248685,0.20116758209072208,0.5016941424743426,-4.7685770988464355,0.8905553221702576,1.1425241231918335
1761086612.260158,2c08d2cc-7a1c-9d34-25ea-6265acb43d72,a9797879-fac1-2bce-fd0d-2ee7ffe5cd84,24,-77.0,-68.0,-73.0,-69.0,2.12124615776781,2.8912821427332456,1.427899624816733,1.9299869830260257,0.24095537522407406,0.15305233390004458,0.15259377084984657,0.5954789581581371,-4.777471542358398,0.8400607109069824,1.156497836112976
1761086613.258437,2c08d2cc-7a1c-9d34-25ea-6265acb43d72,0a4c48cb-75ca-2bc6-4f43-8e01da393808,31,-78.0,-66.0,-80.0,-68.0,2.1690802593711593,2.939396941515489,1.4598202736424226,1.9289254470155202,0.17721624309001272,0.2203644461763403,0.13446631574470652,0.6116008032910952,-4.795952796936035,0.81466144323349,1.192121982574463
1761086615.262147,2c08d2cc-7a1c-9d34-25ea-6265acb43d72,7b995c67-8faa-973a-292c-3d6c464eae1b,24,-75.0,-68.0,-75.0,-72.0,2.1083143801466036,3.0039061599682606,1.4114412892800432,1.950870959662209,0.12131651677638473,0.19999985253174962,0.12758382531583068,0.69850800545976,-4.805376052856445,0.7625927925109863,1.1614981889724731
1761086616.258123,2c08d2cc-7a1c-9d34-25ea-6265acb43d72,2183f1b9-4e31-8604-c6ae-f9a9122adfb2,30,-74.0,-71.0,-84.0,-73.0,2.0803176328710364,3.0358624951525575,1.404984188901037,1.9014783761889453,0.14708458937134056,0.19881248215973776,0.12963922807801861,0.6368602870192515,-4.773272514343262,0.7495805621147156,1.1457587480545044
1761086617.259853,2c08d2cc-7a1c-9d34-25ea-6265acb43d72,88ae2870-2679-ba46-14bf-70974ff31640,5,-77.0,-69.0,-69.0,-74.0,2.188795108288798,2.968424864765135,1.399134289250569,1.9202089207676907,0.3649306339076042,0.1608871041557055,0.34530083969728004,0.6223281493199888,-4.75285243988037,0.7415339946746826,1.1422162055969238
1761086619.260286,2c08d2cc-7a1c-9d34-25ea-6265acb43d72,74679ec3-9433-0a78-3d8f-81b6f9e04b1d,36,-91.0,-75.0,-76.0,-75.0,2.1638306362303954,2.8475253407588075,1.3621504385604206,1.8878365998211235,0.1700160708326041,0.17711735658978675,0.23722250554789406,0.3675007840966124,-4.68096399307251,0.8764781951904297,1.1897133588790894
1761086620.261447,2c08d2cc-7a1c-9d34-25ea-6265acb43d72,ce66d488-9e19-7439-2d7f-1ac7c9b6ae45,32,-77.0,-75.0,-73.0,-74.0,2.1171171928137515,3.064948475313967,1.4419515279924269,1.8389324400917806,0.12936698643558525,0.18179241937012314,0.16236073105538723,0.34892909707689035,-4.6558709144592285,0.9479128122329712,1.2360246181488037
1761086621.257594,2c08d2cc-7a1c-9d34-25ea-6265acb43d72,cbcc2371-c0c5-b7df-444c-74c87a1451e5,23,-68.0,-79.0,-68.0,-74.0,2.1508312143175004,2.9677878366323878,1.4459238990743892,1.8600070990620137,0.2128951781355359,0.21312292834300814,0.15087333549614176,0.8124634700817601,-4.633973121643066,0.9988843202590942,1.2687296867370605
1761086623.258441,2c08d2cc-7a1c-9d34-25ea-6265acb43d72,e89ac5c6-0f59-667e-dbc5-a298ae00f877,36,-78.0,-70.0,-82.0,-64.0,2.134878879387926,2.8785996369900704,1.4760495773253657,1.8814625900681279,0.18984222323905114,0.22732195452417225,0.12275533116719207,0.6620951365073247,-4.593728065490723,1.0937237739562988,1.2772572040557861
1761086624.263211,2c08d2cc-7a1c-9d34-25ea-6265acb43d72,21f77ff6-4077-4935-8eea-d1168c68dbde,29,-81.0,-69.0,-81.0,-73.0,2.0941516894695624,2.8945040350200233,1.4734727026546048,1.8909493025032083,0.16351815750989246,0.17674626173664099,0.14626788108879724,0.7049773563797805,-4.5786614418029785,1.1452540159225464,1.2948718070983887
1761086625.26185,2c08d2cc-7a1c-9d34-25ea-6265acb43d72,f5e1b2bc-1c8a-6475-25ca-6b2906f41bcd,23,-69.0,-68.0,-73.0,-83.0,2.153591314471259,3.0168288828417613,1.47270624489288,1.9365628603896494,0.17890317254825297,0.23966762032372305,0.1602787050046769,0.6156554660507408,-4.584075927734375,1.1822847127914429,1.263914942741394
1761086626.25706,2c08d2cc-7a1c-9d34-25ea-6265acb43d72,95ad3308-f0a9-8cf3-00b9-34b401d47d63,24,-74.0,-72.0,-72.0,-83.0,2.182946806534984,3.075243723455995,1.420974873350309,1.9363380895936466,0.22184539676901974,0.23624527523064628,0.16949337553440558,0.685005445837922,-4.598570823669434,1.2099087238311768,1.2505724430084229
1761086628.25888,2c08d2cc-7a1c-9d34-25ea-6265acb43d72,2fba011c-de3c-553e-4341-a2e2f85e2b67,30,-70.0,-71.0,-75.0,-72.0,2.1965129491278477,3.086052961688409,1.4431877673704419,1.9067530330439566,0.17833415489184393,0.2374257047390671,0.20586353404085883,0.6759556249796693,-4.62623691558838,1.2551246881484985,1.2705632448196411
1761086629.263646,2c08d2cc-7a1c-9d34-25ea-6265acb43d72,98001372-1df7-018a-f764-bb815c9b59b0,33,-76.0,-79.0,NaN,-74.0,2.174097122232651,3.0958912113873795,NaN,1.9019918336471127,0.23925927450482984,0.21403672549204159,NaN,0.636070393439934,NaN,NaN,NaN
1761086630.260792,2c08d2cc-7a1c-9d34-25ea-6265acb43d72,f8202f28-9dd7-5ee2-3ee2-fd97b16d599a,15,-77.0,-81.0,-70.0,-75.0,2.2139779595565874,-3.005016698142823,1.4387695831220002,1.9905201019713088,0.3680020908823062,0.29856512559602033,0.20639723152331071,0.6394512098647623,-4.656240940093994,1.26078724861145,1.223052978515625
1761086632.260078,2c08d2cc-7a1c-9d34-25ea-6265acb43d72,6a9c86db-9da7-322a-0e88-9aa420d26813,31,-85.0,-69.0,NaN,-68.0,2.181038917930051,-3.0882247695573684,NaN,1.9512139748106114,0.554449699193131,0.25036701980592774,NaN,0.6237727144742752,-4.691502571105957,1.3174360990524292,1.10617733001709
1761086633.264201,2c08d2cc-7a1c-9d34-25ea-6265acb43d72,b6c608d9-557a-5b0f-2290-f529cfa12110,0,-69.0,-68.0,NaN,-66.0,2.1356261623898023,-3.1155149801957367,NaN,1.9353607094735874,0.5771607374951633,0.27276019318710215,NaN,0.6316516099802473,-4.705798625946045,1.346458911895752,1.0440351963043213
1761086634.26165,2c08d2cc-7a1c-9d34-25ea-6265acb43d72,272ef5cc-125a-b01e-9556-6a431d0bdbb8,10,-75.0,-69.0,NaN,-70.0,2.1530693348976033,3.040156043461983,NaN,1.8864906382061974,0.4014750297283759,0.36233794671787123,NaN,0.5406871484698741,-4.705682754516602,1.3706594705581665,0.9751110672950745
1761086635.263483,2c08d2cc-7a1c-9d34-25ea-6265acb43d72,c92adb4f-4ea5-6527-d75a-f7d2aeb3b91f,22,-71.0,-68.0,-67.0,-75.0,2.129239369463574,3.0700191340294776,1.2592349750792897,1.9271310090730247,0.42535958996475154,0.3072288213857252,0.1535945368532279,0.4966914942351697,-4.70432710647583,1.3920716047286987,0.910931169986725
1761086637.263736,2c08d2cc-7a1c-9d34-25ea-6265acb43d72,da6c08fa-0362-40ed-a005-a94207c1756d,25,-71.0,-65.0,-71.0,-73.0,2.151051724055759,2.9648184120169496,1.360218581505677,1.8607181630730647,0.16559349236836393,0.24405689262958036,0.14850645107733382,0.5069240249335266,-4.667627334594727,1.43820595741272,0.9039575457572937
1761086638.259679,2c08d2cc-7a1c-9d34-25ea-6265acb43d72,40aa0d13-d259-d3f5-aafb-afe38d29ec17,9,-72.0,-71.0,-68.0,-76.0,2.1508013869132916,2.9985393577395327,1.4835074936420234,1.8450087084349052,0.2125459877823561,0.2136250007875153,0.1905948991421348,0.4682427752331026,-4.62196159362793,1.4932481050491333,0.8507032990455627
1761086639.261466,2c08d2cc-7a1c-9d34-25ea-6265acb43d72,98d7e37c-6823-bc1e-609e-e3ddfcf8e3cd,35,-85.0,-79.0,-86.0,-69.0,2.123655785922114,3.0564636440809743,1.4886734935245591,1.9003103137348367,0.18707611432808355,0.20351362727400016,0.2415165532000242,0.6015299930499333,-4.60092830657959,1.5316410064697266,0.7837839722633362
1761086641.260841,2c08d2cc-7a1c-9d34-25ea-6265acb43d72,f397da30-59dc-8db5-5e34-5a710ea6157e,1,-75.0,-69.0,-71.0,-82.0,2.1135112726977843,3.069122714006557,1.3791898758469656,1.8003075495379253,0.2159083118823652,0.17735602575772827,0.2321833886465438,0.4302917310140647,-4.56117296218872,1.536556363105774,0.7848902344703674
1761086642.264059,2c08d2cc-7a1c-9d34-25ea-6265acb43d72,86efca3f-ec46-3e9e-e262-b9af521f5146,0,-70.0,-66.0,-75.0,-75.0,2.1238363482440215,2.859737532253475,1.3959635296567208,1.8517667460170903,0.230678885722974,0.17038352048400776,0.26558986497865916,0.42878674539254724,-4.529947757720947,1.527056336402893,0.7882689833641052
1761086643.258912,2c08d2cc-7a1c-9d34-25ea-6265acb43d72,a705c906-a6f9-6689-79ee-00020b1ff057,21,-81.0,-69.0,-74.0,-72.0,2.1043744996299405,3.011892980077408,1.4246175450893193,1.8736217111867168,0.21477059281992653,0.16833212078583337,0.2612808204006406,0.4094217359736042,-4.51419448852539,1.4986660480499268,0.8120070695877075
1761086644.260842,2c08d2cc-7a1c-9d34-25ea-6265acb43d72,af2b26e5-494e-7f4c-0cf3-d625c5497465,22,-69.0,-84.0,-74.0,-71.0,2.2469937002225175,3.0318533724475523,1.4474024861116013,1.875506163974057,0.22027538008263395,0.20178367111939832,0.16306688486317855,0.33784881562453395,-4.495718955993652,1.4721927642822266,0.8845055103302002
1761086646.256827,2c08d2cc-7a1c-9d34-25ea-6265acb43d72,b35f1d01-7b72-ade5-5280-6bfab25fb22a,29,-74.0,-73.0,-80.0,-69.0,2.0948222734320443,3.0508528962963952,1.4195916274801217,1.8923959316073393,0.18865919714856752,0.18256756569490434,0.11837761032256301,0.3444480955162366,-4.486074447631836,1.4148423671722412,1.0514893531799316
1761086647.261836,2c08d2cc-7a1c-9d34-25ea-6265acb43d72,e0c26046-407f-0802-2adf-7f914db11f4f,23,-72.0,-74.0,-69.0,-72.0,2.0848583225296218,3.0453156517579028,1.3983364061879813,1.9034949217663533,0.17474173367365198,0.17600100939509594,0.15616828230970775,0.5990633066692747,-4.50766372680664,1.367620825767517,1.0715789794921875
1761086648.263349,2c08d2cc-7a1c-9d34-25ea-6265acb43d72,8d3f4f5a-2786-1881-3fe4-2f83614e35f7,23,-73.0,-76.0,-72.0,-77.0,2.2100822875140196,3.0044750111771017,1.3933749370771635,1.9036919956870195,0.226182154867132,0.21171313408570427,0.1953026355800951,0.7109211990377011,-4.53715705871582,1.306867003440857,1.122737169265747
1761086650.262732,2c08d2cc-7a1c-9d34-25ea-6265acb43d72,f4f8d8db-425d-3c03-9ea7-a99b50591df5,11,-72.0,-73.0,-68.0,NaN,2.190672636857304,2.9972940636138117,1.3949446042236564,NaN,0.1739951663963187,0.2747218110670273,0.14192106955756997,NaN,-4.567019939422607,1.206889033317566,1.224590539932251
1761086651.258828,2c08d2cc-7a1c-9d34-25ea-6265acb43d72,b85ac966-be8f-5018-b217-2a78ce4f60b4,20,-77.0,-72.0,-81.0,NaN,2.0537611231129844,2.993230079790351,1.3866824132577944,NaN,0.13758569297427314,0.20024076874186092,0.17872755371911905,NaN,-4.579644203186035,1.165299654006958,1.2516356706619263
1761086652.261468,2c08d2cc-7a1c-9d34-25ea-6265acb43d72,e90a8d8e-a7db-5cf8-7a21-12cf741987da,24,-72.0,-66.0,-92.0,NaN,2.156928255317128,3.033828372711955,1.421454242346523,NaN,0.0457874165325421,0.1682262601325027,0.19717978131919428,NaN,-4.596553802490234,1.1170586347579956,1.3301188945770264
1761086654.262594,2c08d2cc-7a1c-9d34-25ea-6265acb43d72,4c65ebea-c766-f38a-9c44-9c15cf5b553a,21,-75.0,-80.0,-69.0,NaN,2.1180290591709947,3.0101906875086293,1.3999609344529296,NaN,0.04872641453252629,0.21255976964099726,0.1288588136877061,NaN,NaN,NaN,NaN
1761086655.260151,2c08d2cc-7a1c-9d34-25ea-6265acb43d72,4973c773-925b-ca06-b380-a4ba2de11403,29,-78.0,-77.0,-85.0,-87.0,2.17682473182111,3.135976046850816,1.4326821295022973,1.8971374236121163,0.04784734666858317,0.15561910520341976,0.10336557099486811,0.5378553094142519,-4.63054656982422,1.0567872524261475,1.44780957698822
1761086656.260076,2c08d2cc-7a1c-9d34-25ea-6265acb43d72,b3ec5429-a04e-83d0-88c4-2ca8d559d416,6,-75.0,-69.0,-70.0,-70.0,2.1570880449825327,3.1280297067902376,1.3588417272221063,1.875929073955161,0.09546817484169828,0.12860026235775146,0.16835825305402974,0.41513894362275905,-4.625638961791992,1.0551058053970337,1.469465732574463
1761086657.265596,2c08d2cc-7a1c-9d34-25ea-6265acb43d72,7110bb8a-210d-9bfc-c03d-0dcc43f805d6,2,-67.0,NaN,-78.0,-68.0,2.173018009358951,NaN,1.3422092209501253,1.897361129143683,0.12123657200941192,NaN,0.17174867350353917,0.3863805322754294,-4.6041412353515625,1.0764495134353638,1.4901342391967773
1761086659.260758,2c08d2cc-7a1c-9d34-25ea-6265acb43d72,39a9a939-23b3-cec0-7c68-28cfce1cabb6,7,-98.0,NaN,-66.0,-74.0,2.169229396392204,NaN,1.4777710446539927,1.899486864325784,0.13409478812788364,NaN,0.18447650291951628,0.3093305215389885,-4.552159309387207,1.1655865907669067,1.54185426235199
1761086660.264475,2c08d2cc-7a1c-9d34-25ea-6265acb43d72,bdb12394-b723-ffb0-7ac0-2243d6a8b42b,17,-75.0,NaN,-72.0,-71.0,2.1787933404988964,NaN,1.4391418930423934,1.8869502998103453,0.17688980611939625,NaN,0.14999793780107587,0.37290283992027,-4.53598690032959,1.219515323638916,1.5709450244903564
1761086662.261555,2c08d2cc-7a1c-9d34-25ea-6265acb43d72,0bc939db-dec2-6359-c5be-c06c125be8ef,1,-72.0,-69.0,-71.0,NaN,2.0201222027519754,2.970988423630445,1.4023354088808444,NaN,0.1549578922390235,0.3171866137281269,0.09873856162745082,NaN,-4.517576217651367,1.2510101795196533,1.5868297815322876
1761086663.260306,2c08d2cc-7a1c-9d34-25ea-6265acb43d72,a5a1cb38-2639-4993-f13f-dc03e36591cc,4,-75.0,-67.0,-72.0,NaN,2.1050413551668963,2.9689042337613487,1.3782801400185947,NaN,0.16375884069340838,0.3241228500767519,0.13084876094372697,NaN,-4.510169506072998,1.279745101928711,1.580290675163269
1761086664.261417,2c08d2cc-7a1c-9d34-25ea-6265acb43d72,714fa30a-b63d-7cdc-5b27-e9af940df817,28,-75.0,-73.0,-81.0,NaN,2.0368484522943273,3.0684473363541125,1.3719759050861589,NaN,0.18260995989050702,0.25740921667642425,0.18861467242409272,NaN,-4.49954652786255,1.3057078123092651,1.5341434478759766
1761086665.265118,2c08d2cc-7a1c-9d34-25ea-6265acb43d72,cd76d791-91a5-8bbf-77e6-2e76453dedff,24,-70.0,-75.0,-81.0,-71.0,2.1263269364954636,2.9013744580002094,1.3876534017912374,1.8893540690102506,0.13847267542008085,0.19750480348548163,0.2278673366259069,0.3932641379030117,NaN,NaN,NaN
1761086667.261138,2c08d2cc-7a1c-9d34-25ea-6265acb43d72,bcd3274b-7f9a-1d2f-3ec4-bdda6f4197a9,15,-72.0,NaN,-72.0,-81.0,2.1158452670771295,NaN,1.408412209856187,1.8616332252236159,0.12796725393377484,NaN,0.19746397389701936,0.32603240315736587,-4.461604118347168,1.3585529327392578,1.4451967477798462
1761086668.262342,2c08d2cc-7a1c-9d34-25ea-6265acb43d72,c523a983-f73a-b43b-fc76-a98df22c3ffa,20,-76.0,NaN,-77.0,-74.0,2.132092680255485,NaN,1.4028121147159685,1.8461602592902555,0.14073223444695862,NaN,0.1897224142795112,0.2163815888975859,-4.460360050201416,1.365036129951477,1.430835485458374
1761086669.261556,2c08d2cc-7a1c-9d34-25ea-6265acb43d72,36f53428-f251-8347-9658-11f392552f13,24,-72.0,NaN,-74.0,-75.0,2.1603717226066004,NaN,1.3723673897664006,1.8672061561207158,0.26877870077840643,NaN,0.21522504461519174,0.2912511198467676,-4.465202808380127,1.3619608879089355,1.4216986894607544
1761086671.259168,2c08d2cc-7a1c-9d34-25ea-6265acb43d72,77bc7367-6d6b-72cd-96ca-5f85538bb842,27,-80.0,NaN,-70.0,-76.0,2.115024480829167,NaN,1.378088925052327,1.6682626963696163,0.17039567115648122,NaN,0.1737912348358459,0.3568426802560608,NaN,NaN,NaN
1761086672.261679,2c08d2cc-7a1c-9d34-25ea-6265acb43d72,9b5f424d-a23a-525d-11f6-54154c6b136d,8,-69.0,-65.0,-68.0,-73.0,2.15235880351877,-3.056968313107544,1.407164252569376,1.7672348172246672,0.2040523847625232,0.3737423015853766,0.1382911060903863,0.2652219992083352,-4.476604461669922,1.3594485521316528,1.38637638092041
1761086673.258771,2c08d2cc-7a1c-9d34-25ea-6265acb43d72,be88d717-426b-1e4f-b98f-1bb27e069641,29,-74.0,-75.0,-75.0,-77.0,2.1469467275515113,-3.0791721523799707,1.4539543950254141,1.812326928169671,0.2954280549899615,0.4643195727627659,0.1721071849205343,0.3301186576654426,-4.487607955932617,1.3589704036712646,1.3334399461746216
1761086674.260821,2c08d2cc-7a1c-9d34-25ea-6265acb43d72,e7b8cb23-2468-5ae3-2e21-59c59f344bda,29,-78.0,-69.0,-92.0,-72.0,2.147925705568224,-3.0978787285089053,1.4503985423379402,1.8789661428622875,0.2932431976316605,0.3423329796889821,0.23539727480529465,0.41717699422596943,-4.497509956359863,1.3619916439056396,1.265364646911621
1761086676.261644,2c08d2cc-7a1c-9d34-25ea-6265acb43d72,4d978a2f-5e52-30ec-e41d-2fe610334d04,17,-76.0,-69.0,-70.0,-88.0,2.238848155712401,3.069855615938547,1.5004121749774104,1.853233082513288,0.3615951578003344,0.3523848814864044,0.15961093400609636,0.3137938463679068,-4.504971027374268,1.4524633884429932,1.1881736516952515
1761086677.261517,2c08d2cc-7a1c-9d34-25ea-6265acb43d72,9a0fcfba-a901-f321-f174-3ac6a4e7ac22,24,-70.0,-67.0,-76.0,-75.0,2.18019629376115,3.128704551810464,1.510203553041196,1.8729718998807372,0.2624601347103549,0.39295734174543456,0.2007006134383335,0.434817540260059,-4.496938228607178,1.5282797813415527,1.1510471105575562
1761086678.260702,2c08d2cc-7a1c-9d34-25ea-6265acb43d72,3300f42a-908f-e01c-ce6d-76085f9d996c,11,-74.0,-69.0,-70.0,-69.0,2.216722613376023,3.0920983373628883,1.4989644806088434,1.8461661182446536,0.27637057409789534,0.42248061295783496,0.2539520507520947,0.39879535703953817,-4.48386287689209,1.6106343269348145,1.0857765674591064
1761086680.26487,2c08d2cc-7a1c-9d34-25ea-6265acb43d72,55946c9a-4832-6dfc-72a4-6f75924e2989,26,-77.0,-80.0,-73.0,-78.0,2.144830047117116,3.046016063124593,1.386800124977976,1.8343347587858678,0.261108730259951,0.3068481890869256,0.31538162300981204,0.4833882056418969,-4.4158525466918945,1.8352205753326416,0.9975774884223938
1761086681.258211,2c08d2cc-7a1c-9d34-25ea-6265acb43d72,78f0f969-6279-6a94-46d1-737cde73a22e,18,-76.0,-71.0,-70.0,-77.0,2.101380041300255,3.0069650667963255,1.3865641689053951,1.8547297790459125,0.2593165560043822,0.28616904282808303,0.15955276058103493,0.4685303633413175,-4.396050930023193,1.9286119937896729,0.9436766505241394
1761086682.297969,2c08d2cc-7a1c-9d34-25ea-6265acb43d72,3bf5d4a7-5d8c-4666-e5c0-38083e7c4bdb,18,-76.0,-76.0,-73.0,-76.0,2.1007419479030722,2.937913028156097,1.3952609877611577,1.8279809890571566,0.2052995098114937,0.26628904463334585,0.2240909242659041,0.3539933309162714,-4.382538318634033,1.9995551109313965,0.9177055954933167
1761086683.259488,2c08d2cc-7a1c-9d34-25ea-6265acb43d72,80fa5b30-0ef8-d3ac-4e63-e936e82dbb8d,10,-75.0,-68.0,-74.0,-75.0,2.118457295474279,2.981753986020981,1.4873823930280887,1.8718986459614355,0.4271567576473642,0.19254942635565758,0.17474947348557002,0.3700154739559197,-4.365617275238037,2.0567514896392822,0.927602767944336
1761086685.261693,2c08d2cc-7a1c-9d34-25ea-6265acb43d72,a8bdd8da-af7d-1576-6aa4-c2a1ba81b163,26,-86.0,-66.0,-80.0,-77.0,2.0782728577860734,3.0001063617249355,1.4932195095053244,1.84389603973147,0.4310015966026253,0.16875506405645152,0.12582876886795485,0.28699395697573504,-4.352712154388428,2.0578410625457764,0.9165035486221313
1761086686.259039,2c08d2cc-7a1c-9d34-25ea-6265acb43d72,4fb34b8b-9d04-a3f8-dd37-175c6d3139f3,26,-73.0,-74.0,-75.0,-75.0,2.0701890986132474,2.915066301796525,1.6202730661586067,1.8709921059263726,0.40511756830933177,0.20105979064560114,0.1001322187930245,0.30528451405288565,-4.381704330444336,1.9795808792114258,0.8931938409805298
1761086687.261639,2c08d2cc-7a1c-9d34-25ea-6265acb43d72,02cd30a5-8734-6d7d-1b06-02fd68a8ff97,27,-72.0,-68.0,-81.0,NaN,2.2367671616366134,2.9256976408681212,1.6774719074191107,NaN,0.29184094344919287,0.16300092169192862,0.14293040761070994,NaN,-4.419631004333496,1.8826682567596436,0.9025771617889404
1761086689.261985,2c08d2cc-7a1c-9d34-25ea-6265acb43d72,2c79aa81-8ced-f080-4a7b-9a822a8e7336,2,-70.0,-66.0,-68.0,NaN,2.134146510088154,2.837647676275704,1.4291427884135819,NaN,0.24655611950980838,0.1827668034339559,0.11813015272302421,NaN,-4.533909797668457,1.614476203918457,0.931791841983795
1761086690.264528,2c08d2cc-7a1c-9d34-25ea-6265acb43d72,876beaf6-b826-4e8d-acfb-63031b0edf6f,32,-75.0,-67.0,-79.0,NaN,2.09266777611017,2.8626819231546663,1.3680301656150975,NaN,0.23263199813216767,0.20887162442637378,0.29452640851340156,NaN,-4.59444808959961,1.451299786567688,0.9429882764816284
1761086691.258962,2c08d2cc-7a1c-9d34-25ea-6265acb43d72,b1952964-f941-79dd-02a8-19517101d7e2,32,-75.0,-72.0,-86.0,-75.0,2.1277970014171874,2.880855867065585,1.452040114833865,1.8685084418937643,0.26909661563353465,0.22531341507479136,0.17961030839669626,0.31997351194035395,NaN,NaN,NaN
1761086693.258619,2c08d2cc-7a1c-9d34-25ea-6265acb43d72,734f0597-b9cd-1372-0311-056dee3547f4,21,-68.0,-70.0,-78.0,NaN,2.14429208857692,3.0741353158103037,1.4365160162075752,NaN,0.32252878171677135,0.08484862858030397,0.1735060102830984,NaN,-4.68266487121582,1.1615337133407593,0.9717264771461487
1761086694.264278,2c08d2cc-7a1c-9d34-25ea-6265acb43d72,b41dff15-2bb9-7d1e-d2e0-180b6a420c53,6,-70.0,-69.0,-66.0,NaN,2.0892786373069354,3.055913967631982,1.5399132455299016,NaN,0.3951494229281924,0.15079755191837219,0.3079922830912237,NaN,-4.726079940795898,1.0317474603652954,0.932202935218811
1761086695.26388,2c08d2cc-7a1c-9d34-25ea-6265acb43d72,331b377b-d5a9-3e22-3afe-cdd4e3455a9e,20,-74.0,NaN,-75.0,NaN,2.15261926067338,NaN,1.3729330451819335,NaN,0.3453190157717198,NaN,0.30482804824204607,NaN,-4.757002353668213,0.915127158164978,0.9074629545211792
