create_time,idppe,idbeacon,bluetooth_channel,rssi_1,rssi_2,rssi_3,rssi_4,az_1,az_2,az_3,az_4,el_1,el_2,el_3,el_4,x,y,z
1761086739.263821,2c08d2cc-7a1c-9d34-25ea-6265acb43d72,7344541b-0b5f-2e5b-0963-7896849e5bee,28,-69.0,-68.0,-80.0,NaN,2.123951929435331,-3.1291109501928096,1.2359903724528598,NaN,0.2051297000024875,0.3840593876483436,0.4625034300573864,NaN,-2.290731191635132,4.900142669677734,1.4805656671524048
1761086740.265363,2c08d2cc-7a1c-9d34-25ea-6265acb43d72,7078dab8-537a-7c01-a5e9-d364b0b4134b,24,-73.0,-71.0,-72.0,NaN,2.0663797129899977,3.133264948861115,1.2543611239683354,NaN,0.10853482492736076,0.4362087090344891,0.4137931151658875,NaN,-2.378206491470337,4.796677589416504,1.3891563415527344
1761086742.262055,2c08d2cc-7a1c-9d34-25ea-6265acb43d72,3196e82c-d7c3-597b-272b-a68ab3c44641,23,-75.0,-63.0,-73.0,NaN,2.0790819261252396,3.0385906373732343,1.3451094033772215,NaN,0.05800934520994506,0.40710252213830866,0.4262073074292374,NaN,-2.583710193634033,4.5057830810546875,1.2301280498504639
1761086743.260806,2c08d2cc-7a1c-9d34-25ea-6265acb43d72,d665a0b8-2dd4-bab8-bcf0-eed94b02ef73,36,-86.0,-69.0,-71.0,NaN,1.997243518459323,3.027177394205591,1.2850106460057302,NaN,0.09826226358886855,0.409338711926621,0.4092413068097513,NaN,NaN,NaN,NaN
1761086744.264022,2c08d2cc-7a1c-9d34-25ea-6265acb43d72,b0055d14-b458-d920-e1b7-840eee0bbc54,27,-75.0,-62.0,-72.0,-78.0,1.9941100431207357,2.882697176643266,1.2920126291437668,1.557401691776234,0.12339651216676387,0.43218530512813824,0.3215027656173047,0.41932736364815393,-2.6736598014831543,4.354691982269287,1.1417572498321533
1761086745.265402,2c08d2cc-7a1c-9d34-25ea-6265acb43d72,63266eab-2c61-59ad-6e16-ad079f9aeb31,3,-69.0,-62.0,-78.0,-64.0,1.9823085110661585,2.72325425481244,1.358166349569662,1.5614092165845852,0.19979991571291192,0.41703058694504236,0.27637649963132077,0.4830391650915283,-2.7479476928710938,4.211543083190918,1.0272318124771118
1761086747.266673,2c08d2cc-7a1c-9d34-25ea-6265acb43d72,5925726f-2ae5-3a8c-ae5c-9875af45fb9e,8,-76.0,-61.0,-68.0,-74.0,1.9798237817691144,2.7946205804399478,1.366395517338007,1.5927519594537278,0.27095496944219194,0.3429850213923743,0.23723274207333406,0.2083922387854027,-2.94652795791626,3.81134557723999,0.8233771324157715
1761086748.260979,2c08d2cc-7a1c-9d34-25ea-6265acb43d72,8166bc4a-7732-3039-7328-b6172b7e9946,4,-74.0,-63.0,-78.0,-74.0,1.9248992800795384,2.7621119056455683,1.404984188901037,1.6194213872419994,0.27400743474937034,0.3146896338900686,0.1818425866671575,0.18533793566361606,-3.045940399169922,3.583031177520752,0.785097897052765
1761086749.263888,2c08d2cc-7a1c-9d34-25ea-6265acb43d72,b408aa63-d7de-8206-8ae4-4c2e4a31b170,12,-73.0,-60.0,-67.0,-77.0,1.9190216835537335,2.804863097992392,1.4354443601849274,1.592861149058421,0.2579837603920952,0.4458011156753318,0.33170866470476085,0.18210089664813836,-3.145573854446411,3.3740456104278564,0.7278603315353394
1761086751.259994,2c08d2cc-7a1c-9d34-25ea-6265acb43d72,36b4e561-2be9-84a2-a4d2-04a8396d438e,25,-81.0,-63.0,-77.0,-75.0,1.8101868119176832,2.8167423943507996,1.3829097792575882,1.4144746297616435,0.25724097147455843,0.4485156757744497,0.4519794496672339,0.19939266844796835,-3.3308444023132324,3.02716588973999,0.44484248757362366
1761086752.264269,2c08d2cc-7a1c-9d34-25ea-6265acb43d72,bd7aa499-ce97-bf67-6e7f-8af8efccc968,14,-72.0,-61.0,-69.0,-69.0,1.82567682208202,2.827002488766439,1.3594164373853452,1.5052218439060934,0.3076797611373029,0.4304224922235876,0.2542139560005472,0.29052983595503323,-3.407883644104004,2.7306981086730957,0.3536857068538666
1761086753.261354,2c08d2cc-7a1c-9d34-25ea-6265acb43d72,8ecf3ed1-06ac-fd71-ce05-528658c059b3,30,-86.0,-76.0,-68.0,-70.0,1.8060381395715577,2.844955390306881,1.3525385575541067,1.4818360937418895,0.43735223711705545,0.34143452900573024,0.47343540672653905,0.8048638070160827,-3.4499919414520264,2.448289394378662,0.1367586851119995
1761086755.265635,2c08d2cc-7a1c-9d34-25ea-6265acb43d72,4a71b275-e288-2cf5-886e-d2a4da0ac4fd,10,-76.0,-64.0,-68.0,NaN,1.8919288131521395,2.8293689737110834,1.382900724509882,NaN,0.3070703965903791,0.211366740051669,0.4006340034561289,NaN,-3.504676342010498,1.8694612979888916,-0.12227124720811844
1761086756.262485,2c08d2cc-7a1c-9d34-25ea-6265acb43d72,a8e4e9ae-5e05-2c56-0642-c1cb14ff8978,34,-82.0,-70.0,-72.0,NaN,1.8373510550364913,2.8304054760073423,1.3280673029295866,NaN,0.2042933176173913,0.20230406944115661,0.2122542218401811,NaN,-3.5221099853515625,1.58973228931427,-0.08104978501796722
1761086757.262665,2c08d2cc-7a1c-9d34-25ea-6265acb43d72,7f40ccef-7c3d-7e79-9ef8-5019c4e9640e,0,-78.0,-59.0,-80.0,NaN,1.8460244380746615,2.8360124953663948,1.2707046772620427,NaN,0.31318378274119696,0.2466919074358888,0.1406105779194124,NaN,-3.51263427734375,1.337415337562561,-0.05480466037988663
1761086758.260531,2c08d2cc-7a1c-9d34-25ea-6265acb43d72,108f0957-4189-e1a2-29b8-bc17714d4a69,21,-71.0,-67.0,-69.0,NaN,1.9754759049734512,2.848400988125226,1.3356258867354496,NaN,0.16511861745648918,0.3880737035174745,0.29026418563629786,NaN,-3.5076589584350586,1.084351658821106,-0.034074775874614716
1761086760.261768,2c08d2cc-7a1c-9d34-25ea-6265acb43d72,8104c7c0-83be-58ea-79c2-dc8a62d17d8d,2,-74.0,-65.0,-78.0,-67.0,2.03309765621506,2.8476228124547043,1.2800726127125055,1.6560542333004753,0.10139390800420635,0.3107310446667475,0.6164998878533776,0.5963562700002364,-3.5155117511749268,0.8537065982818604,0.0516701154410839
1761086761.262553,2c08d2cc-7a1c-9d34-25ea-6265acb43d72,990ed8f1-8ae5-7501-d75a-42e879bf1490,10,-70.0,-63.0,-85.0,-79.0,2.0458307620189466,2.881046016767417,1.2767705592769163,1.6766729590920868,0.07325494792642911,0.2683454211138074,0.4310354853274966,0.7218177223748421,-3.52687931060791,0.6475919485092163,0.17320871353149414
1761086762.264928,2c08d2cc-7a1c-9d34-25ea-6265acb43d72,5b50bccd-6a01-b5a5-5be8-586515470f41,4,-76.0,-68.0,-75.0,-72.0,2.095720291351619,2.995442634023989,1.2841041059706675,1.6431293798981026,0.07756650586272652,0.43226966075566653,0.5443142074269939,0.6549561337312035,-3.5372164249420166,0.47138431668281555,0.3989258110523224
1761086764.266027,2c08d2cc-7a1c-9d34-25ea-6265acb43d72,00054484-c866-2c2b-2738-d6dd6eccdfac,4,-74.0,-58.0,-82.0,-72.0,2.072531615108081,3.0102301022927627,1.2113460123574846,1.5523603278327138,0.06798443977705382,0.42514846786933547,0.626407512898745,0.5543016940155499,-3.55737566947937,0.5202080011367798,0.718017280101776
1761086765.265325,2c08d2cc-7a1c-9d34-25ea-6265acb43d72,320a952a-088c-64a7-b935-3b41880ec381,7,-71.0,-55.0,-80.0,-68.0,2.029279748476322,3.008880944884529,1.2428072658951357,1.5475373430985804,0.08039428359768629,0.42095878284242283,0.487468900801198,0.5846299056674268,-3.5904059410095215,0.554358720779419,0.9193600416183472
1761086766.260394,2c08d2cc-7a1c-9d34-25ea-6265acb43d72,d241186f-c69c-2e55-7528-8ba624d78b65,0,-75.0,-60.0,-72.0,-62.0,2.002557057466249,3.070255622734277,1.2364020971573866,1.490441832488372,0.13630035988603845,0.7182563436281064,0.5364966312051207,0.561994834035489,-3.588047504425049,0.623499631881714,0.9768362045288086
1761086767.263524,2c08d2cc-7a1c-9d34-25ea-6265acb43d72,65077569-a077-aa65-ed48-049b0ba0631e,7,-75.0,-57.0,-84.0,-63.0,1.9939662324218712,3.1194564586090547,1.3326031988982094,1.4950666780374033,0.17738052683975702,0.6945898297059809,0.4970460608448001,0.6088893724062583,-3.5941572189331055,0.687348783016205,0.8938838243484497
1761086769.266423,2c08d2cc-7a1c-9d34-25ea-6265acb43d72,de99ea9c-4e71-c12a-c7ed-274b9258c7df,1,-70.0,-63.0,-80.0,-70.0,1.9333739913003885,2.97404200413633,1.2926648372947271,1.4898277075409994,0.2510266348736699,0.40659032968165926,0.3856536557454059,0.6198801050669609,-3.6108391284942627,0.8155449032783508,0.7203999757766724
1761086770.264524,2c08d2cc-7a1c-9d34-25ea-6265acb43d72,7efc9c94-f69c-5603-aabd-df644416abf8,17,-81.0,-67.0,-76.0,-73.0,2.0673725394443796,2.919498334482635,1.247760479206574,1.4072926169339177,0.14968786262640663,0.4383424336998606,0.6332312639808277,0.6450540347450984,-3.584784507751465,0.8765190243721008,0.6273847818374634
1761086771.260537,2c08d2cc-7a1c-9d34-25ea-6265acb43d72,0ab18cc6-d57b-07db-b6ed-8f193dfdebd6,21,-75.0,-63.0,-80.0,-75.0,2.18038164977302,2.875258435086457,1.399364386368752,1.454444416665989,0.18067275986882655,0.4650900252661259,0.6969474596400008,0.6947685278151252,-3.5822813510894775,0.9168867468833923,0.5293850898742676
1761086773.261523,2c08d2cc-7a1c-9d34-25ea-6265acb43d72,59c8b786-6bc8-474c-819d-ff14492bdd61,30,-77.0,-74.0,-75.0,-67.0,1.950133264040257,2.824078337889532,1.4143590485703341,1.5142579494847321,0.21510543539273358,0.20002140749182246,0.5042588997621434,0.6762756037846422,-3.5637969970703125,0.9006386995315552,-0.14828085899353027
1761086774.300982,2c08d2cc-7a1c-9d34-25ea-6265acb43d72,e83b7dd3-4aa7-20cb-cf7a-d117a130c651,26,-81.0,-63.0,-71.0,-72.0,1.904484552427427,2.856037336234919,1.3885732576317509,1.483735992863552,0.20141895120811198,0.2683645625841423,0.405933028235114,0.668619681440937,-3.560325860977173,0.856833577156067,-0.420813113451004
1761086775.264325,2c08d2cc-7a1c-9d34-25ea-6265acb43d72,e0fd7faf-1974-ca08-6da3-18e34650a149,12,-75.0,-63.0,-74.0,-71.0,2.02599979927778,2.806026366756539,1.3726267816565745,1.4555805211870165,0.12679865884744806,0.2470720903262544,0.4790694571706562,0.6803706134348027,-3.5558528900146484,0.8150283694267273,-0.640666127204895
1761086776.260345,2c08d2cc-7a1c-9d34-25ea-6265acb43d72,e5d59d81-1606-00e4-9681-228e8112a23a,3,-70.0,-60.0,-71.0,-71.0,2.0462478130456527,2.9154764286043973,1.3317989242490056,1.6241793908455349,0.13529785450557014,0.33635171961774585,0.5596607730771163,0.5993283577767647,-3.5607187747955322,0.763856828212738,-0.7073712348937988
1761086778.262109,2c08d2cc-7a1c-9d34-25ea-6265acb43d72,e3216bb6-f546-a72c-9033-56fdf1b00045,1,-68.0,-62.0,-66.0,-70.0,2.0210495154435413,2.9506312202578795,1.2823666596754997,1.5326369567995872,0.16371569748374912,0.39921583688614803,0.37217296733402017,0.34107873068409567,-3.581444025039673,0.6661689281463623,-0.5703296065330505
1761086779.263161,2c08d2cc-7a1c-9d34-25ea-6265acb43d72,9815fd51-2aa2-445f-44fc-f3db9647d99c,10,-69.0,-66.0,-81.0,-69.0,2.084294265010743,2.9480468887360662,1.298905688993219,1.543518633013651,0.12000090687550719,0.39354679916321,0.3991122066302303,0.31422045148502387,-3.5914463996887207,0.6484555006027222,-0.466488629579544
1761086780.262738,2c08d2cc-7a1c-9d34-25ea-6265acb43d72,c1431167-3020-0ace-38b1-c996b1bd2d2e,26,-73.0,-62.0,-71.0,-72.0,2.0542703195134076,3.0562617764703464,1.3190114899588812,1.5684799092787456,0.16092791709941093,0.6332742740324325,0.46131672547564706,0.2943026364028076,-3.595879554748535,0.6195748448371887,-0.373313844203949
1761086782.266477,2c08d2cc-7a1c-9d34-25ea-6265acb43d72,0650a8a6-d871-5c26-7cba-be6ba5a1f0ac,10,-68.0,-59.0,-75.0,-87.0,2.0171405275955228,-3.1243651971302886,1.3416883066409058,1.5717785006049176,0.18830894153095165,0.4709512100617132,0.5234076937900857,0.29113364115318147,-3.566112756729126,0.6759556531906128,-0.025428742170333862
1761086783.264212,2c08d2cc-7a1c-9d34-25ea-6265acb43d72,cf237798-29b8-c931-abf9-b2b8fb483970,10,-69.0,-59.0,-77.0,-69.0,1.9488016834952175,2.9904630554177585,1.299560027673051,1.6156620690472434,0.1482028507130648,0.39213818668363987,0.5607165832912783,0.32478817429608087,-3.571796417236328,0.718606173992157,0.22607481479644775
1761086784.263856,2c08d2cc-7a1c-9d34-25ea-6265acb43d72,ce3565d0-5b9e-8244-63f8-22282d480430,35,-84.0,-67.0,-69.0,-64.0,2.100033014420893,3.0904450469581675,1.2820779730133351,1.4725693584128499,0.22126319646521478,0.4531380911889865,0.4595003164541586,0.45932185137160964,-3.5713088512420654,0.7919296622276306,0.448846161365509
1761086786.264598,2c08d2cc-7a1c-9d34-25ea-6265acb43d72,1a0d0fa9-0942-243b-6510-57a2db47a618,35,-90.0,-84.0,-68.0,-65.0,2.086523863475357,-3.0777481601451053,1.3111849921473562,1.3435408014951649,0.1607959241778839,0.5199078673540445,0.40960283092772953,0.582085521561965,-3.6054694652557373,0.955100178718567,0.6362321376800537
1761086787.264038,2c08d2cc-7a1c-9d34-25ea-6265acb43d72,39261776-6919-c260-4371-c84a76c1e269,12,-72.0,-57.0,-68.0,-65.0,2.08203750230301,-3.139955342151613,1.3310218138429204,1.3644924224230364,0.19791522989897647,0.5201038760102743,0.21214912684566384,0.6335586330578258,-3.6483516693115234,1.03707480430603,0.6329588294029236
1761086788.262322,2c08d2cc-7a1c-9d34-25ea-6265acb43d72,eb388182-7c1a-4898-c1ea-427830aed2eb,32,-77.0,-70.0,-74.0,-74.0,2.1132497502787384,3.068446803721895,1.3408339645632084,1.4106764294149723,0.24390414369630747,0.6897288949263137,0.33423946668866317,0.6919799318377032,-3.712826728820801,1.0950391292572021,0.6104682087898254
1761086790.264764,2c08d2cc-7a1c-9d34-25ea-6265acb43d72,ab551f4f-a8fb-72f6-0385-ad7f99efa9b4,5,-70.0,-57.0,-80.0,-75.0,1.8944593488199328,2.992066278393986,1.3271943187242585,1.3779845291375956,0.27946882913106624,0.6702209070463471,0.3705967088638295,0.6615885366889642,-3.816042900085449,1.147924542427063,0.4589971601963043
1761086791.26557,2c08d2cc-7a1c-9d34-25ea-6265acb43d72,b9cfc415-df9e-5489-ee46-521fb52f71bc,11,-76.0,-54.0,-72.0,-66.0,1.8713223379015422,2.932441830012638,1.251556016392155,1.3850466997162678,0.28045759426478545,0.5919099228232673,0.3940825938850203,0.6810338071252595,-3.833861827850342,1.1293591260910034,0.39570266008377075
1761086792.264248,2c08d2cc-7a1c-9d34-25ea-6265acb43d72,7555a433-3f88-2150-8070-efb5e9b93641,23,-90.0,-62.0,-67.0,-71.0,1.9697825991950797,2.9750204495208252,1.3388573664021515,1.4274628663979598,0.43868421713625855,0.5664893178491612,0.4759531592211,0.5900450442699394,-3.8347625732421875,1.0932635068893433,0.2267671376466751
1761086794.264663,2c08d2cc-7a1c-9d34-25ea-6265acb43d72,788df0fe-2cfd-c6f1-a341-b6de2c678f84,25,-73.0,-64.0,-69.0,-66.0,2.1007398173742002,2.9811499810857516,1.270307599943512,1.4577515301076491,0.3629315320353363,0.29787706463888475,0.4953171366651206,0.6252100225145909,-3.770437240600586,1.0333075523376465,-0.25455763936042786
1761086795.264241,2c08d2cc-7a1c-9d34-25ea-6265acb43d72,159f6e58-21fb-c4c9-fd8a-d091e2dc2c1e,15,-75.0,-69.0,-81.0,-67.0,2.0806553216972583,3.007850834174886,1.435096551346563,1.242240545215167,0.24212268866412623,0.29373847901538797,0.7461637418491012,0.5238861639694321,-3.8014161586761475,0.9861549139022827,-0.42313623428344727
1761086796.260478,2c08d2cc-7a1c-9d34-25ea-6265acb43d72,2e6ad325-59c6-63f3-f88b-580fc3fdec17,9,-72.0,-57.0,-81.0,-73.0,2.0495645138672374,3.1133322533663086,1.2392341026605762,1.4465364261251075,0.2378853829879716,0.29393325595961367,0.7546529672978922,0.4746331967163158,-3.7638587951660156,0.9501482248306274,-0.5391944646835327
1761086797.26267,2c08d2cc-7a1c-9d34-25ea-6265acb43d72,a2eb76ab-0ae1-ea8f-e3d6-72c241e636b1,28,-78.0,-63.0,-72.0,-74.0,2.0541115951124387,-2.919973708737214,1.2827847759666422,1.5239673021869433,0.2732943900122584,0.37609683559462925,0.48302581599656436,0.5334708141536,-3.6963601112365723,0.9569196701049805,-0.6183165907859802
1761086799.264539,2c08d2cc-7a1c-9d34-25ea-6265acb43d72,2f017ca5-a932-a159-d112-6148a6948779,0,-73.0,-58.0,-71.0,-67.0,2.0315375764484913,-2.9222949199433277,1.3385212754725835,1.5115303398962732,0.2357889425778612,0.28703506952506314,0.32178662529999347,0.49357266628257784,-3.5568060874938965,1.060250997543335,-0.654410183429718
1761086800.264597,2c08d2cc-7a1c-9d34-25ea-6265acb43d72,715b1832-3428-fbb2-c6f6-d9e915bf4395,3,-68.0,-67.0,-76.0,-71.0,1.9965851850378553,-2.721476594784812,1.2083281182102072,1.5367446164649254,0.29298060994817865,0.3282498509495068,0.4102340666851056,0.3800317892632759,-3.5059890747070312,1.1597596406936646,-0.595359742641449
1761086801.261754,2c08d2cc-7a1c-9d34-25ea-6265acb43d72,4c852eea-e952-3f88-0ce5-3201edf5ccb2,10,-72.0,-63.0,-77.0,NaN,1.9997942941514006,2.9832538783469142,1.248730136159472,NaN,0.14351225837462186,0.3729824351473497,0.3461710275834634,NaN,-3.4888219833374023,1.2682968378067017,-0.5240090489387512
1761086803.262196,2c08d2cc-7a1c-9d34-25ea-6265acb43d72,896683c7-aef2-4336-978e-481c149c7b27,4,-73.0,-64.0,-73.0,NaN,1.9500826639795457,2.6472439088760527,1.2945048152918628,NaN,0.13686545770221806,0.4260830709643852,0.13315081403474827,NaN,-3.5031776428222656,1.4180980920791626,-0.044674649834632874
1761086804.264592,2c08d2cc-7a1c-9d34-25ea-6265acb43d72,e3685650-5fb7-9e13-af94-153de2c6857b,23,-74.0,-66.0,-68.0,NaN,1.940183694207721,2.8549619517867444,1.3308982431683407,NaN,0.11854203555274019,0.4277917884092936,0.1386145470047764,NaN,-3.545625686645508,1.4636752605438232,0.2330755889415741
1761086805.265313,2c08d2cc-7a1c-9d34-25ea-6265acb43d72,9c280002-4bab-442f-7bf4-a2a685560767,30,-74.0,-65.0,-70.0,NaN,1.9866782257827604,2.7634706504337267,1.3171978772565371,NaN,0.10191441451688392,0.3966615657951394,0.2526910939102126,NaN,NaN,NaN,NaN
1761086806.264925,2c08d2cc-7a1c-9d34-25ea-6265acb43d72,99912276-6756-ad99-4767-30c9cb9d94b7,25,-73.0,-66.0,-68.0,-68.0,1.9625388010300642,2.974528297351378,1.353018459182539,1.4876226101584138,0.14253174904028193,0.460030585116707,0.4697227604298868,0.2906582336090887,-3.5160768032073975,1.5187071561813354,0.4723639190196991
1761086808.262269,2c08d2cc-7a1c-9d34-25ea-6265acb43d72,37b4fa31-e66e-4251-bbc4-0f8c430bc360,19,-74.0,-67.0,-81.0,-75.0,1.9596055954054512,2.947383228992419,1.2596110134252088,1.4849408069407042,0.1710613948499738,0.5218215483343481,0.567630415797233,0.23946094237837606,-3.4790194034576416,1.5449174642562866,0.6922470927238464
1761086809.262604,2c08d2cc-7a1c-9d34-25ea-6265acb43d72,9de5bd52-1ed4-7773-c96b-5d18b5fbe5a0,16,-76.0,-69.0,-73.0,-66.0,2.00150723936454,2.8239302661329235,1.298002344751464,1.4534782218225077,0.22880595110734853,0.567133669674906,0.62847452537881,0.5046511501011984,-3.4663608074188232,1.553490400314331,0.7448051571846008
1761086810.264229,2c08d2cc-7a1c-9d34-25ea-6265acb43d72,202ad12f-1f14-b8f1-0484-0208808b3301,19,-68.0,-65.0,-76.0,-69.0,1.9528294483278532,2.838810412407632,1.2227041280905637,1.2168595547622758,0.2129063134778438,0.717582763609398,0.650383086665374,0.6823589960836829,-3.43029260635376,1.5819010734558105,0.7924288511276245
1761086812.263348,2c08d2cc-7a1c-9d34-25ea-6265acb43d72,2dae4272-1839-6942-2aae-0a1cfd31694c,22,-77.0,-70.0,-71.0,-71.0,2.049820177331885,2.846400421514358,1.253747265337072,1.19768878965534,0.1703420417500298,0.7983319383894726,0.418653750339932,0.6967328088561404,-3.3531694412231445,1.6842905282974243,0.816091001033783
1761086813.268522,2c08d2cc-7a1c-9d34-25ea-6265acb43d72,0abc2508-400a-3357-db79-c55908869d68,32,-75.0,-72.0,-71.0,-71.0,2.046491225969286,2.864713915066397,1.2921143618974078,1.346802108566076,0.14623970151551288,0.82586616116272,0.4769907267817948,0.6266326831689111,-3.3327274322509766,1.78491485118866,0.7679829001426697
1761086814.267392,2c08d2cc-7a1c-9d34-25ea-6265acb43d72,62a2f3c1-36ca-db53-5344-ec7717c38f6e,8,-73.0,-67.0,-84.0,-67.0,2.1051228478962525,3.0142919555873515,1.307478937174402,1.3932550948281102,0.16390404955184498,0.6877572901923009,0.6094839896986457,0.5561217648835373,-3.31831955909729,1.9160029888153076,0.6907750964164734
1761086815.263954,2c08d2cc-7a1c-9d34-25ea-6265acb43d72,c92d3c40-2465-54ba-f4d8-bd7277739e22,18,-72.0,-62.0,-69.0,-69.0,2.0781396997315698,3.0800368807859195,1.2866285163679536,1.5453476920503173,0.14762233152969795,0.7239286770128934,0.5379053768427454,0.5507154147126219,-3.301459312438965,2.0675902366638184,0.612414300441742
1761086817.265631,2c08d2cc-7a1c-9d34-25ea-6265acb43d72,cd0866e1-b613-e789-c3d4-0d4e09069d92,16,-71.0,-63.0,-74.0,-77.0,1.9860087070847146,2.9325739228027063,1.2524439142995876,1.4911619512471292,0.08780579433234956,0.6023854669710941,0.5346923062770784,0.37787938918076025,-3.344327926635742,2.3419029712677,0.545508623123169
1761086818.263542,2c08d2cc-7a1c-9d34-25ea-6265acb43d72,5ba47858-b65e-ca22-ad36-22bc13e9c699,15,-80.0,-73.0,-71.0,-67.0,1.996382784795009,2.9885343941563227,1.2308960116036474,1.454855076106079,0.1260780823578783,0.5063054391913284,0.4217301674521643,0.35125856408238265,-3.3627548217773438,2.4546995162963867,0.529512882232666
1761086819.273304,2c08d2cc-7a1c-9d34-25ea-6265acb43d72,224ca1f7-9395-f7e4-9581-1fb5b77eb0cb,24,-75.0,-60.0,-80.0,-90.0,2.0946481026967527,2.8810534736184694,1.2134813349195102,1.5113343312400433,0.2274464406603767,0.3696033164877163,0.5314025366720172,0.41873064911640806,-3.3768539428710938,2.543285608291626,0.5151612758636475
1761086821.261941,2c08d2cc-7a1c-9d34-25ea-6265acb43d72,43495071-cebf-ecc4-3582-fc7ba6e10644,34,-77.0,-71.0,-76.0,-75.0,2.0218298216429345,2.8460989516789614,1.214408647611076,1.2380868128629703,0.21017883704743917,0.3439536463703498,0.3943904553070335,0.2617527325458026,-3.4442496299743652,2.684206485748291,0.48319125175476074
1761086822.264085,2c08d2cc-7a1c-9d34-25ea-6265acb43d72,b881cf78-e67e-42fc-fbae-586d93ea27bd,15,-69.0,-66.0,-66.0,-68.0,1.9836448853011603,2.847420944844077,1.2410208174359108,1.1401152416294624,0.20244242065978624,0.3911322441608896,0.35566599581792296,0.3919895822948134,-3.451216220855713,2.7152538299560547,0.47397321462631226
1761086823.267993,2c08d2cc-7a1c-9d34-25ea-6265acb43d72,3600bda9-9c1d-f54c-c0bd-ac43f33f060b,17,-71.0,-64.0,-69.0,-68.0,2.002058513710186,2.8779439667296924,1.2500207040237243,1.5585553731604562,0.18948138155610222,0.5688552035825604,0.3792233534248687,0.4718333821728019,-3.4590792655944824,2.7278223037719727,0.5060178637504578
1761086825.265747,2c08d2cc-7a1c-9d34-25ea-6265acb43d72,64e1381c-03a7-0168-d7d1-87e58d3ea26a,10,-74.0,-67.0,-74.0,-67.0,1.9805375089412558,2.7713035398318677,1.2960286760676063,1.5523864268113967,0.1598501358062559,0.5599058504764309,0.4266543190182072,0.42358009901387417,-3.482187032699585,2.684887409210205,0.6197327971458435
1761086826.262751,2c08d2cc-7a1c-9d34-25ea-6265acb43d72,43f87f39-cc62-b2d1-94f8-1bb3d653eaa1,19,-68.0,-64.0,-68.0,-70.0,2.076587609448272,2.939322373004967,1.380174712818077,1.5651743937337392,0.17310077703372923,0.6114243688688774,0.2290175392559553,0.34530073982873916,-3.4959521293640137,2.658158779144287,0.6641197204589844
1761086827.267934,2c08d2cc-7a1c-9d34-25ea-6265acb43d72,462ec962-9504-ed8d-5c9a-f987b66db4a0,22,-81.0,-68.0,-67.0,-74.0,2.017616700798429,2.8729574639046285,1.3484862916394422,1.5227795323407678,0.13024165176135136,0.656393574929574,0.1890809419966952,0.37833325840953697,-3.5132908821105957,2.634204864501953,0.7154380083084106
1761086828.263112,2c08d2cc-7a1c-9d34-25ea-6265acb43d72,948eeea5-1816-13b5-f1b8-00234b7afce8,2,-76.0,-63.0,-79.0,-75.0,2.045837686237781,2.9278297676368386,1.3329142561135308,1.4695818243019991,0.1494142894034282,0.9671589077953564,0.6579577825958319,0.45463189153392564,-3.5303244590759277,2.6210038661956787,0.7332883477211
1761086830.26804,2c08d2cc-7a1c-9d34-25ea-6265acb43d72,3c6666a4-6c18-3a90-23ce-905393d18c1e,4,-80.0,-68.0,-79.0,-62.0,1.972543764613274,2.928117921666786,1.3173936195966578,1.4448607651672296,0.0847578397542675,0.9965810454653611,0.5516262490949426,0.39783641931002783,-3.55323076248169,2.41888427734375,0.7777193784713745
1761086831.263079,2c08d2cc-7a1c-9d34-25ea-6265acb43d72,5a5eb35d-0bf6-2709-029a-0c5f1968f96c,35,-87.0,-80.0,-72.0,-65.0,1.8857066035812782,3.010658871228266,1.3298851766896747,1.4642885253193576,0.11687297424093869,0.9670854711282973,0.408156334981653,0.35992102816008337,-3.572315216064453,2.2255699634552,0.807256579399109
1761086832.264541,2c08d2cc-7a1c-9d34-25ea-6265acb43d72,22bf0676-1d11-62a0-b616-6be6200bbc15,29,-74.0,-76.0,-69.0,-74.0,1.977153696460201,2.845783100773678,1.3019118652317003,1.480472555263769,0.12218727890667817,0.8775826190031868,0.3873020858811377,0.5243020165736478,-3.586393356323242,2.0003411769866943,0.8261898159980774
1761086834.264008,2c08d2cc-7a1c-9d34-25ea-6265acb43d72,5c5966b1-469a-ea89-58fd-82e8055e3f74,16,-67.0,-76.0,-70.0,-65.0,2.0169008430974156,-3.0617161966989372,1.2969418740053944,1.3642202473596303,0.1157655819254133,0.912358842307714,0.3427041910554255,0.4596558450618192,-3.57424783706665,1.701971411705017,0.8585364818572998
1761086835.26419,2c08d2cc-7a1c-9d34-25ea-6265acb43d72,1281206b-067d-71c5-551b-8cdc22466463,4,-68.0,-65.0,-75.0,-66.0,2.0019855430963176,-3.097618803986514,1.3414821779725337,1.3484905526971862,0.13607613836701057,0.9007997910703884,0.40345289289095043,0.4689864962570208,-3.593395948410034,1.587526798248291,0.8759685754776
1761086836.262556,2c08d2cc-7a1c-9d34-25ea-6265acb43d72,8c9d09d1-92c5-078f-34b9-87bb8dfec51b,8,-75.0,-64.0,-75.0,-79.0,2.102281787645356,2.98655406756974,1.3902158953921115,1.3570078744954777,0.11531920283720239,0.8500148404002044,0.399459549415404,0.4116306949397704,-3.6401619911193848,1.4599007368087769,0.8664917945861816
1761086837.26886,2c08d2cc-7a1c-9d34-25ea-6265acb43d72,60b9a482-6140-4352-aa7e-497f916b8ca5,20,-77.0,-64.0,-69.0,-68.0,2.0780651312210474,2.9950064082374337,1.3836304306485638,1.4003257875222703,0.16264945100706543,0.8864778433601604,0.4325129405212452,0.4518646008452243,-3.69981861114502,1.3272956609725952,0.814268469810486
1761086839.265711,2c08d2cc-7a1c-9d34-25ea-6265acb43d72,8c5dd572-7572-6aa7-7e6f-13536f08324a,25,-73.0,-63.0,-72.0,-75.0,2.0887699735387297,2.869490028165345,1.2718887186826917,1.3865087751547214,0.16316447307237314,0.887479657983221,0.28854092067393483,0.5707021723775576,-3.8173975944519043,1.0414973497390747,0.7290995717048645
1761086840.265755,2c08d2cc-7a1c-9d34-25ea-6265acb43d72,eeb862b2-a8a0-1ebd-8e14-c20f84e8335c,25,-73.0,-62.0,-69.0,-71.0,2.0449982578621877,3.0612749109063113,1.3700344606514911,1.3583405203049532,0.1897199508555029,0.8292652868200426,0.34938849236492897,0.714840639792998,-3.8780899047851562,1.03348445892334,0.6731234788894653
1761086841.262681,2c08d2cc-7a1c-9d34-25ea-6265acb43d72,c50e90b0-07c9-0cf2-2c1c-b8121fc846ab,15,-81.0,-68.0,-71.0,-71.0,2.0583801097076178,3.102803712312789,1.361754160190217,1.3134710496270803,0.2390723372410631,0.8752405685615439,0.4658373748470294,0.7176161862810785,-3.9460856914520264,1.04032826423645,0.585113286972046
1761086843.263419,2c08d2cc-7a1c-9d34-25ea-6265acb43d72,b90074e5-0d48-0f7e-c3b1-d54632d5ec07,7,-71.0,-60.0,-77.0,-69.0,2.0057113054613387,3.003580189050835,1.276799321416689,1.3038346675387376,0.14501251688520436,0.6954054893688449,0.34332454114184585,0.7032103489965129,-4.084444999694824,1.0773276090621948,0.481943964958191
1761086844.264875,2c08d2cc-7a1c-9d34-25ea-6265acb43d72,e9c709a5-87f2-5b2f-9982-092c297ff51f,11,-77.0,-68.0,-67.0,-87.0,2.035197292418478,2.8279883910019863,1.3413351714803614,1.2983155324956572,0.14952396170606902,0.7558534537382726,0.42178386343764296,0.6697529896428202,-4.09933614730835,1.1051654815673828,0.4620659053325653
1761086845.264853,2c08d2cc-7a1c-9d34-25ea-6265acb43d72,291ebee2-9bcc-5ac4-0df7-e1ce72e398d0,9,-77.0,-67.0,-74.0,-81.0,2.051346168636501,2.791038628773791,1.3079572409061802,1.3287815627339459,0.10513123847521223,0.6638128088313985,0.3644098860459528,0.6523839861713778,-4.059473991394043,1.1864100694656372,0.30611464381217957
1761086846.264638,2c08d2cc-7a1c-9d34-25ea-6265acb43d72,fc5db908-4aa0-17c9-563d-eaec93ed61fc,24,-76.0,-65.0,-68.0,-75.0,2.04338970856378,2.8602296844229214,1.3260693994798092,1.3918303036449178,0.14063063485137206,0.6288192050028935,0.31565969031713,0.5622485667083463,-3.978388786315918,1.315611720085144,0.288154274225235
1761086848.267253,2c08d2cc-7a1c-9d34-25ea-6265acb43d72,7a7a9173-a054-5189-b43a-fb115376bf72,5,-70.0,-63.0,-79.0,-69.0,2.001662235339982,2.846653954450134,1.299577604536246,1.4058337372887724,0.14796448115074587,0.6747757114587096,0.3684474712851084,0.4448567920423034,-3.790841579437256,1.6128582954406738,0.2322992980480194
1761086849.26421,2c08d2cc-7a1c-9d34-25ea-6265acb43d72,75058684-8688-14fc-3479-0187e572590d,8,-69.0,-64.0,-69.0,-78.0,2.03169363768837,2.872951072318012,1.2921969198912,1.451463274141754,0.13386439972645658,0.6705670514090302,0.4228276894268996,0.4836995291733271,-3.7212085723876953,1.774466872215271,0.20580986142158508
1761086850.264718,2c08d2cc-7a1c-9d34-25ea-6265acb43d72,394ea205-4d6c-e361-7d7e-7a863f4104a4,16,-77.0,-64.0,-69.0,-69.0,2.068876160195838,2.852787747072804,1.3345094896064882,1.4647290121636567,0.18016346359986254,0.5943527739121698,0.5041771740061917,0.36081704870884057,-3.65472936630249,1.9273587465286255,0.19247408211231232
1761086852.264731,2c08d2cc-7a1c-9d34-25ea-6265acb43d72,f181f550-7d84-b31e-4759-4b32aed92f4c,35,-86.0,NaN,-74.0,-72.0,2.059927406300954,NaN,1.355945273220536,1.3224887793941973,0.16427193196692583,NaN,0.4284998230746049,0.4851531490753196,-3.537803888320923,2.2645041942596436,0.2533280849456787
1761086853.266174,2c08d2cc-7a1c-9d34-25ea-6265acb43d72,9d92b282-5be6-2f6e-9c1f-4a6aed5be41e,6,-80.0,NaN,-68.0,-68.0,2.0346066032886987,NaN,1.342467547575863,1.3799589967697805,0.1872016324392103,NaN,0.5341523503660649,0.4303727576902303,-3.491420269012451,2.4406137466430664,0.02489655092358589
1761086854.264588,2c08d2cc-7a1c-9d34-25ea-6265acb43d72,2506a94f-197d-24e9-45f7-9353b33178e9,20,-76.0,NaN,-72.0,-73.0,2.032874483315711,NaN,1.3481549943998363,1.3486418202471027,0.18227213790623048,NaN,0.5066766172682583,0.6191089867733284,-3.4890599250793457,2.5576601028442383,-0.0451141968369484
1761086856.262504,2c08d2cc-7a1c-9d34-25ea-6265acb43d72,bb4094a3-06ef-a029-7ab7-8dd0b9c50457,30,-75.0,NaN,-69.0,-69.0,2.0563800757289683,NaN,1.2247803284763894,1.3736190754787378,0.12655002779255395,NaN,0.4488678122495854,0.5228993962065305,NaN,NaN,NaN
1761086857.269122,2c08d2cc-7a1c-9d34-25ea-6265acb43d72,226ec929-e293-862c-5e0d-ffc2773464f8,31,-71.0,-67.0,-70.0,-70.0,2.0411606427313838,2.537087576707105,1.25941207529178,1.3973137523293908,0.14936152552433105,0.8471936872784561,0.5278207181639151,0.6365150747629501,-3.508059024810791,2.6586575508117676,0.040340520441532135
1761086858.268127,2c08d2cc-7a1c-9d34-25ea-6265acb43d72,0a1a0f89-fb2d-652a-8e03-1b96b01818f7,31,-77.0,-60.0,-70.0,-73.0,2.0360846576936926,2.53455757367153,1.2344001989659736,1.4282176062508884,0.11923870184914809,0.8310894190086925,0.4702673102937808,0.6293346598318783,-3.5094377994537354,2.6960864067077637,0.0779588520526886
1761086859.263923,2c08d2cc-7a1c-9d34-25ea-6265acb43d72,cf6276c4-deb4-43ec-bac4-52ce2cbea57e,27,-77.0,-74.0,-68.0,-80.0,2.0452683023967215,3.0884791014414708,1.3010157115248888,1.5347680183038686,0.11079251141909702,0.6499133716281114,0.4161242466470611,0.5567001036037615,-3.5193982124328613,2.733248472213745,0.13840408623218536
1761086862.264967,2c08d2cc-7a1c-9d34-25ea-6265acb43d72,17d3e53b-a86e-f7e8-e777-c364af17ad27,12,-74.0,-63.0,-66.0,-68.0,1.975846084364972,2.8311639442857968,1.3508549071129585,1.4930938083018728,0.0871800263775866,0.6227978643572516,0.34385857151943394,0.5237571671041313,-3.5234158039093018,2.76996374130249,0.19583328068256378
1761086863.262546,2c08d2cc-7a1c-9d34-25ea-6265acb43d72,1cb31d19-5a11-4b57-4012-40da0a6a1d19,1,-75.0,-56.0,-73.0,-61.0,2.1910598604798017,2.8061904174796877,1.3752505279625202,1.5942406665030822,0.10548912571382686,0.5117193793713505,0.3796585139469877,0.5144181602410095,-3.5169687271118164,2.7936692237854,0.25850099325180054
1761086865.266253,2c08d2cc-7a1c-9d34-25ea-6265acb43d72,5125e046-4945-3219-dc43-9b56a990ce24,7,-73.0,-58.0,-85.0,-72.0,2.1483784429535375,2.75262199741718,1.3917573330310495,1.564051605018162,0.08988397544423607,0.6748074696547088,0.27690498730489016,0.3761320891895592,-3.5273895263671875,2.8102359771728516,0.5563148856163025
1761086866.266797,2c08d2cc-7a1c-9d34-25ea-6265acb43d72,a141b0b5-df9b-d955-8a91-9f7dd84b0b48,34,-81.0,-69.0,-71.0,-73.0,2.100420770675609,2.94708761811142,1.3200669006988794,1.5389971181149145,0.0708262199136825,0.6407961727942796,0.4091480295925713,0.3828667908226924,-3.5312280654907227,2.8182289600372314,0.6642126441001892
1761086867.268231,2c08d2cc-7a1c-9d34-25ea-6265acb43d72,81ec5bd2-09c7-327f-9294-38fc2f735f27,31,-82.0,-66.0,-69.0,-69.0,2.1263615575896346,3.042968341573107,1.3198570436049815,1.5210324986656758,0.06667030709834341,0.6637510234941086,0.3767415203155102,0.3183896301715429,-3.5321924686431885,2.8324522972106934,0.7280033826828003
1761086868.265401,2c08d2cc-7a1c-9d34-25ea-6265acb43d72,780dca35-d3c3-9372-1686-f51d51318a5e,0,-74.0,-62.0,-75.0,-67.0,2.105273050181733,2.8980577571786252,1.4061692955861222,1.5377619440013357,0.17309606656755114,0.9121444578399627,0.424383940899401,0.2911637348734994,-3.544112205505371,2.8374648094177246,0.8106812238693237
1761086870.265601,2c08d2cc-7a1c-9d34-25ea-6265acb43d72,4fd70ef1-c484-a868-fdcc-2ec967485108,22,-73.0,-63.0,-68.0,-69.0,1.9626218916560747,2.854870339045246,1.3229662841776488,1.4100127696713247,0.15018134637639827,0.8247102160915711,0.39971684406621916,0.3420333407768345,-3.551469564437866,2.81850004196167,0.7795387506484985
1761086871.263611,2c08d2cc-7a1c-9d34-25ea-6265acb43d72,a61b1ba4-16b2-461b-c643-2001cde843b0,2,-75.0,-66.0,-81.0,-64.0,1.985216682976525,2.633594675657178,1.3800463484535352,1.352816058939693,0.16486458517800928,0.686028765486785,0.325459723654458,0.3797154057257745,-3.54454255104065,2.814249277114868,0.7752768397331238
1761086872.268904,2c08d2cc-7a1c-9d34-25ea-6265acb43d72,1771c198-cab0-e55c-2946-82f894617440,20,-75.0,-81.0,-72.0,-77.0,2.029314369570493,2.4920620447893533,1.3682000752926446,1.4441454400984344,0.24921375454062572,0.693845276444222,0.44558093883220956,0.359464096296053,-3.536686658859253,2.816380023956299,0.81471848487854
1761086874.268594,2c08d2cc-7a1c-9d34-25ea-6265acb43d72,1e5b08cc-7925-5414-94c5-b3e54d4448ce,3,-75.0,-60.0,-75.0,-68.0,2.060208636112066,2.548916805637019,1.303584863028488,1.5434403360776028,0.3740062208494035,0.7260357700673641,0.41528192208378273,0.2424666858531804,-3.5125391483306885,2.767430305480957,0.727999448776245
1761086875.265812,2c08d2cc-7a1c-9d34-25ea-6265acb43d72,6d384f4a-cf8d-9b54-fe20-74c3cff25cb0,13,-69.0,-66.0,-71.0,-72.0,2.0765833483905274,2.5019780587921545,1.3867884070691796,1.557501294001003,0.22519036038767287,0.6858384826268987,0.22014143972455977,0.23200087888808932,-3.51237678527832,2.732738733291626,0.680457890033722
1761086876.267032,2c08d2cc-7a1c-9d34-25ea-6265acb43d72,1a02b3ba-e83a-015c-9271-fe406609ee07,8,-68.0,-58.0,-72.0,-67.0,2.0424805053676267,2.568540574445377,1.460405103817804,1.6303499350912485,0.2341946744807989,0.7953163079291213,0.2869433902045372,0.24508746939241377,-3.5282657146453857,2.6895039081573486,0.623879611492157
1761086877.269112,2c08d2cc-7a1c-9d34-25ea-6265acb43d72,df71fb7b-deac-dedd-7043-1ad706cc7901,36,-85.0,-64.0,-77.0,-67.0,2.0735558668633254,2.729529194972885,1.4051599575329823,1.5573228622079676,0.16815527024469523,0.719637592127476,0.4023739797543321,0.3407473335759489,-3.544501304626465,2.6421141624450684,0.5693275332450867
1761086879.2694,2c08d2cc-7a1c-9d34-25ea-6265acb43d72,c6481812-0749-6bd0-f1b1-38de7cf97783,28,-76.0,-69.0,-70.0,-67.0,2.0718546395589827,2.75338153096007,1.2546673874936947,1.4901355689630125,0.10303193516693002,0.5850166632367335,0.4262447914215802,0.40371774426135887,-3.564847230911255,2.57181453704834,0.5579435229301453
1761086880.265837,2c08d2cc-7a1c-9d34-25ea-6265acb43d72,cfbd53dd-b010-d5c9-9c05-54e8bc96ad6e,5,-79.0,-69.0,-74.0,-79.0,2.043721538435604,2.635429061016025,1.3194362641527488,1.4529876675497153,0.0880973688598212,0.448649865803876,0.3349472017483517,0.417579431156194,-3.57390809059143,2.5566811561584473,0.5564870834350586
1761086881.263059,2c08d2cc-7a1c-9d34-25ea-6265acb43d72,d34ac543-df80-2413-4db9-e681f52968ca,21,-74.0,-60.0,-75.0,-78.0,2.0638204151824318,2.6416203779182412,1.299311022111129,1.4626144622581339,0.12713724649053804,0.4871509859460698,0.40010197044935825,0.43377428019253406,-3.576721668243408,2.55709457397461,0.547349452972412
1761086883.264907,2c08d2cc-7a1c-9d34-25ea-6265acb43d72,7b9f48dd-4826-d253-5c10-8feea69d9656,12,-78.0,-62.0,-65.0,-68.0,2.044335663382976,2.7002541303740797,1.28788313155749,1.3986453328744306,0.1804756693034039,0.4829067061168105,0.29340325361317426,0.3714864376945114,-3.5593860149383545,2.610595226287842,0.493839830160141
1761086884.26556,2c08d2cc-7a1c-9d34-25ea-6265acb43d72,2c83676b-5aea-b896-155d-42e53e7fd202,34,-76.0,-78.0,-76.0,-72.0,2.0355813202476676,2.679241789373355,1.2621447448863101,1.3979156267357489,0.19525090367592032,0.47022842814186566,0.312040920448903,0.3926445534754048,-3.5424654483795166,2.6532554626464844,0.5089104175567627
1761086885.268503,2c08d2cc-7a1c-9d34-25ea-6265acb43d72,21555f5b-e008-06b3-8e52-9ef7d523f625,31,-74.0,-62.0,-77.0,-86.0,2.0415350831806487,2.6779970278798517,1.2956286692718766,1.4918852657991948,0.3899392145715614,0.4930121041626298,0.28052573789917784,0.380731634708235,-3.5173165798187256,2.693859577178955,0.5335779786109924
1761086887.268899,2c08d2cc-7a1c-9d34-25ea-6265acb43d72,93a890ca-7e29-ef49-4bec-08b4f0a9e383,6,-83.0,-55.0,-69.0,-68.0,2.060496790142013,2.7314807594196946,1.2876799323663168,1.5442121201615076,0.4294797331976995,0.37390688494074353,0.1320274261079256,0.3999672477877139,-3.475979804992676,2.766636848449707,0.5596992373466492
1761086888.263301,2c08d2cc-7a1c-9d34-25ea-6265acb43d72,3b696b9c-8687-d2a0-9a03-72dac71304ec,29,-77.0,-65.0,-76.0,-68.0,2.1044075228274575,2.7677311755456353,1.2493538484867686,1.5696501022617264,0.4076302275083079,0.37279854387407974,0.118855622771097,0.32919474050426695,-3.475177526473999,2.8075547218322754,0.5994195342063904
1761086889.265813,2c08d2cc-7a1c-9d34-25ea-6265acb43d72,98a69501-4663-3cd5-a3d3-0d6f8753e29c,13,-72.0,-57.0,-69.0,-75.0,2.0782078766554757,2.7852356007585084,1.2158819083261077,1.598610913851902,0.3108204935898606,0.29357156539406726,0.11425524501458051,0.27765483359931564,-3.483283281326294,2.835049867630005,0.651284098625183
1761086890.269294,2c08d2cc-7a1c-9d34-25ea-6265acb43d72,8279d78e-66aa-9357-e2bf-35a56afaff9d,29,-77.0,-78.0,-75.0,-70.0,2.078001747987104,2.7241187169022796,1.2552689955839436,1.6025689038639779,0.28943930477815943,0.40882046077849155,0.10980890615998988,0.33786982130763193,-3.501159429550171,2.844198226928711,0.7469890117645264
1761086892.267509,2c08d2cc-7a1c-9d34-25ea-6265acb43d72,88bb8eb6-9639-c8a3-7972-5519d187549d,22,-83.0,-62.0,-70.0,-74.0,2.0466781798778095,2.8064428851510272,1.230382287829371,1.5669832127461212,0.30774800464023616,0.4738526907798408,0.09755516935231728,0.44470738870515,-3.551581382751465,2.827239513397217,0.9139792919158936
1761086893.262934,2c08d2cc-7a1c-9d34-25ea-6265acb43d72,08f91356-731b-44d0-0515-cb72618f0dc4,23,-78.0,-63.0,-69.0,-79.0,2.0383398225047715,2.8211030543196953,1.2696189064856176,1.4511197263611337,0.2601464635790781,0.4913402382093052,0.11352723664109372,0.37294545049771133,-3.5730679035186768,2.796130657196045,1.0051251649856567
1761086894.26656,2c08d2cc-7a1c-9d34-25ea-6265acb43d72,98d9b315-7b99-5c86-79c9-02f1c4a3dc4c,13,-73.0,-63.0,-73.0,-69.0,2.028517019140123,2.8676290111955973,1.2527232798979369,1.3770391069506176,0.19828104836421248,0.5229317536137749,0.15110839275185486,0.4257651228197433,-3.585742473602295,2.765604257583618,1.0654551982879639
1761086896.263756,2c08d2cc-7a1c-9d34-25ea-6265acb43d72,13c9029e-f6f6-c35b-268a-62e25ac43aae,3,-84.0,-61.0,-71.0,-71.0,2.0465982850451074,2.8961578580569625,1.2766270148941607,1.2311559361260391,0.21444483828433938,0.5489089259661939,0.1268300924706894,0.6093745337778435,-3.603400707244873,2.7398955821990967,1.0629353523254395
1761086897.268992,2c08d2cc-7a1c-9d34-25ea-6265acb43d72,9a8a1186-2a13-7cbd-c79b-c54ce6d61677,28,-74.0,-71.0,-72.0,NaN,1.976543832570573,2.7728827943582846,1.2901745153593944,NaN,0.20597383884425854,0.5075611529348144,0.14606969196942496,NaN,NaN,NaN,NaN
1761086898.264793,2c08d2cc-7a1c-9d34-25ea-6265acb43d72,1b20f9af-78e6-83b9-b1f1-405927d965fb,19,-86.0,-67.0,-67.0,-77.0,1.8987054928619551,2.854451157489668,1.336690618539263,0.9827618359899126,0.1396589971724135,0.46166313615443916,0.18044014939236497,0.6018387865783281,-3.596935510635376,2.6122326850891113,1.1072689294815063
1761086900.266968,2c08d2cc-7a1c-9d34-25ea-6265acb43d72,983bd6d9-d2cd-7e9f-d751-e6c3fa09f9c3,35,-82.0,-69.0,-75.0,-74.0,1.8760606341130113,2.9343571754686235,1.3284998002906154,0.90517436605598,0.290510095273453,0.48829864192832584,0.306970627918042,0.6163040123552024,-3.5879414081573486,2.1958889961242676,1.0397045612335205
1761086901.263294,2c08d2cc-7a1c-9d34-25ea-6265acb43d72,891840ea-4c96-5a8b-f27e-5a3febce5a9b,33,-81.0,-67.0,-71.0,-82.0,1.9362028010102708,2.9626111841054916,1.3625472495628423,1.163263437824431,0.42379441690259834,0.3398831045127046,0.400291487650431,0.33410727403005436,-3.5900073051452637,1.9940401315689087,0.9292061924934387
1761086902.267355,2c08d2cc-7a1c-9d34-25ea-6265acb43d72,2a9635ac-cb53-481e-4d60-e006ae98b5c2,11,-79.0,-61.0,-73.0,-70.0,2.0546383683760565,2.947359260542608,1.3569423607326618,1.389924545568857,0.22222284991926802,0.4616081751674426,0.5365230297894261,0.4327929053308398,-3.6034817695617676,1.783118724822998,0.8132500648498535
1761086904.266906,2c08d2cc-7a1c-9d34-25ea-6265acb43d72,8021f40c-104a-34dc-5b6e-2633e026e75b,13,-71.0,-63.0,-68.0,-80.0,1.9800602704739134,3.01990270337193,1.3803355677479177,1.3210637218948962,0.1328796959133998,0.3914115431802117,0.4636967925418509,0.4298108972792508,-3.6785354614257812,1.3847520351409912,0.6593477725982666
1761086905.26705,2c08d2cc-7a1c-9d34-25ea-6265acb43d72,64a0afd3-3890-6d68-d6e6-016ec5ae3faa,0,-78.0,-57.0,-79.0,NaN,2.0101880792537616,2.866493439306788,1.4021852065953637,NaN,0.13433045291722046,0.32558872051975873,0.48412923021521137,NaN,NaN,NaN,NaN
1761086906.262969,2c08d2cc-7a1c-9d34-25ea-6265acb43d72,a9a932ce-5552-c9dd-9763-6f38b1647eba,15,-69.0,-64.0,-71.0,-79.0,2.0558991088361,2.887805119614038,1.4124474315398752,1.2823562733472484,0.08540244957374277,0.2862007677345686,0.426479881966807,0.34557115054792303,-3.7519614696502686,1.1715891361236572,0.6181060075759888
1761086907.267088,2c08d2cc-7a1c-9d34-25ea-6265acb43d72,65d8f339-532d-40df-8885-d12e197361d8,19,-69.0,-66.0,-71.0,-75.0,2.0533275604875194,2.8719949974866736,1.359234809799002,1.427697757206105,0.130141283877769,0.35393111281530437,0.4697390722915636,0.35332867248721483,-3.819352388381958,0.947446346282959,0.6562139987945557
1761086909.265869,2c08d2cc-7a1c-9d34-25ea-6265acb43d72,0b70724a-e973-f833-979e-f0d16a4c302c,25,-77.0,-62.0,-84.0,-77.0,2.04547017000735,2.856197125900324,1.3967651411448345,1.6008245333499762,0.1120548830653082,0.2599868736507551,0.3167301479172873,0.37632193928576824,-3.9565207958221436,0.592632234096527,0.5989462733268738
1761086910.267713,2c08d2cc-7a1c-9d34-25ea-6265acb43d72,9816f036-b4d9-34ff-d69c-bbae45632907,3,-75.0,-67.0,-70.0,-81.0,2.0112815731973486,2.974023894640917,1.3743780763894105,1.5125460695360295,0.09347805281573092,0.34213457418777116,0.316908812736918,0.41457891413502906,-4.023669719696045,0.5605735182762146,0.5659303069114685
1761086911.264029,2c08d2cc-7a1c-9d34-25ea-6265acb43d72,1355d2ab-b111-5033-86d7-79e81f35a602,30,-76.0,NaN,NaN,-73.0,2.024305496192272,NaN,NaN,1.6969124507444708,0.11817650004837,NaN,NaN,0.34055868190223043,-4.0678935050964355,0.5606406331062317,0.6003677248954773
1761086913.265868,2c08d2cc-7a1c-9d34-25ea-6265acb43d72,280c9dd1-4ecb-b88b-0a56-c00bf65eba16,22,-73.0,NaN,NaN,-74.0,1.9903475291326718,NaN,NaN,1.6582492106709188,0.10589549912903772,NaN,NaN,0.5307265265188141,NaN,NaN,NaN
1761086914.269524,2c08d2cc-7a1c-9d34-25ea-6265acb43d72,9de124ea-1181-58ed-fc1b-c7b810628c96,18,-70.0,NaN,NaN,-78.0,2.003186096115726,NaN,NaN,1.650432832871536,0.08542134137272551,NaN,NaN,0.3648085279716241,NaN,NaN,NaN
1761086915.266839,2c08d2cc-7a1c-9d34-25ea-6265acb43d72,d78160f3-5cd9-63f6-6e15-100825133c1a,27,-77.0,NaN,NaN,-71.0,2.0069235763895428,NaN,NaN,1.623712805022553,0.10070171914738114,NaN,NaN,0.5306680368433733,NaN,NaN,NaN
1761086916.265377,2c08d2cc-7a1c-9d34-25ea-6265acb43d72,cf31fa1f-44b3-b5ab-6850-d8bc7ccff5c0,9,-66.0,-60.0,-82.0,-65.0,2.1390760212658906,3.115549601289908,1.1846009507942545,1.6373098402840613,0.10700984063053254,0.34973313869949885,0.5433383919140752,0.5358406946286343,-4.099461555480957,0.6111892461776733,0.7898675203323364
1761086918.267903,2c08d2cc-7a1c-9d34-25ea-6265acb43d72,a918ac07-a8aa-d100-ca40-beb1e4699bfa,27,-77.0,-65.0,-73.0,NaN,2.1526474901809345,3.1348117128222333,1.2889055190999712,NaN,0.10684702994176622,0.4175643842960351,0.38528593977789316,NaN,-4.079245567321777,0.724115788936615,0.906408667564392
1761086919.270069,2c08d2cc-7a1c-9d34-25ea-6265acb43d72,94af048b-5718-eae8-1b0f-c4e31d6f730c,4,-74.0,-64.0,-75.0,NaN,2.0821339087344706,3.138939079879638,1.3414187947385898,NaN,0.09885309419908103,0.47073050058637284,0.3645921794225687,NaN,-4.0603437423706055,0.7931172251701355,0.9380990266799927
1761086920.26781,2c08d2cc-7a1c-9d34-25ea-6265acb43d72,30f76691-d457-43b6-15f5-b92b1060afb0,20,-71.0,-63.0,-64.0,NaN,2.1065210074685443,3.0264902986443505,1.3049044593486223,NaN,0.20279122818355938,0.5157147202177147,0.3167073446004535,NaN,-4.054158687591553,0.8556767106056213,0.9677915573120117
1761086922.267846,2c08d2cc-7a1c-9d34-25ea-6265acb43d72,7d7b93f1-96ce-35e4-aab5-0a86e5ca9c6b,7,-85.0,-62.0,-77.0,NaN,2.008103889384666,2.930171218867237,1.2918365941957126,NaN,0.10867303466555747,0.36330777011833715,0.25218061586351487,NaN,NaN,NaN,NaN
1761086923.265955,2c08d2cc-7a1c-9d34-25ea-6265acb43d72,4fceb70e-7a1a-cac5-7fe9-2f04a978f3f5,36,-86.0,-72.0,-84.0,-75.0,2.0607183651447074,2.960818876691868,1.2084101435717813,1.4128586236121834,0.1468223845172654,0.28533327629898886,0.23258099859729267,0.2030387523621254,-4.013985633850098,0.9586603045463562,0.9968921542167664
1761086924.269353,2c08d2cc-7a1c-9d34-25ea-6265acb43d72,f7a3fda3-8632-36f5-e47a-d16d167414a8,3,-75.0,-63.0,-72.0,-74.0,1.98551868544414,2.98628029460968,1.3041806121643391,1.4823692585921235,0.2123641271694173,0.4861255357683348,0.20044331878751825,0.27647382152440636,-3.97790265083313,0.9921616911888123,1.0342239141464233
1761086926.2697,2c08d2cc-7a1c-9d34-25ea-6265acb43d72,fe982c34-c394-6a03-c6f5-42b13f55c859,16,-66.0,-61.0,-79.0,-87.0,1.897398413398944,2.898999983572295,1.3396579126258295,1.4312386961914743,0.17280062213412048,0.3598760540271747,0.13468379613722511,0.24105857271631462,-3.921085834503174,1.0051584243774414,1.07326877117157
1761086927.27027,2c08d2cc-7a1c-9d34-25ea-6265acb43d72,151712f9-4eae-9263-5e62-a2efb7c91f17,12,-69.0,-59.0,-70.0,-74.0,1.9533801900412817,2.7431826892495033,1.3784495170639235,1.4100090412457986,0.1573106452592972,0.3036779288357817,0.2530490726949897,0.25734365297933787,-3.9261603355407715,0.9521599411964417,1.0459095239639282
1761086928.265727,2c08d2cc-7a1c-9d34-25ea-6265acb43d72,d6b069d4-8d85-ed53-1677-c71da7897c0f,0,-72.0,-61.0,-75.0,-70.0,1.9200342174001817,3.004293383590758,1.357591106774205,1.5247848926415974,0.22589147083414984,0.4988754860661163,0.28412500011241987,0.14155515122379303,-3.922847270965576,0.901289939880371,1.0164272785186768
1761086929.269904,2c08d2cc-7a1c-9d34-25ea-6265acb43d72,e44f642c-ea09-d448-95ea-2a1a062bb13e,5,-74.0,-62.0,-70.0,-74.0,2.022604268887929,3.0763947416791275,1.3648466228480167,1.5849414406087434,0.19465393947282225,0.4066127002348159,0.37456511849367025,0.16667440287579988,-3.911052942276001,0.840254783630371,0.987123966217041
1761086931.267647,2c08d2cc-7a1c-9d34-25ea-6265acb43d72,1fc8b9ef-b85c-cd1b-2695-3718f80610f6,34,-84.0,-64.0,-80.0,-72.0,2.0374892088526004,3.1143490482705007,1.3191909870163525,1.48352720103409,0.1535960515260979,0.27154718988959836,0.3364466613106072,0.2094001620342136,-3.856771469116211,0.8029293417930603,1.0019819736480713
1761086932.267747,2c08d2cc-7a1c-9d34-25ea-6265acb43d72,136994a5-e238-818a-d1b9-a01dc171cab0,7,-72.0,-69.0,-68.0,-67.0,1.9888194072991843,2.984061881421644,1.327143718663547,1.4601180150522937,0.14018631971300596,0.41816489383233435,0.37470586655728094,0.3004419550847401,-3.819328546524048,0.8133347034454346,1.021153450012207
1761086933.265979,2c08d2cc-7a1c-9d34-25ea-6265acb43d72,5baff88e-c25c-6089-0d51-30417081d38b,14,-84.0,-67.0,-70.0,-77.0,2.0236876428193735,2.8870967187640773,1.3346809971806892,1.4547315054314993,0.09796726024149344,0.6137437824412547,0.36887813772288774,0.39386874204948696,-3.7841193675994873,0.8089247345924377,1.0135488510131836
1761086935.268039,2c08d2cc-7a1c-9d34-25ea-6265acb43d72,f53947ee-0abb-0278-5f53-2e532558c17e,26,-76.0,-64.0,-69.0,-74.0,2.019011131945194,2.932696960845068,1.321228571566372,1.4314714564707471,0.08607115267870485,0.7021127271532368,0.2649393545928937,0.45281172079739734,-3.711712121963501,0.82151061296463,0.9595215916633606
1761086936.265359,2c08d2cc-7a1c-9d34-25ea-6265acb43d72,83c335a9-4012-a952-0a3c-1a0b1893707d,34,NaN,-66.0,-73.0,-68.0,NaN,2.9569040298894516,1.3499249312603028,1.3661819318185826,NaN,0.6119317676355648,0.4539217929187696,0.40753595160571904,-3.678760051727295,0.8369708061218262,0.5025121569633484
1761086937.264537,2c08d2cc-7a1c-9d34-25ea-6265acb43d72,8dbd8863-f923-309a-5e54-0c5ab489ef42,31,NaN,-68.0,-70.0,-67.0,NaN,2.9817033859602695,1.3637238341324394,1.495463489039825,NaN,0.6627496083452115,0.3534669238373036,0.33600181354002306,-3.6454687118530273,0.8628163933753967,0.2539731562137604
1761086938.265342,2c08d2cc-7a1c-9d34-25ea-6265acb43d72,bb4e1213-ff9b-a1db-d52d-726123703ed2,0,NaN,-60.0,-73.0,-71.0,NaN,3.0790184879850733,1.3881173244531293,1.4609750202910812,NaN,0.5961352942087871,0.4966589038013298,0.4220264774129492,-3.6127538681030273,0.884062945842743,0.0794649124145508
1761086940.267775,2c08d2cc-7a1c-9d34-25ea-6265acb43d72,0e28858a-e2b0-9ecd-ace6-e56ac3524fd9,21,NaN,-62.0,-74.0,-68.0,NaN,3.09040403427738,1.4094071668394406,1.2933569928620388,NaN,0.41230510719631935,0.5537390013667298,0.45715996377771057,NaN,NaN,NaN
1761086941.265663,2c08d2cc-7a1c-9d34-25ea-6265acb43d72,c164d0d3-2836-9051-79ca-d6dac4ad23c1,2,-76.0,-59.0,-71.0,-62.0,1.9961713298044568,3.134201848932605,1.3531143329817819,1.3001485862739588,0.33679024238074107,0.4333980421095331,0.5890533496590211,0.44366522719157464,-3.579454183578491,0.9426409006118774,-0.10906586050987244
1761086942.267706,2c08d2cc-7a1c-9d34-25ea-6265acb43d72,c32cd956-5482-8ed7-2859-9389c68aa4f5,17,-74.0,-59.0,-72.0,-71.0,1.9780639649207903,3.119678566243967,1.3781746788394273,1.0587580671725227,0.23829469420275998,0.49709313221706725,0.6277041394544773,0.3630906559104684,-3.5972862243652344,0.939738929271698,-0.1816251128911972
1761086944.267532,2c08d2cc-7a1c-9d34-25ea-6265acb43d72,df87ea0a-c92b-6582-91c1-ee2ca79e4701,14,-68.0,-61.0,-69.0,-74.0,1.9715488076300205,3.1293458410009545,1.3335747200638703,0.8923887959786186,0.19458278313744667,0.4396827693869838,0.3776740261712015,0.32918884826035516,-3.6564342975616455,0.9700586795806885,-0.26791852712631226
1761086945.267697,2c08d2cc-7a1c-9d34-25ea-6265acb43d72,9f30e30f-058e-d031-29fb-fe5523fd47e8,33,-83.0,-72.0,-74.0,-71.0,1.9767829844364622,-3.0618653337199815,1.3572395695103145,0.9213195138484764,0.1486691868646945,0.5531695509466436,0.34609079985562474,0.4074886139173429,-3.7093498706817627,1.00453519821167,-0.30077844858169556
1761086946.267393,2c08d2cc-7a1c-9d34-25ea-6265acb43d72,ac2f2f8b-3d49-4ebe-1907-76e6f91ef6ed,0,-74.0,-61.0,-72.0,-69.0,1.9336083494763157,-3.057231167107135,1.3604587986360022,1.380814404111914,0.17848940053863874,0.5460990579895649,0.26507525903227186,0.4159307347043532,-3.7614965438842773,1.0420705080032349,-0.31615763902664185
1761086947.267689,2c08d2cc-7a1c-9d34-25ea-6265acb43d72,c8876936-53a4-156c-25c7-f70153bf408c,12,-69.0,-60.0,-68.0,-72.0,2.027003278376522,3.016100241967515,1.3644258433957843,1.509166518112719,0.11712009894534121,0.6931928685561799,0.17692514293811026,0.4506566908433052,-3.815661907196045,1.0557405948638916,0.12805847823619843
1761086949.269316,2c08d2cc-7a1c-9d34-25ea-6265acb43d72,98a38e8a-6cd2-04cb-1a1c-6cc4ed8d6df3,24,-79.0,-70.0,-71.0,NaN,2.0277590834938866,2.896034820014601,1.3306175459894465,NaN,0.07812641883715887,0.6082448208434319,0.2348487967787928,NaN,-3.9416234493255615,1.04970908164978,0.5952301621437073
1761086950.268292,2c08d2cc-7a1c-9d34-25ea-6265acb43d72,dc080550-e6d9-3f56-2f40-3b32edcaca15,29,-73.0,-68.0,-83.0,NaN,2.0202180765512185,2.8786518349474357,1.2685855999826667,NaN,0.09405746512276969,0.6406279941714411,0.25004133184936783,NaN,-3.9890568256378174,1.0299252271652222,0.6842105388641357
1761086951.264993,2c08d2cc-7a1c-9d34-25ea-6265acb43d72,c3b623b1-a6b0-587c-e3da-ee17776b42d5,13,-74.0,-63.0,-69.0,NaN,2.0317719346244183,2.867269484448437,1.3330463489035986,NaN,0.08155413186430782,0.7264432337141462,0.34427009648687845,NaN,-4.007846355438232,1.0048052072525024,0.8035913109779358
1761086953.266166,2c08d2cc-7a1c-9d34-25ea-6265acb43d72,82cfb0b5-8440-3c80-fd1f-fba41c406464,18,-73.0,-58.0,-76.0,NaN,1.9517636512596037,3.0665287951048197,1.28324710073188,NaN,0.1125026270235778,0.503646738896075,0.17686850083067565,NaN,NaN,NaN,NaN
1761086954.265891,2c08d2cc-7a1c-9d34-25ea-6265acb43d72,0703c94d-49a1-faea-5076-d17242f48935,8,-72.0,-60.0,-71.0,-66.0,1.9592082517708111,2.8418085991628432,1.3479270278105255,1.24160085392133,0.12383312910510395,0.23878920992767405,0.16218889058604985,0.6324362438164118,-4.023740768432617,0.9278148412704468,0.933906078338623
1761086955.267387,2c08d2cc-7a1c-9d34-25ea-6265acb43d72,53aa768f-270b-52e7-2f95-8e343d80d01b,7,-69.0,-59.0,-72.0,-66.0,1.962229341711397,2.8448254280456853,1.2791852474372913,1.3225889142511844,0.1871283289302059,0.21734851611036643,0.19860152651188986,0.45849989999067026,-4.020599365234375,0.8727734684944153,1.0000165700912476
1761086957.270238,2c08d2cc-7a1c-9d34-25ea-6265acb43d72,e474eabc-3b95-f219-582c-b997cb302bcd,29,-72.0,-69.0,-76.0,-77.0,1.9934250780883673,2.806596283229816,1.3369233788185362,1.3038253464749219,0.19204976740088825,0.13548653114642384,0.3166091738247704,0.41246276633285206,-3.9885740280151367,0.7084982991218567,1.044498324394226
1761086958.265723,2c08d2cc-7a1c-9d34-25ea-6265acb43d72,b23898c6-dcbe-c978-6149-96eaa1570bf1,27,NaN,-71.0,NaN,NaN,NaN,2.666421864517931,NaN,NaN,NaN,0.1349553220551155,NaN,NaN,NaN,NaN,NaN
1761086959.268783,2c08d2cc-7a1c-9d34-25ea-6265acb43d72,fb53b0b3-c39a-7bec-39f5-b474a92cc3b5,25,-70.0,-67.0,-71.0,-69.0,2.0082237316337195,2.648667634794809,1.379947811493202,1.4207548962442684,0.16047223359214163,0.17002093110159347,0.27470341861074893,0.41841093662754403,-3.967039108276367,0.672856330871582,0.7374138832092285
1761086960.267792,2c08d2cc-7a1c-9d34-25ea-6265acb43d72,253c3d8d-f0cf-a8c1-a1a4-ad6618689aa1,2,NaN,-66.0,-78.0,-73.0,NaN,3.0755281490604154,1.3369840988913897,1.3863351370516481,NaN,0.2470497697073682,0.22980623441278228,0.44289923548304067,-3.92589259147644,0.6363142132759094,0.24405419826507568
1761086962.268034,2c08d2cc-7a1c-9d34-25ea-6265acb43d72,ebd11c16-4e23-5cb6-2f88-3fd3de50e178,9,NaN,-61.0,-72.0,-75.0,NaN,2.7417760075617235,1.2966441325955236,1.4436713974244002,NaN,0.20372030521934714,0.21582906619517858,0.379153811630904,-3.8519082069396973,0.6010276079177856,0.05966243892908096
1761086963.266852,2c08d2cc-7a1c-9d34-25ea-6265acb43d72,e1348587-787b-6d2d-e5e7-ca397ce99d4d,36,NaN,-63.0,-76.0,-73.0,NaN,2.8452701759477286,1.323410499447474,1.4949697389737244,NaN,0.24926312288933308,0.2963480439885294,0.4343494231194503,-3.819390058517456,0.5725568532943726,0.012035779654979706
1761086964.269036,2c08d2cc-7a1c-9d34-25ea-6265acb43d72,e4f8bd2b-2858-ce55-5b82-769c6bc74a68,29,-74.0,-64.0,-74.0,-80.0,1.9597536671620595,2.800919489050203,1.4465785040703307,1.4515783227008456,0.20130162231733714,0.2370493834322821,0.367647590851703,0.4955580528752319,NaN,NaN,NaN
1761086966.271076,2c08d2cc-7a1c-9d34-25ea-6265acb43d72,0d8ccc00-8ee9-16e0-8e8b-8f427c918719,18,-85.0,-63.0,-68.0,-83.0,2.084435945180735,2.8500116679525056,1.3406028021805896,1.4840433216533475,0.17628937980688109,0.23984295619199117,0.3123080687957516,0.48498869887800716,-3.7374043464660645,0.5798121094703674,-0.059655383229255676
1761086967.268262,2c08d2cc-7a1c-9d34-25ea-6265acb43d72,605993c7-272a-6f21-43ae-0b59a4b209fe,0,-83.0,-61.0,-70.0,-70.0,2.1265170861972953,2.9304135665264335,1.3096739145448453,1.4298016544672676,0.15209203130047563,0.21975200234940612,0.18528485553413943,0.6506245022181898,-3.70197868347168,0.6577337384223938,-0.0893573835492134
1761086968.265958,2c08d2cc-7a1c-9d34-25ea-6265acb43d72,b8454bbf-3bc4-deec-dd99-9ccddeed4fa2,24,-77.0,-61.0,-70.0,-69.0,2.0976590726251962,2.9006309034238598,1.3212810358398466,1.465445402496888,0.11908493758570966,0.2357064178735824,0.5634671626441393,0.6027211584264985,-3.675171375274658,0.7622506618499756,-0.17355003952980042
1761086969.267957,2c08d2cc-7a1c-9d34-25ea-6265acb43d72,d4da45c5-c00d-9d39-6aea-9eac5a5f3944,11,-67.0,-62.0,-74.0,-64.0,2.0962406730286203,3.0375988761832886,1.2926224930333952,1.4957159567111646,0.13907449156978993,0.41706773804224895,0.5320127334567816,0.483491170107542,-3.6393556594848633,0.8946537375450134,-0.17201241850852966
1761086971.268115,2c08d2cc-7a1c-9d34-25ea-6265acb43d72,63f3ee4e-da0c-8716-f752-c10b99d02153,25,-70.0,-67.0,-68.0,-73.0,2.0996505844883577,2.954846471631257,1.2800694169191977,1.4740250422646874,0.1426990621357661,0.27591154499450654,0.4302979228635991,0.4051752590364455,-3.586512565612793,1.1604981422424316,0.6063724756240845
1761086972.268363,2c08d2cc-7a1c-9d34-25ea-6265acb43d72,c4cef08d-fec8-2ef2-30d4-d225c730be3c,32,NaN,-64.0,-73.0,-73.0,NaN,3.0170445988900574,1.3637952068496537,1.5293117338625144,NaN,0.35648575009096295,0.4847249460615484,0.4026870676299846,NaN,NaN,NaN
1761086973.267505,2c08d2cc-7a1c-9d34-25ea-6265acb43d72,ca5245e7-6d0c-2304-cc86-b481933d739f,24,-81.0,-66.0,-74.0,-69.0,2.082255881512396,3.074917219906351,1.352111919147476,1.5927785910646286,0.1790742806482906,0.4507785970422036,0.43732986656389883,0.3473141561918663,-3.568587064743042,1.29019296169281,0.7095052003860474
1761086975.266293,2c08d2cc-7a1c-9d34-25ea-6265acb43d72,35d25c51-5835-72e0-d49f-8b90e7d4e3bb,3,-66.0,-57.0,-85.0,-68.0,1.9753874880252604,2.9851085037300455,1.2433281802043552,1.4545658568116964,0.23122926125175247,0.3002317983852191,0.5861134195526554,0.3718907055479854,-3.5412580966949463,1.587565541267395,0.8146014213562012
1761086976.265808,2c08d2cc-7a1c-9d34-25ea-6265acb43d72,0f9f5d76-1d41-5134-d727-5a2dc553d102,27,-80.0,-67.0,-75.0,-75.0,1.9987375518308574,3.0129587771456574,1.2468049370074537,1.4631811829381027,0.1645538608578243,0.43813357529137115,0.3197351590227919,0.307351759559546,-3.5263500213623047,1.6591061353683472,0.810816466808319
1761086977.269797,2c08d2cc-7a1c-9d34-25ea-6265acb43d72,4a65c866-0bb2-27a1-8a57-3b7b291c1815,30,-74.0,-75.0,-73.0,-71.0,2.053781363137269,2.7493985072337477,1.2840601638126812,1.473676700794105,0.11540169425196758,0.5565836568850979,0.2875438664513228,0.4217560334042517,-3.5134565830230713,1.709096908569336,0.8821117877960205
1761086978.266741,2c08d2cc-7a1c-9d34-25ea-6265acb43d72,d2228e82-3873-ce2c-3a90-dcaf7fb4a1f6,17,-76.0,-64.0,-70.0,-80.0,2.0869398492376274,2.8740882421034764,1.3507531743593175,1.5027253967002534,0.1669878070018318,0.6457423953078567,0.4020060973392513,0.3740089505895208,-3.50510835647583,1.721725583076477,0.8986318111419678
