create_time,idppe,idbeacon,bluetooth_channel,rssi_1,rssi_2,rssi_3,rssi_4,az_1,az_2,az_3,az_4,el_1,el_2,el_3,el_4,x,y,z
1751125162.031875,d500a44f-2051-d64b-3d63-8985cc792954,ec5bc34d-00bc-c377-eba7-1d051f2a9d1b,4,-71.0,-75.0,-51.0,-67.0,-3.140851762174533,-1.9958520167897567,2.96201570128575,-2.268442267009798,0.5840447425969091,0.2853106727192368,0.6878287960675695,0.24496757720908977,-2.303208112716675,7.95571231842041,0.297995924949646
1751125163.086424,d500a44f-2051-d64b-3d63-8985cc792954,88c4b896-feba-fac8-01b7-4ce39181eab8,18,-69.0,-70.0,-58.0,-76.0,3.0828209493894887,-2.022276566915795,3.0402742878143827,-2.2182230383341737,0.6270288283810604,0.3513645911832814,0.6210010961488024,0.2833843084342416,-2.406771183013916,7.93454647064209,0.23199738562107086
1751125164.060755,d500a44f-2051-d64b-3d63-8985cc792954,fb78f7ab-f035-3423-b1b9-216e0ff243ef,36,-68.0,-75.0,-57.0,-80.0,-3.0627124852627365,-2.0504058064555934,2.9821763633698675,-2.2481910574486172,0.4851312778648673,0.21571786257491088,0.6142006477262578,0.2447270771178988,-2.583653450012207,7.923617362976074,0.2043774574995041
1751125165.084506,d500a44f-2051-d64b-3d63-8985cc792954,6c76d1cc-5553-c326-ec25-7d1cdb5b7af7,0,-71.0,-73.0,-55.0,-73.0,-3.047793723152221,-2.0500791697478955,3.0666550289404895,-2.3696296052595764,0.4245858417995426,0.15480997028522644,0.5728263762420319,0.27738197610088017,-2.7786929607391357,7.920965671539307,0.21918326616287231
1751125166.028994,d500a44f-2051-d64b-3d63-8985cc792954,6df36cbf-c904-43e7-438a-df6debfe9c34,28,-72.0,-74.0,-58.0,-67.0,-3.022203674553759,-2.0121850505971577,3.1165397645831994,-2.3869729092264995,0.46816284711088657,0.1371729612619597,0.6387615177214591,0.28836102414229997,-2.9453532695770264,7.925264835357666,0.24582642316818237
1751125167.052357,d500a44f-2051-d64b-3d63-8985cc792954,27920015-0aed-1ea6-ad31-6d05277209a5,2,-67.0,-71.0,-54.0,-68.0,-3.0122977805630997,-1.9349601700456396,-3.1088778501270413,-2.3896866703772903,0.46335254568144457,0.08569239291504674,0.5427183414332776,0.26516767072209757,,,
1751125168.053223,d500a44f-2051-d64b-3d63-8985cc792954,68f6bf86-b155-2d89-7ec8-bc99520c9ebd,24,-72.0,-74.0,-60.0,-74.0,-2.9346032515533467,-1.979931772951317,-3.075061563237434,-2.4165800700132376,0.35040778398264316,0.08905612349700652,0.6072277596231306,0.24420268405450535,-3.154123544692993,7.942981243133545,0.15428975224494934
1751125169.060132,d500a44f-2051-d64b-3d63-8985cc792954,cd9f1f54-0aaa-8c7d-655a-9049642ea19a,28,-69.0,-74.0,-63.0,-77.0,-2.907091998544501,-1.993401242796611,-2.919304722671386,-2.3858290815383105,0.3946351665216981,0.09785395938186736,0.7106419665974063,0.19791111864404362,-3.355647563934326,7.963968753814697,0.16693805158138275
1751125170.032281,d500a44f-2051-d64b-3d63-8985cc792954,dec8e24b-d764-74c1-fb82-40ab887ce954,18,-85.0,,-59.0,-78.0,-2.903585946969412,,-2.929841253208176,-2.3181019655403965,0.3328284906536255,,0.6627805010138565,0.19802486891210366,-3.6206936836242676,7.992290496826172,0.23099979758262634
1751125171.028305,d500a44f-2051-d64b-3d63-8985cc792954,ec629a00-48ef-720e-b3ed-721360d5b4e8,30,-72.0,,-59.0,-75.0,-2.9250377095499998,,-3.0341226520124085,-2.145159746460068,0.3703790953132564,,0.5964293071931318,0.21630146103828815,,,
1751125172.061615,d500a44f-2051-d64b-3d63-8985cc792954,4eb1f815-38b8-164c-27c1-0a731d529bfc,34,-67.0,,-58.0,-76.0,-2.7883965066563237,,-3.0958952061290144,-2.1048627902158064,0.3905256759331105,,0.6817810235481085,0.36335853662661677,-3.8766562938690186,8.021244049072266,0.33597999811172485
1751125173.085355,d500a44f-2051-d64b-3d63-8985cc792954,25289d4e-824b-15a1-3744-78b27d07c19d,8,-66.0,,-55.0,-67.0,-2.723387412866944,,3.133180260338451,-2.2415624494954103,0.3592691196147456,,0.5341256521761368,0.40398399379133954,-4.104623794555664,8.035417556762695,0.40078622102737427
1751125174.054683,d500a44f-2051-d64b-3d63-8985cc792954,df787911-30d9-58e1-3dcc-bb3d39996b3f,12,-69.0,,-55.0,-66.0,-2.6869343301820483,,3.0903811310920055,-2.3352407387356013,0.44617049611852583,,0.31045594012614236,0.46023005588235394,-4.355340003967285,8.030917167663574,0.4599033296108246
1751125175.054058,d500a44f-2051-d64b-3d63-8985cc792954,c389bf49-c12a-542c-1eb6-4b51d322fff2,16,-67.0,-75.0,-55.0,-65.0,-2.664427955809789,-2.3696301378917943,3.0591912536694332,-2.4894119331886153,0.3694684273785038,0.3553273415958057,0.260722172427726,0.2642056870020905,-4.59428310394287,8.028947830200195,0.529481828212738
1751125176.061034,d500a44f-2051-d64b-3d63-8985cc792954,9b02fde0-2433-3f60-d606-10a4253b8467,17,-66.0,-73.0,-54.0,-73.0,-2.6114217290533968,-2.3585247561461644,3.0306687983946845,-2.527845342460094,0.3274598242121348,0.4641663411315455,0.24527106106006108,0.24770950128840807,-4.755752086639404,8.01516628265381,0.558988332748413
1751125177.062482,d500a44f-2051-d64b-3d63-8985cc792954,501f3905-802c-1a1e-3873-4ecde22fbb1b,12,-67.0,-72.0,-54.0,-66.0,-2.56622841798697,-2.396273466701383,3.0024952172227364,-2.602497209924432,0.3064776768002684,0.4318031082221983,0.22071922916780926,0.2217062466020631,-4.909606456756592,7.993410110473633,0.536963939666748
1751125178.061452,d500a44f-2051-d64b-3d63-8985cc792954,6ecdb830-2e01-723a-dc2e-d687138187b2,3,-65.0,-74.0,-54.0,-68.0,-2.528083429061547,-2.2358345226228677,3.027759561219882,-2.654830189557252,0.24633997069783484,0.2521093596595984,0.20267002106444712,0.33996726040315106,-5.02583932876587,7.947139263153076,0.49691522121429443
1751125179.060296,d500a44f-2051-d64b-3d63-8985cc792954,18b30f56-9a3b-40f5-4b25-b65d0176818c,26,-71.0,-79.0,-57.0,-78.0,-2.653197139176816,-2.19695263702382,3.018393756298291,-2.6378717123678457,0.21901440659599508,0.21079672370985117,0.27455341606235023,0.38846871688616047,-5.139910697937012,7.895973205566406,0.514560580253601
1751125180.084911,d500a44f-2051-d64b-3d63-8985cc792954,63d817ab-57aa-2778-4787-07839cd8a0e0,3,-68.0,-80.0,-57.0,-73.0,-2.6808471428784544,-2.1750611865472598,3.0266969599449403,-2.332975720228489,0.16825505556178919,0.22493824225622644,0.3069990904521923,0.28064231777589604,-5.25701665878296,7.841825485229492,0.4449971914291382
1751125181.086044,d500a44f-2051-d64b-3d63-8985cc792954,6fe67863-5964-9232-7215-55a2e146e784,22,-66.0,-74.0,-54.0,-72.0,-2.70054388230068,-2.191696755454494,3.052585016269383,-2.366817040832344,0.22150449550473278,0.23025978739117958,0.269591464253585,0.28499708550088,-5.301633834838867,7.778663635253906,0.38571667671203613
1751125182.062828,d500a44f-2051-d64b-3d63-8985cc792954,6952b1d3-60c8-49b8-5d47-cfc4ffd148b8,6,-69.0,-79.0,-57.0,-73.0,-2.6975622071442276,-2.1517593259573933,3.086058820642807,-2.390321834297274,0.22201693763273442,0.20630237305423343,0.2858641774622962,0.24959312183790747,-5.344324588775635,7.71489381790161,0.3117060661315918
1751125183.061922,d500a44f-2051-d64b-3d63-8985cc792954,def970d2-10f1-7f01-2128-caf2d51f99f5,15,-72.0,-84.0,-58.0,,-2.7270971962654245,-2.2309428283326103,3.1335642881676407,,0.30217167821274654,0.24426641682834233,0.3007759487749496,,-5.411266803741455,7.67137575149536,0.2086915820837021
1751125184.031988,d500a44f-2051-d64b-3d63-8985cc792954,5ace2bbf-a2fa-bfe7-4ac3-0c9a500385d4,10,-68.0,-77.0,-53.0,,-2.708869989132704,-2.1685837129859142,3.052383681290973,,0.20472757932264235,0.20228542731352606,0.3505660756199348,,-5.362769603729248,7.6236443519592285,0.0947120413184166
1751125185.085475,d500a44f-2051-d64b-3d63-8985cc792954,df3ea3fc-26d7-94a0-15e0-21ad8c7f9736,32,-70.0,-74.0,-56.0,,-2.7424274167643565,-2.1069652227383693,2.8548463705954354,,0.2107455244378944,0.2342478378340596,0.33879140820285386,,-5.293283939361572,7.42289924621582,0.0883164182305336
1751125186.030583,d500a44f-2051-d64b-3d63-8985cc792954,bac6b2a7-b9b9-e24c-bc13-2f3e2bea56a5,24,-68.0,-74.0,-54.0,,-2.739045468496065,-2.0739007462244907,2.9491915153725827,,0.23011181550311205,0.2760688046568758,0.255174624784766,,-5.20784568786621,7.219343185424805,0.09169109165668488
1751125187.03269,d500a44f-2051-d64b-3d63-8985cc792954,84d5f4d1-0241-0b45-6de1-74896d228ac7,22,-71.0,-74.0,-57.0,,-2.7761022898000816,-2.0859636675400592,3.0169247566410036,,0.20892560337271832,0.26817948953313864,0.23726671402198937,,,,
1751125188.061281,d500a44f-2051-d64b-3d63-8985cc792954,05fcaee5-df02-018c-b1e9-8695b34599bf,10,-69.0,-76.0,-57.0,-68.0,-2.821559253814426,-2.058754283840774,3.0605121815701124,-2.037707055429769,0.323559691374741,0.1921870200655682,0.2855480602409038,0.4579568481548895,-5.110671520233154,7.016345024108887,0.06113923713564873
1751125189.029949,d500a44f-2051-d64b-3d63-8985cc792954,0ce1d86a-e226-d3de-b58c-7ce1c5f37b10,4,-70.0,-76.0,-53.0,-75.0,-2.837779769065772,-1.9972400563499058,3.1141051027146496,-2.204310951115709,0.33194794972870445,0.14889420733204936,0.3034517931697203,0.3411281989013438,-5.0575270652771,6.848082542419434,0.0213581994175911
1751125190.032807,d500a44f-2051-d64b-3d63-8985cc792954,99f1e2f2-afca-a204-dddf-bde1c27d104e,34,-68.0,-77.0,-54.0,-74.0,-2.8689776359716137,-1.9514497977251377,3.0127009831521385,-2.217971369611161,0.3475700859726229,0.14860375632566258,0.5040314658050506,0.37082377663627236,-4.967129230499268,6.797392845153809,0.06088962405920029
1751125191.030401,d500a44f-2051-d64b-3d63-8985cc792954,8c879337-e7d1-b3ad-569d-05159c14e217,26,-68.0,-78.0,-60.0,-75.0,-2.7845032314587366,-2.0055075736379475,3.016862971303714,-2.187666327460768,0.3045505135669462,0.11182437815058345,0.5183443587675726,0.3729937535819826,-4.885241985321045,6.80693531036377,0.1475624144077301
1751125192.054471,d500a44f-2051-d64b-3d63-8985cc792954,79ba71e9-28cb-841b-697b-248f5b6c0e79,20,-68.0,-73.0,-59.0,-75.0,-2.717915149459049,-2.0695970779029227,3.051828145887582,-2.196539181264585,0.29228505885047723,0.1979043941622912,0.7594998539028094,0.35884431213136436,-4.817394733428955,6.831871509552002,0.23832374811172485
1751125193.061737,d500a44f-2051-d64b-3d63-8985cc792954,1a4b467e-9701-38b5-c5b7-a34b911ff73d,23,-71.0,-75.0,-57.0,-83.0,-2.674178054876678,-2.0422991440973925,3.0861094207035182,-2.2123224054649393,0.22485889670049886,0.2062839972427119,0.5568732090746168,0.2917523267639205,,,
1751125194.060865,d500a44f-2051-d64b-3d63-8985cc792954,99bdce7a-bdb9-d4a6-f929-6d587d3adf6f,9,-66.0,-73.0,-53.0,-69.0,-2.660322692989432,-2.0675507049213055,3.048726628482076,-2.27635265439566,0.18312506517959878,0.20565938609854745,0.7727173221299543,0.262165156330115,-4.82933807373047,6.856051921844482,0.2558148503303528
1751125195.055099,d500a44f-2051-d64b-3d63-8985cc792954,2ce11cae-f759-4bfc-431d-1b9d33f68fe6,26,-70.0,-75.0,-57.0,-80.0,-2.632272149859845,-2.0207785388026256,3.0322587055654617,-2.2766890116413374,0.19288694873431148,0.2141713649299019,0.8727116973694319,0.22697709180776385,-4.787967205047607,6.838379859924316,0.2927093505859375
1751125196.031324,d500a44f-2051-d64b-3d63-8985cc792954,6333aa45-9a1d-3063-bbdb-4f3e818de6cd,18,-67.0,,-53.0,,-2.6606739639372132,,2.93593376683395,,0.16293800451117552,,0.453471918431628,,,,
1751125197.063324,d500a44f-2051-d64b-3d63-8985cc792954,76d0e238-46a3-4708-84d3-945aba99bd6b,8,-68.0,-73.0,-53.0,-69.0,-2.697849828541956,-1.9962610783331927,3.0032909697564523,-2.348365861851948,0.26623178666990915,0.17876520415903008,0.2897974000762342,0.26961152118554466,-4.83666229248047,6.848464488983154,0.2453136295080185
1751125198.058708,d500a44f-2051-d64b-3d63-8985cc792954,ee7651cb-eb39-78da-9f6a-815910eb1516,20,-69.0,-77.0,-53.0,-69.0,-2.701498891867583,-2.023701224940933,3.026152609818128,-2.3520420894206935,0.2053429526267756,0.23686183031251326,0.24047325984298565,0.19380720404898838,-4.8757171630859375,7.022480010986328,0.14550313353538513
1751125199.053311,d500a44f-2051-d64b-3d63-8985cc792954,322bfe22-7668-d130-8acf-8b651bacf9f1,1,-78.0,-74.0,-55.0,-73.0,-2.750731685675442,-1.9398437416945724,3.0412996048340633,-2.265367381215192,0.1688178980134206,0.1582065492947567,0.3306525548849763,0.1246269342022725,,,
1751125200.061471,d500a44f-2051-d64b-3d63-8985cc792954,c1523fae-9cef-3c3b-a605-edc5c8b1ea88,26,-69.0,-78.0,-57.0,-74.0,-2.7361729829443058,-1.9575962403629863,3.07762618736718,-2.233949404045255,0.21263834953791136,0.1320234813005609,0.3867388273105859,0.07757149096739202,-4.963172435760498,7.228641986846924,0.03078458271920681
1751125201.029616,d500a44f-2051-d64b-3d63-8985cc792954,e0a5b223-b283-c0e0-adf7-660a413980e1,4,-69.0,-76.0,-57.0,,-2.726202906771376,-1.9530662033487614,3.129814557352809,,0.21657500097175292,0.1447997802483775,0.3880762335205101,,-4.938880920410156,7.524506568908691,0.12760783731937408
1751125202.063997,d500a44f-2051-d64b-3d63-8985cc792954,8e83dd54-6406-f44e-63d1-c8b53293d6b4,23,-65.0,-78.0,-54.0,,-2.752660346936877,-1.9564007473496496,-3.1123159910943343,,0.1780472325739015,0.1688033005616956,0.5275350941370042,,-4.871410369873047,7.78862714767456,0.23743662238121033
1751125203.032152,d500a44f-2051-d64b-3d63-8985cc792954,25d09bb9-4acd-c1b6-013d-62072f4fcbb3,12,-68.0,-74.0,-56.0,,-2.689398553138699,-2.0251633003793863,3.1132219984971794,,0.16462603252336544,0.15890554585711844,0.4337054374783555,,,,
1751125204.032452,d500a44f-2051-d64b-3d63-8985cc792954,576af20d-3a16-fc16-cb27-b66d4d367aa1,26,-69.0,-78.0,-54.0,,-2.8070005510832896,-2.0025123163599354,3.070340311256941,,0.18769212013297568,0.11799239239326147,0.5333270367442493,,-4.798108100891113,7.867516994476318,0.27808988094329834
1751125205.061729,d500a44f-2051-d64b-3d63-8985cc792954,7de20723-5e1b-6488-2c67-fb4f541b31c3,24,-68.0,-75.0,-57.0,,-2.808117480844469,-2.042368918917952,3.0135276283544985,,0.1775374702517467,0.13765233025817397,0.6290614860830633,,-4.69316816329956,7.71943187713623,0.31352490186691284
1751125206.030701,d500a44f-2051-d64b-3d63-8985cc792954,b13825a1-2084-0897-25d2-c900dbd94397,13,-69.0,-74.0,-57.0,-69.0,-2.7409030233563954,-2.0477415801010785,2.970153788944814,-0.8528280706177095,0.14528079707551622,0.1837707485858885,0.36870776199215,0.5656723266057522,-4.632085800170898,7.582085609436035,0.30040889978408813
1751125207.06438,d500a44f-2051-d64b-3d63-8985cc792954,de6b03a8-cf83-4ece-5f97-392d4b7fde73,14,-74.0,-73.0,-56.0,-66.0,-2.688964990513234,-2.0562398602975756,3.034209737380054,-1.4287923164141274,0.13299992931423843,0.20859898330977691,0.37248688744751324,0.49769527293953414,-4.584511756896973,7.422614097595215,0.31250202655792236
1751125208.062264,d500a44f-2051-d64b-3d63-8985cc792954,aa688ead-a25b-638f-d552-7f5dbba47aff,1,-70.0,-72.0,-54.0,-71.0,-2.649347273504997,-2.072518831934848,3.096077100031467,-1.334098830166398,0.11444794136420457,0.18190435535969054,0.5019969438902846,0.48097734577558887,-4.620156288146973,7.354796409606934,0.3251878023147583
1751125209.032364,d500a44f-2051-d64b-3d63-8985cc792954,ac259148-7108-cf06-db0e-b7539e2c4bb1,1,-68.0,-76.0,-53.0,-69.0,-2.6319858600426618,-2.0937705911175715,-3.133682266203931,-1.5386703482491617,0.12270384893436947,0.1904863919724709,0.5285172679470254,0.4465727666011823,-4.675598621368408,7.31383466720581,0.3390483856201172
1751125210.08641,d500a44f-2051-d64b-3d63-8985cc792954,22f12929-6098-fdb0-276a-c9515b8ebc7a,23,-71.0,-75.0,-56.0,-76.0,-2.6415889526173784,-2.0228024080730314,-3.129036115366178,-1.8626219237783077,0.09790133035975715,0.1729282541293625,0.48258003611959865,0.38995615893399704,,,
1751125211.030688,d500a44f-2051-d64b-3d63-8985cc792954,0b7f9634-2bf5-2ce8-da6d-b0a464494852,1,-72.0,-74.0,-60.0,-67.0,-2.607505284354326,-1.945623999682535,3.13206918953167,-2.113634577056255,0.10913173919618839,0.15954894893172475,0.5176462110878083,0.3202508468783721,-4.722930908203125,7.2840142250061035,0.411649614572525
1751125212.064072,d500a44f-2051-d64b-3d63-8985cc792954,4db0bd0b-c33b-d64c-a427-a0f180b531e7,12,-73.0,-73.0,-53.0,-67.0,-2.6355438432590077,-1.881281361955948,3.105462612345124,-2.241155518480846,0.16994291712641094,0.21595004028769538,0.45222878812429257,0.3171151411423719,-4.715737342834473,7.242426872253418,0.46658971905708313
1751125213.060528,d500a44f-2051-d64b-3d63-8985cc792954,00e0643f-ecd0-81a6-b194-7c8af91b742e,5,-68.0,-72.0,-54.0,-69.0,-2.6235849183840068,-1.7598429473030435,3.10727302925416,-2.2912668891323222,0.21115458598133058,0.14773694732511228,0.41873527635880203,0.3098899518154733,,,
1751125214.063444,d500a44f-2051-d64b-3d63-8985cc792954,4e64263e-37f6-0ba5-8a01-25110b980fb5,36,-66.0,-76.0,-62.0,-74.0,-2.6719809469773628,-1.8840032457480638,-3.0861536291776135,-2.196130252879203,0.17809803237169478,0.15260978310590065,0.5577937307054026,0.29285903664441654,-4.816298007965088,7.121558666229248,0.3589896261692047
1751125215.060513,d500a44f-2051-d64b-3d63-8985cc792954,8f2b4fb8-bb36-537a-605f-4dc5f673810e,2,-67.0,-70.0,-54.0,-67.0,-2.618789896841319,-1.9035997171552481,-3.1415468472190438,-2.2200289278693566,0.16613153413234405,0.17149868590096481,0.5271430768245444,0.275859080721032,,,
1751125216.032876,d500a44f-2051-d64b-3d63-8985cc792954,dfeba53e-8faf-4713-d0b5-19eea1321430,1,-69.0,-70.0,-53.0,-66.0,-2.605247722698266,-1.9136178633858536,3.1251870486426867,-2.3099803894800908,0.19721396964968818,0.17709471972052104,0.3929605375387426,0.23107874271589257,-4.915553092956543,7.021392822265625,0.3221772015094757
1751125217.053864,d500a44f-2051-d64b-3d63-8985cc792954,c35e57d4-ddd1-312a-7795-75464cd7623d,8,-72.0,-71.0,-56.0,-75.0,-2.6319866589909884,-1.8634323236980188,-3.091097787741346,-2.3284510095364443,0.1551124388060322,0.25042046612005425,0.4044101994342931,0.25891007439825203,-5.014737606048584,6.999749183654785,0.2800524830818176
1751125218.033099,d500a44f-2051-d64b-3d63-8985cc792954,b1ed7091-4e02-3fdb-079f-7b3473c78b30,15,-69.0,-75.0,-60.0,-76.0,-2.626080832957629,-1.9283553973841887,-3.0922714428337437,-2.3372940359360523,0.20988707110526417,0.31201811713206923,0.48426252142776977,0.25817862056010493,-5.126070499420166,7.135435581207275,0.26871076226234436
1751125219.055498,d500a44f-2051-d64b-3d63-8985cc792954,4704eb97-7497-b527-94ce-cc4156625155,1,-66.0,-71.0,-56.0,-74.0,-2.582596738678815,-1.8480005036035003,-3.105867679146925,-2.2708572214862817,0.19272497860576424,0.36658578852508844,0.4772466232730379,0.2600644382175037,-5.18784236907959,7.2613325119018555,0.30138301849365234
1751125220.061795,d500a44f-2051-d64b-3d63-8985cc792954,7c1e1e0b-767d-5cb6-8ad4-fc884fa9ac72,22,-65.0,-75.0,-58.0,-70.0,-2.6349603446641714,-2.2498411520600303,-3.085563472680052,-2.1335769930890405,0.20577262037914623,0.3586769990358801,0.6263507209884991,0.3068447935565358,-5.16075897216797,7.425913333892822,0.32557442784309387
1751125221.032933,d500a44f-2051-d64b-3d63-8985cc792954,429d7ded-dfb8-95dd-6c4a-0485ebf3c26a,11,-68.0,-73.0,-55.0,-67.0,-2.6222951494680813,-2.6669611546386722,3.112402277513653,-2.218089747121615,0.25120168778107216,0.3393754394299082,0.3649245419266106,0.3412499719421877,-5.118277549743652,7.52210569381714,0.37498268485069275
1751125222.033349,d500a44f-2051-d64b-3d63-8985cc792954,ee8fa70a-e48b-4ed8-fb74-4db5fe465f6e,26,-72.0,-82.0,-56.0,-73.0,-2.677735771776915,-2.4953284118663355,3.126057369686925,-2.2051048394366615,0.22346826055828675,0.3797781897484731,0.4777412388664928,0.3955391765537255,-5.089722633361816,7.598687171936035,0.4391239583492279
1751125223.054672,d500a44f-2051-d64b-3d63-8985cc792954,1335a241-efc4-8d02-7c03-9cc5ce567933,10,-69.0,-74.0,-54.0,-70.0,-2.6402879984248746,-2.0366531094283697,3.110323946598955,-2.1354120442381594,0.17806647391277733,0.2958607187985585,0.5280685918823742,0.26959071523952843,-5.127488136291504,7.687324047088623,0.44236359000206
1751125224.055005,d500a44f-2051-d64b-3d63-8985cc792954,c694e030-8f63-4018-c3f2-873161a76a33,36,-69.0,-80.0,-57.0,-78.0,-2.7194347491770485,-2.054284167951076,3.1035605826945893,-2.17149068647379,0.1788763079107568,0.3301392971638908,0.5658716642133447,0.28260366933971215,-5.205634117126465,7.776631832122803,0.4413297176361084
1751125225.034668,d500a44f-2051-d64b-3d63-8985cc792954,cb0fb1eb-55ae-0220-c590-bc655c167700,5,-68.0,,-53.0,-75.0,-2.711730490459558,,3.0628978412746055,-2.190652663149128,0.16202059544991362,,0.5449558628021348,0.31978279631679063,,,
1751125226.030432,d500a44f-2051-d64b-3d63-8985cc792954,b01ae72f-f1e1-73b6-aac2-7dbe3417a00b,22,-67.0,,-53.0,-89.0,-2.6870730808748418,,3.0868098320702093,-2.160692100885737,0.1638719085264391,,0.5131579524131841,0.3317227794585383,-5.303037643432617,7.91556167602539,0.4805375635623932
1751125227.064387,d500a44f-2051-d64b-3d63-8985cc792954,287f3e04-daec-1248-243c-1f1e9ea15aec,17,-68.0,,-57.0,-68.0,-2.6435815297449756,,3.0818787229958184,-2.292843746813758,0.22312073468078822,,0.4381349734509434,0.4203171607567955,-5.38135528564453,7.97331714630127,0.351103812456131
1751125228.034235,d500a44f-2051-d64b-3d63-8985cc792954,df4680fb-2ca6-31fe-a4bc-72da416a3555,21,-65.0,,-54.0,-69.0,-2.790064710763149,,3.0906447840399234,-2.404054957090486,0.22681886674949953,,0.38580652119197634,0.28082414509932124,-5.4298858642578125,7.99418020248413,0.2536143958568573
1751125229.055416,d500a44f-2051-d64b-3d63-8985cc792954,9aee2b30-1933-8d55-ef15-bf04de2bff74,22,-68.0,,-57.0,-72.0,-2.8924952126097763,,-3.1267053167801415,-2.2867557605618365,0.24425877688496517,,0.5017897832469901,0.29450809928090727,,,
1751125230.086269,d500a44f-2051-d64b-3d63-8985cc792954,a6fcacb7-5764-a721-5ae6-466825a143df,19,-71.0,-82.0,-56.0,-74.0,-2.9483193301155817,-1.824598241840538,-3.114710439230424,-2.301569594125403,0.24975945289273976,0.48939999219712804,0.5618032195950579,0.2508836064783758,-5.50455141067505,8.035045623779297,0.1477087140083313
1751125231.03141,d500a44f-2051-d64b-3d63-8985cc792954,048eec0a-fdc1-9439-eb83-065387777b68,10,-68.0,-79.0,-53.0,-69.0,-2.944186370419888,-2.0664361720051074,3.1161802378360393,-2.280745538613746,0.3319705200189429,0.08855749651715963,0.45081295182026565,0.2882421139996279,-5.5621018409729,8.061156272888184,0.044724781066179276
1751125232.054346,d500a44f-2051-d64b-3d63-8985cc792954,2de01e8f-82ca-a827-4970-8c544956e1d4,36,-74.0,-76.0,-57.0,-73.0,-2.9317736428951373,-2.0439949119215,-3.1056474357247756,-2.28364359051197,0.31344493897559284,0.09009801869447279,0.4377586354994015,0.37400831808876184,,,
1751125233.086115,d500a44f-2051-d64b-3d63-8985cc792954,050ffbf7-de16-4950-8db2-f9c7053790ae,5,-81.0,-72.0,-56.0,-69.0,-2.9047020777822636,-1.9857164251550785,-3.0623942375124713,-2.098406355627073,0.44186809279847555,0.10905650489539363,0.47547309114509956,0.3109563148054546,-5.604615688323975,8.062169075012207,0.057950835675001144
1751125234.086814,d500a44f-2051-d64b-3d63-8985cc792954,6d4c27be-1dc7-6090-e0fb-acbcd6a3a5b8,19,,,-60.0,,,,-3.1321221864373627,,,,0.41671357090678207,,,,
1751125235.034478,d500a44f-2051-d64b-3d63-8985cc792954,334eb162-b776-dde0-3bd0-ab53f79e6529,17,-65.0,-78.0,-56.0,-82.0,-2.7085930203793356,-2.5383224845045746,3.120742232783345,-2.063338249867073,0.3303799470578931,0.10914077729913783,0.4528103892168523,0.1784308609289274,-5.579378128051758,8.04683494567871,0.04920170456171036
1751125236.031448,d500a44f-2051-d64b-3d63-8985cc792954,046ead13-90be-9bc9-fba7-14c10f0d14b4,8,-67.0,-75.0,-56.0,-67.0,-2.548318127023969,-2.5854729526561004,-3.1258602957662593,-2.411422325930081,0.2305062629500664,0.17361245350291754,0.5593259471490661,0.2066909449020328,-5.525891304016113,8.04842758178711,0.1088356152176857
1751125237.063516,d500a44f-2051-d64b-3d63-8985cc792954,9089e942-104b-e807-73ad-a26ceae803ea,6,-72.0,-74.0,-56.0,-67.0,-2.499304777689933,-2.5728714070100636,3.008142716630358,-2.3285229148858764,0.21603379670397835,0.17609793181401803,0.444930261998876,0.2240362295950166,-5.46210527420044,8.012880325317383,0.1658385694026947
1751125238.085971,d500a44f-2051-d64b-3d63-8985cc792954,7aeac469-3bb8-331f-3aa4-e1d67a10d98d,10,-65.0,-76.0,-56.0,-67.0,-2.485200143924655,-2.062823593986415,3.0536849017995853,-2.3369020186235927,0.22954955561796908,0.14000900311867712,0.48039038507133547,0.2504300534999785,-5.42261028289795,7.95099925994873,0.2515895366668701
1751125239.033897,d500a44f-2051-d64b-3d63-8985cc792954,f79515d7-9dba-453d-a5db-ad4cd0a0a666,36,-68.0,-75.0,-59.0,-83.0,-2.873639499459798,-1.9596335585968967,3.095770836506108,-2.2459388221147374,0.29235736367407283,0.1687537657654201,0.49788715369607434,0.25927845615603723,-5.340938568115234,7.712212562561035,0.3469492197036743
1751125240.035103,d500a44f-2051-d64b-3d63-8985cc792954,5127b4f1-8395-4dc9-7fc6-48f4dabe092e,27,-73.0,,-57.0,-75.0,-2.8680878738514184,,3.0801466030228313,-2.293928186009638,0.28156117493100064,,0.6720838548078848,0.1423687136472987,,,
1751125241.031703,d500a44f-2051-d64b-3d63-8985cc792954,d1a5fd09-c6fa-9f8b-b58b-9c2f47240082,27,-73.0,,-58.0,-76.0,-2.9363449589062585,,3.099580222129357,-2.249899741604012,0.27565834495386726,,0.7050049866760901,0.14548730857329506,-5.316174507141113,7.571293830871582,0.5066924691200256
1751125242.064388,d500a44f-2051-d64b-3d63-8985cc792954,4a1c42df-114c-c507-5920-a4431905a749,3,-70.0,,-59.0,-69.0,-3.0166339394499673,,3.1330060896031595,-2.2121695400183694,0.30574141262740234,,0.7098973467566201,0.14244045254916268,-5.3859992027282715,7.56166934967041,0.6221715807914734
1751125243.03441,d500a44f-2051-d64b-3d63-8985cc792954,0ef552d1-e563-bb12-a249-8145f19d674c,16,-67.0,,-52.0,-88.0,3.00664442220108,,3.0808422206995596,-2.2389557474204405,0.29131686663617895,,0.6540875437416743,0.16822659302763895,-5.467259883880615,7.547185897827148,0.7110241651535034
1751125244.087464,d500a44f-2051-d64b-3d63-8985cc792954,6ea30a18-4dfa-b5e1-588b-323b79b44835,22,-66.0,,-53.0,-73.0,2.709297692803771,,3.0120224097063857,-2.2329756191926675,0.27418876273009113,,0.5839405464192597,0.21522581027400514,,,
1751125245.085841,d500a44f-2051-d64b-3d63-8985cc792954,0520d3cc-26af-f120-2e09-e95e6a6ef687,3,-68.0,-76.0,-51.0,-67.0,2.7062872555075455,-2.3793091305575786,3.044646133059856,-2.1206759749784245,0.26117114809799974,0.5170280248197735,0.6098313324838193,0.24154360092984534,-5.5818610191345215,7.52316951751709,0.784965217113495
1751125246.032493,d500a44f-2051-d64b-3d63-8985cc792954,d6631f02-2467-7fba-90d1-c2686cad30d0,32,-68.0,-78.0,-56.0,-73.0,2.8517123626246303,-2.5269510529660457,3.01316756897512,-2.0996541797558295,0.45195118687016544,0.408945562770698,0.526089796613418,0.24791210126833585,-5.729989528656006,7.5087080001831055,0.7983318567276
1751125247.063796,d500a44f-2051-d64b-3d63-8985cc792954,14ccd027-d3eb-9a80-50b5-f3670206c527,29,-71.0,-85.0,-54.0,-70.0,2.8710447816097333,-2.4492549260596377,2.9629041318254004,-2.128426839014991,0.6035254996547297,0.3339741825545776,0.6307409420454947,0.28799670370517716,,,
1751125248.086631,d500a44f-2051-d64b-3d63-8985cc792954,a8dcfb17-5a08-feb2-3862-830c1189d1b3,36,-65.0,-80.0,-60.0,-76.0,2.9760239286195667,-1.9432248910145373,2.9999417783695685,-2.168923665499063,0.610526151212221,0.2531185312651703,0.6623975384491031,0.32919717063876164,-5.929003715515137,7.51941156387329,0.8039467930793762
1751125249.055769,d500a44f-2051-d64b-3d63-8985cc792954,952c19ab-f879-6175-3589-03ed3b49bb46,9,-67.0,-80.0,-52.0,-72.0,2.844299187414286,-1.9096038138328317,3.0225333738967106,-2.2425166601139854,0.4172613498534977,0.24911143922049625,0.6475949567411428,0.267540563898115,-6.096463680267334,7.514901161193848,0.8144572973251343
1751125250.034781,d500a44f-2051-d64b-3d63-8985cc792954,98bee5bb-27c2-2b4d-2b9e-a98eaf8a4e22,23,-69.0,-74.0,-52.0,-69.0,2.8565300210365834,-1.9539012375085558,3.018848091580259,-2.289724652545057,0.4455972839833999,0.18796015065193533,0.6860889529274208,0.2702574709079434,-6.24297332763672,7.5176568031311035,0.8295705914497375
1751125251.032117,d500a44f-2051-d64b-3d63-8985cc792954,113ec42b-bd73-5c18-aa81-862935f22c27,3,-72.0,-75.0,-56.0,-70.0,2.921382254637757,-1.9458703420833672,3.0598298796988344,-2.0598778715046784,0.437294513100428,0.13517956021890018,0.5179691193699804,0.2768134910766891,-6.329895973205566,7.514530181884766,0.844175636768341
1751125252.065233,d500a44f-2051-d64b-3d63-8985cc792954,5b8ea6f5-3b5c-e01f-cc52-80fba29b5118,20,-69.0,-74.0,-54.0,-73.0,2.8929258457580427,-1.9691182736611597,3.1045768449665636,-2.0965211038914053,0.4916824211198669,0.1517023442539698,0.464810360062154,0.2838607812427705,-6.344750881195068,7.5839362144470215,0.80505508184433
1751125253.034903,d500a44f-2051-d64b-3d63-8985cc792954,ec754a4b-a0f1-0598-d9d7-63cb9f8ac5b7,20,-69.0,,-56.0,-82.0,2.8774257155815635,,3.1103873298328986,-2.1160890794749263,0.48838209873898614,,0.5082628625925367,0.2990595081628799,-6.309948921203613,7.618501663208008,0.7917587161064148
1751125254.056224,d500a44f-2051-d64b-3d63-8985cc792954,1104ad7c-b8ae-a008-895b-4f6f48e3a254,32,-71.0,,-56.0,-69.0,2.8554466471051394,,3.0469359189651066,-2.1509900718765236,0.572588289640579,,0.5733794482214142,0.3054924736445072,-6.1992950439453125,7.526072025299072,0.7952056527137756
1751125255.033852,d500a44f-2051-d64b-3d63-8985cc792954,d8f77981-633e-fcaf-b785-07a417791024,25,-68.0,,-54.0,-73.0,2.8964353594425485,,3.0587156130987454,-2.222375705421934,0.5770737852855722,,0.6699859496591749,0.39796235354007503,,,
1751125256.032712,d500a44f-2051-d64b-3d63-8985cc792954,decc034a-65b2-f3ce-a0a4-96de1d4be69e,9,-66.0,,-58.0,-68.0,2.8570754364278317,,3.1025246130305484,-2.2118077495842816,0.6123447573416089,,0.7236296040224773,0.4259128616812155,-6.058916091918945,7.421461582183838,0.7847196459770203
1751125257.034106,d500a44f-2051-d64b-3d63-8985cc792954,7f875f7e-3c0f-0e25-342a-77acd29b5e94,17,-69.0,,-58.0,-72.0,-2.641138878393155,,3.0999663804874187,-2.2612637162914893,0.6366833199648158,,0.6098582304108291,0.3401737552561731,,,
1751125258.035025,d500a44f-2051-d64b-3d63-8985cc792954,b847f49b-a21c-450c-153d-f9c5f1b831ee,25,-79.0,-75.0,-59.0,-68.0,-2.903042129474817,-2.096653596155637,3.1332409804113044,-2.4017606438113828,0.5321354386040069,0.5933787227434734,0.6022872629058973,0.3249911737501723,-5.922659873962402,7.369328022003174,0.757738709449768
1751125259.05551,d500a44f-2051-d64b-3d63-8985cc792954,5abb282f-a5d6-bc1b-86d0-66b738b35e5e,2,-77.0,-84.0,-57.0,-68.0,-2.8390554232279195,-1.9766233279291119,-3.1219885921735018,-2.282120795000663,0.44027921760262073,0.5113129809890045,0.5679689701508093,0.21818596375989865,-5.720190048217773,7.2806134223938,0.7348363399505615
1751125260.035663,d500a44f-2051-d64b-3d63-8985cc792954,bc6f050c-6bb9-8a15-332c-aaba6c25c2a6,13,-63.0,-74.0,-55.0,-70.0,-2.9308950660515203,-2.133565008864135,3.0950970567503178,-2.2954563078431254,0.4878298589974446,0.5229812884100504,0.5034609501205285,0.17065845857704476,-5.51528263092041,7.191492080688477,0.718999981880188
1751125261.032042,d500a44f-2051-d64b-3d63-8985cc792954,b8255a15-5186-2c0e-5ec0-0cf338486cee,14,-64.0,-86.0,-57.0,-69.0,-3.0056848852603246,-2.069780569702029,3.092343880815394,-2.4129022445478383,0.5582042236979248,0.2956280916773401,0.6032556548572774,0.21714844613347423,-5.334889888763428,7.09749460220337,0.6851173043251038
1751125262.035862,d500a44f-2051-d64b-3d63-8985cc792954,2db4d740-8646-86d7-fc0e-9a7be7b898a4,9,-71.0,-79.0,-59.0,-70.0,-2.8209390035965467,-2.0592351175755876,3.085527253689227,-2.4414436082663262,0.4926852011388226,0.2043458318251363,0.6611441882610847,0.21982324190856575,,,
1751125263.034417,d500a44f-2051-d64b-3d63-8985cc792954,92d1c38e-27d9-f254-112a-6012dc8afcd1,15,-67.0,-74.0,-54.0,-72.0,-2.8496838328223166,-2.064581546621976,-3.1370865850253793,-2.402510589974349,0.4622943719118152,0.18441506712211952,0.6608803355760849,0.2423033674993313,-5.1596832275390625,7.09034538269043,0.6646147966384888
1751125264.056299,d500a44f-2051-d64b-3d63-8985cc792954,3dad67aa-ddf8-c30d-ddfa-8bf27cd99d03,3,-69.0,,-55.0,-71.0,-2.8902557604491292,,3.0840374813754363,-2.3498263393937475,0.39694971982508603,,0.6242153984264736,0.24004329248499237,,,
1751125265.062908,d500a44f-2051-d64b-3d63-8985cc792954,fb535b2c-6618-53be-d234-21fb3352f900,30,-73.0,-80.0,-57.0,-76.0,-2.8830495128554836,-2.0652759658762148,3.0697624053003936,-2.3320215096099135,0.2856860452748835,0.21238529930008343,0.6334318000109108,0.2192282584315284,-5.008846759796143,7.067223072052002,0.642773687839508
1751125266.032626,d500a44f-2051-d64b-3d63-8985cc792954,8b324a62-4080-89ca-087b-1e788312243a,1,-69.0,-79.0,-54.0,-70.0,-2.8244181572446263,-2.051231919025736,3.0290767606950353,-2.1064012983775453,0.21035282469040542,0.13487888933183023,0.5075518318709992,0.17840774136171417,,,
1751125267.062038,d500a44f-2051-d64b-3d63-8985cc792954,1c8d1205-54d9-3592-a279-a3f48a3849fb,29,-73.0,-81.0,-57.0,-82.0,-2.7102622897505975,-2.0711451734445854,3.007702762418278,-2.3072562420010487,0.21551987319262034,0.09979637753480868,0.6520233275807539,0.23752447472599542,-4.92353105545044,7.026569843292236,0.6068466901779175
1751125268.035922,d500a44f-2051-d64b-3d63-8985cc792954,8849ad06-7e62-14d3-b565-0a602df16324,13,-68.0,-75.0,-56.0,-63.0,-2.6017331490076883,-2.0432609447250742,3.0036105490872615,-2.444652451063763,0.20898367692923892,0.12148368006905765,0.43021496539564313,0.1710406221934712,-4.92445182800293,7.023080825805664,0.5470100045204163
1751125269.034528,d500a44f-2051-d64b-3d63-8985cc792954,2d9caf88-b60b-c436-abac-550b9cda434a,35,-68.0,-76.0,-57.0,-75.0,-2.6672780708083916,-2.108635557374067,2.9922393838648413,-2.406106390078174,0.17858292742717094,0.1588299953059442,0.5771388329951973,0.2817689347855405,,,
1751125270.062353,d500a44f-2051-d64b-3d63-8985cc792954,895e7d14-7b43-8d54-3a49-ddc47cfffc35,8,-74.0,-75.0,-57.0,-69.0,-2.6304039423551546,-2.093226906781032,3.0248236924341785,-2.4332943353306837,0.13865700777940637,0.16331086370854342,0.5205436304852736,0.27843244334810513,-4.932836055755615,7.109745979309082,0.4985550343990326
1751125271.034819,d500a44f-2051-d64b-3d63-8985cc792954,79bc1f0a-b66a-776a-ad05-092e2cd22dd1,29,-70.0,-80.0,-58.0,-80.0,-2.73172097655002,-2.153154822368595,3.027568878885832,-2.4197670748897355,0.14371692230439445,0.11473334068689858,0.6423264251566392,0.31615633657091613,-4.972139358520508,7.22797393798828,0.4801725447177887
1751125272.064478,d500a44f-2051-d64b-3d63-8985cc792954,e12fb821-9946-07ef-01d4-7e02c2979c70,6,-64.0,,-53.0,,-2.6416355579364548,,3.0360031100581137,,0.14491601058520262,,0.4368197713466077,,-5.0082244873046875,7.3394513130188,0.4530540704727173
1751125273.034886,d500a44f-2051-d64b-3d63-8985cc792954,72f85546-0fb6-3a19-a000-d41bf82f2dbd,3,-65.0,,-52.0,,-2.6219380195659014,,3.0278719466178834,,0.19374412042066713,,0.3940113876153743,,-5.05542278289795,7.487309455871582,0.42706024646759033
1751125274.087375,d500a44f-2051-d64b-3d63-8985cc792954,e22b1201-a8a7-7168-4d70-fe67ec5a88e2,19,-71.0,,-58.0,,-2.612343715422782,,3.0276157505210177,,0.20975149956102232,,0.35794609447470793,,-5.10514259338379,7.64349603652954,0.3965478837490082
1751125275.036593,d500a44f-2051-d64b-3d63-8985cc792954,143fb806-e002-5e4e-f09c-fb7f0998c599,5,-67.0,,-56.0,,-2.6285075053429092,,3.0671802043074528,,0.2750007272569427,,0.37843948524751747,,-5.202046871185303,7.734788417816162,0.36537864804267883
1751125276.031841,d500a44f-2051-d64b-3d63-8985cc792954,fda113f3-f770-b132-300a-a859dbb3ba94,13,-68.0,,-51.0,,-2.667090051635432,,3.0869232827326463,,0.27447491938922014,,0.26793755799286173,,,,
1751125277.06527,d500a44f-2051-d64b-3d63-8985cc792954,e020407b-3c9a-0f0a-488c-a4b34d5c03c3,36,-66.0,,-58.0,-74.0,-2.785366095651922,,3.109678928982938,-1.8513658071149788,0.3273070919236188,,0.3974943695575208,0.6960568985714783,-5.1492085456848145,7.5524640083313,0.31020960211753845
1751125278.055754,d500a44f-2051-d64b-3d63-8985cc792954,26efcf6f-c779-33a6-b0f9-15a1cc2b0d67,14,-67.0,-73.0,-56.0,-70.0,-2.7063181481761904,-1.951258050126652,3.052528557254273,-1.9615134840103836,0.29270986633385854,0.3369334205788464,0.3015191038771362,0.7478162333054955,-5.083703994750977,7.403415203094482,-0.2433888465166092
1751125279.055443,d500a44f-2051-d64b-3d63-8985cc792954,2e3e8b7e-b1ee-2caf-e4e3-c1c8c022bbb1,35,-64.0,-86.0,-58.0,-74.0,-2.756791176103699,-1.9024791921265973,3.1367739299134034,-2.0121333852720102,0.2696276665996533,0.3814602755824807,0.4700560550403103,0.8377187593311995,-5.025311470031738,7.3349409103393555,-0.5862510204315186
1751125280.06208,d500a44f-2051-d64b-3d63-8985cc792954,52f8c915-1340-5e1d-55b3-375367bb586f,34,-67.0,-81.0,-60.0,-75.0,-2.7570052942553414,-1.897708005875666,-3.140928993846145,-1.9624265487901174,0.2408963862059288,0.42739434490611294,0.4860839904553296,0.6666653872540096,-4.884309768676758,7.196385860443115,-0.811314344406128
1751125281.03225,d500a44f-2051-d64b-3d63-8985cc792954,98cafe56-ec8c-acb4-9d5c-a814955bbc80,11,-69.0,-72.0,-57.0,-73.0,-2.707477688514811,-1.9079927345313883,-3.106287127018613,-2.0002218646644128,0.2472281682108899,0.272082235597352,0.4088164327473428,0.8171240019893987,-4.749369144439697,6.993569374084473,-1.0519553422927856
