create_time,idppe,idbeacon,bluetooth_channel,rssi_1,rssi_2,rssi_3,rssi_4,az_1,az_2,az_3,az_4,el_1,el_2,el_3,el_4,x,y,z
1755134131.220639,72828ff7-3ccc-0c5d-596b-8331ba7d4f39,7e2f1abe-2ea6-6a8f-1b3e-a83d4ae8fdd2,6,NaN,NaN,-76.0,-79.0,NaN,NaN,1.2271899566306932,2.541323600736985,NaN,NaN,0.608639368158927,0.26680083761583184,-2.136664628982544,3.441467761993408,-0.671907901763916
1755134132.266359,72828ff7-3ccc-0c5d-596b-8331ba7d4f39,daa20572-c779-b68c-3383-bb8aed50eec8,21,-78.0,-80.0,-77.0,-80.0,2.2158506944351313,-1.5638551968877685,1.2353115326909987,2.5857222245341323,0.283534610588263,0.2905139901465473,0.5937460392368223,0.2757288854332408,-2.2801425457000732,3.1056528091430664,-0.767486572265625
1755134133.265779,72828ff7-3ccc-0c5d-596b-8331ba7d4f39,20a2e661-23c3-b2fc-c5ad-b4b1b86d0ffd,33,-80.0,-87.0,-86.0,-78.0,2.257457260145439,-1.5364607234927228,1.3936396552895176,2.5787548624902668,0.27700522203041805,0.3395301357997282,0.6577615742025205,0.2969875022557711,-2.4139564037323,2.798739194869995,-0.8563109636306763
1755134134.221498,72828ff7-3ccc-0c5d-596b-8331ba7d4f39,c43833e1-f1ea-a5ff-8a54-679e98aacd5b,22,NaN,-87.0,-74.0,-93.0,NaN,-1.4840110974041574,1.4282714021049079,2.675637999786259,NaN,0.3382461259696601,0.6016304608020566,0.27639657320803723,-2.5431692600250244,2.50959038734436,-0.9596675634384155
1755134135.265898,72828ff7-3ccc-0c5d-596b-8331ba7d4f39,e2e7733f-6b74-98fb-2473-bba7f9c2fd7e,8,NaN,-82.0,-75.0,-97.0,NaN,-1.441379480990278,1.4083941003607745,2.867130467439535,NaN,0.28998611832897997,0.5531662885743083,0.36194682822227936,-2.728196620941162,2.18773365020752,-1.0385745763778687
1755134136.264668,72828ff7-3ccc-0c5d-596b-8331ba7d4f39,fd395ab1-aa6a-b035-76dd-887dc986bc01,27,NaN,-77.0,-75.0,-75.0,NaN,-1.4335244873550892,1.5293671276131877,2.7203679208230125,NaN,0.23773632919071122,0.5059825974881836,0.3541500246569089,-3.0656917095184326,1.8198679685592651,-0.819939374923706
1755134137.221,72828ff7-3ccc-0c5d-596b-8331ba7d4f39,cca1b9be-12df-07dc-9645-0c131931f850,28,NaN,-82.0,-77.0,-79.0,NaN,-1.4388223137115839,1.5054918884406274,2.5695371293252847,NaN,0.19539677832462943,0.39674139404881453,0.40717199735324616,-3.414581537246704,1.7441487312316895,-0.652118444442749
1755134138.261485,72828ff7-3ccc-0c5d-596b-8331ba7d4f39,2b86c0c7-bfd0-c7b5-c213-72e8d396948b,26,NaN,-73.0,-76.0,-79.0,NaN,-1.439089695085028,1.5149061628940577,2.507579219196809,NaN,0.19120201664688877,0.3341117681143938,0.3727911203125411,-3.815901279449463,1.637317419052124,-0.4737244248390198
1755134139.263751,72828ff7-3ccc-0c5d-596b-8331ba7d4f39,534dd31f-1ead-9e87-f0d0-26198df098d1,12,-86.0,-79.0,-81.0,-92.0,2.2713179483548656,-1.4725915958079523,1.4797258048941109,2.5105843301708544,0.47745871076434904,0.308052071057696,0.35926655632219645,0.46511063147506043,-4.310741901397705,1.5326482057571411,-0.3756958544254303
1755134140.221618,72828ff7-3ccc-0c5d-596b-8331ba7d4f39,58ebaadb-4449-bcf5-abc4-2abec806f71f,6,-82.0,-81.0,-75.0,-88.0,2.2502464851779407,-1.4780458828784888,1.4984313157586095,2.5362625294013985,0.47267267739034036,0.3256174160805043,0.36916739030678397,0.461735341109494,-4.578073024749756,1.5586144924163818,-0.329789012670517
1755134141.266179,72828ff7-3ccc-0c5d-596b-8331ba7d4f39,2bead912-57e9-3173-8121-54f71e85dea9,30,-85.0,-85.0,-82.0,-75.0,2.1870624556835927,-1.376013789930937,1.5589734894515987,2.5725555561047804,0.6289349193522574,0.2876056850781263,0.37906715902693555,0.43648038475519074,-4.845110893249512,1.5267006158828735,-0.3748510777950287
1755134142.268211,72828ff7-3ccc-0c5d-596b-8331ba7d4f39,9d8b185d-7f91-1db5-6c70-2850d7627006,5,-81.0,-78.0,-76.0,-84.0,2.2337972043889573,-1.6654746330244126,1.5707249540776824,2.6603131056095077,0.6386573881228368,0.17617955770142896,0.3986772125556795,0.5356553386167647,-5.116954803466797,1.4950251579284668,-0.4425744414329529
1755134143.269173,72828ff7-3ccc-0c5d-596b-8331ba7d4f39,c7214def-c553-2eec-fe94-a8ee720804f1,19,-78.0,NaN,-76.0,-94.0,2.232200372999346,NaN,1.4848491941992055,2.673652346877496,0.6134098220405588,NaN,0.3553150577652777,0.3628775697337484,-5.329336166381836,1.4711772203445435,-0.7552412152290344
1755134144.221731,72828ff7-3ccc-0c5d-596b-8331ba7d4f39,09db454b-02e8-86d1-603f-195deba8f56a,17,-80.0,NaN,-74.0,-94.0,2.3907980075001807,NaN,1.4778930174319183,2.754868640112771,0.4926820719245418,NaN,0.36748467197201745,0.3462216276441749,-5.51173210144043,1.5807312726974487,-0.706343710422516
1755134145.221435,72828ff7-3ccc-0c5d-596b-8331ba7d4f39,977e168d-8cd4-1ab4-6c5a-e3ee48da4934,7,-87.0,NaN,-77.0,-86.0,2.3840431657113035,NaN,1.5132608619726067,2.769103236139244,0.520180441891614,NaN,0.3096562261403052,0.5085205234280019,-5.703982830047607,1.7427033185958862,-0.6250703930854797
1755134146.266264,72828ff7-3ccc-0c5d-596b-8331ba7d4f39,35e952cb-e9a8-8adc-f9b8-8347d97e01ae,0,-86.0,NaN,-85.0,-80.0,2.402979306326203,NaN,1.564897957612589,2.78569419709822,0.44912347571423294,NaN,0.30331194392297756,0.28857324479166563,-5.756990909576416,1.9370466470718384,-0.501847743988037
1755134147.221835,72828ff7-3ccc-0c5d-596b-8331ba7d4f39,b409ccbc-c00a-29b4-df09-df3f9dcb0b41,28,NaN,NaN,-77.0,-78.0,NaN,NaN,1.5779921880602905,2.7190294160591386,NaN,NaN,0.3713417614682928,0.4796592141940543,NaN,NaN,NaN
1755134148.262919,72828ff7-3ccc-0c5d-596b-8331ba7d4f39,5b44bbad-6f29-63e3-6853-d55c4af0023a,19,-75.0,-78.0,-75.0,-81.0,2.5022252001413134,-1.4369714167539789,1.6227306312125316,2.6974210596064534,0.3856424038898003,0.227874627029391,0.25482087376821944,0.4677569813607585,-5.786243438720703,2.122144937515259,-0.47103238105773926
1755134149.265824,72828ff7-3ccc-0c5d-596b-8331ba7d4f39,6e67cfcc-9b67-894d-5b93-afd2221a6805,34,-81.0,-83.0,-81.0,-73.0,2.4971454866780967,-1.4956664219148892,1.6873809972030775,2.6913059091114135,0.4091038876975033,0.19854165532163354,0.26507024896047116,0.43905216613036663,-5.782581329345703,2.3366124629974365,-0.4176996946334839
1755134150.266395,72828ff7-3ccc-0c5d-596b-8331ba7d4f39,bbb5ae89-e09a-83f0-c0e7-d9da801dc8b2,12,-80.0,-79.0,-76.0,-79.0,2.443794913192757,-1.4867201980230402,1.7237943987877309,2.670652029593413,0.41963312783080864,0.14516952687622137,0.42038101004393014,0.5581682044441815,-5.815960884094238,2.546408176422119,-0.32271313667297363
1755134151.231126,72828ff7-3ccc-0c5d-596b-8331ba7d4f39,31031c16-eef4-f347-e575-e1b7ff5a8fde,17,-82.0,-79.0,-75.0,NaN,2.4481129625842115,-1.4247760031741792,1.7202257629270246,NaN,0.3580837466135513,0.14475756914509968,0.24992545105243577,NaN,-5.88810920715332,2.720736503601074,-0.2012767195701599
1755134152.222111,72828ff7-3ccc-0c5d-596b-8331ba7d4f39,7d454d79-c0f8-e99b-86ac-8170ac2a8df2,17,-76.0,-88.0,-80.0,-79.0,2.365108622993058,-1.5055542064101353,1.6480594237080572,2.601621828874123,0.29168784497602696,0.1840778110595746,0.3854640386757922,0.5698941693028275,-5.947524547576904,2.9018988609313965,-0.01078624278306961
1755134153.262853,72828ff7-3ccc-0c5d-596b-8331ba7d4f39,b5b027b8-1810-45c7-0461-27f774796526,8,-87.0,-83.0,-78.0,-77.0,2.418047471773871,-1.4799333983010825,1.719428945128873,2.7852835376581297,0.3099660849331359,0.20574194409233992,0.3778856476093219,0.5747284724715939,-6.000774383544922,3.0418262481689453,-0.046995192766189575
1755134154.267209,72828ff7-3ccc-0c5d-596b-8331ba7d4f39,f3a53601-5ddf-158f-4ef0-65a69942ce4d,27,-77.0,-79.0,-74.0,-74.0,2.443452430676573,-1.4709939654700135,1.7351447913536484,2.5390599138104175,0.3501686986957813,0.186999348709662,0.33687696156373675,0.5839484027444755,-6.111259937286377,3.1746368408203125,0.20884688198566437
1755134155.265724,72828ff7-3ccc-0c5d-596b-8331ba7d4f39,de5b5884-6862-b7c2-0a2d-a0d2d0f51fc9,13,-80.0,-78.0,-80.0,-81.0,2.3883532256194875,-1.4539141812929541,1.7432914011282008,2.498120736269284,0.31287901724395106,0.19747409390916168,0.39307891504919673,0.5756241601252148,-6.223752975463867,3.19210958480835,0.16184933483600616
1755134156.221454,72828ff7-3ccc-0c5d-596b-8331ba7d4f39,2f25326a-2265-1505-ff12-8aba5cb2f14c,26,-77.0,-90.0,-74.0,-72.0,2.3016902353227833,-1.5186783974201006,1.685320243151574,2.4325574386570588,0.2408127130134299,0.25404467882375903,0.37653236230139814,0.5821919814265408,-6.31662368774414,3.1444928646087646,0.11676045507192612
1755134157.267557,72828ff7-3ccc-0c5d-596b-8331ba7d4f39,f483c116-a617-da6d-1ac6-9dc0c25ff736,17,NaN,-80.0,-85.0,NaN,NaN,-1.5666212891539797,1.6735725069510166,NaN,NaN,0.25550469031236767,0.30727842276102796,NaN,-6.3890838623046875,3.0403764247894287,0.0892769545316696
1755134158.262168,72828ff7-3ccc-0c5d-596b-8331ba7d4f39,fcbf12b1-a24a-a3d0-1889-176b01e809d0,27,NaN,-79.0,-79.0,-75.0,NaN,-1.601192848528734,1.6687985243809405,2.4238430429381017,NaN,0.24854045748278325,0.26018346487347344,0.6329696749827548,-6.390594482421875,2.9460272789001465,0.14473913609981537
1755134159.221407,72828ff7-3ccc-0c5d-596b-8331ba7d4f39,1bcbda87-54d3-3f06-59b6-b0c4ad0fb3ef,22,NaN,-76.0,-75.0,-78.0,NaN,-1.504520633591076,1.6695479379116889,2.4156010919965243,NaN,0.26191262207974825,0.24938030197729652,0.5182574398474951,-6.325778007507324,2.865748405456543,0.186949148774147
1755134160.225116,72828ff7-3ccc-0c5d-596b-8331ba7d4f39,201b40ed-0d9a-148b-09f5-e5c9ffa90759,12,NaN,-80.0,-70.0,-85.0,NaN,-1.4913266677605508,1.6338429371769965,2.432464228018906,NaN,0.35615481903600693,0.31887851996865424,0.7154327270823497,-6.2831854820251465,2.821258306503296,0.2440088987350464
1755134161.264185,72828ff7-3ccc-0c5d-596b-8331ba7d4f39,fdbf13d0-5108-3827-615d-83992fbadbc1,32,NaN,-85.0,-82.0,-86.0,NaN,-1.4180342108746433,1.6677513694403214,2.4173182982674075,NaN,0.24995824122335736,0.26795575071205835,0.6337294748417542,-6.27269697189331,2.759922742843628,0.2098120152950287
1755134162.264768,72828ff7-3ccc-0c5d-596b-8331ba7d4f39,7ab18ce9-b560-c540-aeb3-0a9f5968eb7b,22,NaN,-76.0,-73.0,-81.0,NaN,-1.610665579368091,1.7012970791631772,2.450840572172671,NaN,0.1521335932582377,0.2926841335398256,0.6627091282966422,-6.250011920928955,2.6888415813446045,0.16273382306098938
1755134163.220451,72828ff7-3ccc-0c5d-596b-8331ba7d4f39,2fd3a594-bf5b-b231-9231-196a7debcd2b,1,NaN,-83.0,-75.0,-80.0,NaN,-1.6327959153944318,1.694162470602855,2.514326604134634,NaN,0.10631537976440233,0.3847745129800571,0.6860551307815768,-6.2047295570373535,2.6610560417175293,0.27016693353652954
1755134164.266073,72828ff7-3ccc-0c5d-596b-8331ba7d4f39,866656d3-6e5b-54a8-6287-657c2b527345,29,NaN,-84.0,-75.0,-83.0,NaN,-1.6544305039838538,1.754999722544625,2.5373384464817903,NaN,0.14601930829055199,0.2417586345431124,0.5751886001289322,-6.217065811157227,2.619171142578125,0.2356131672859192
1755134165.2206,72828ff7-3ccc-0c5d-596b-8331ba7d4f39,23bfe14e-2821-7516-0793-8faee3c2e77a,34,NaN,-86.0,-80.0,-81.0,NaN,-1.6146114519972075,1.7576021635618506,2.4490754290021663,NaN,0.22077796851460232,0.2597418295409542,0.5640467996553951,-6.245725631713867,2.5770444869995117,0.24270202219486237
1755134166.22034,72828ff7-3ccc-0c5d-596b-8331ba7d4f39,6251cbfa-5e31-8d25-a21e-2084ff3b8e3a,19,NaN,-84.0,-75.0,-87.0,NaN,-1.6070620560971052,1.7586429269158537,2.537528063551404,NaN,0.26387360745891447,0.3268753602214033,0.530701526094081,-6.286247730255127,2.5450596809387207,0.22547028958797455
1755134167.267422,72828ff7-3ccc-0c5d-596b-8331ba7d4f39,8bddb27c-8acc-a38f-0ba8-e0d08c84f177,23,-78.0,-75.0,-82.0,-85.0,2.370855191993231,-1.5450242511359271,1.720242807158001,2.5468049188925863,0.3495620305994613,0.20610298551237058,0.41433603384361384,0.4769922580994217,-6.2757306098938,2.5490763187408447,0.17403297126293182
1755134168.263098,72828ff7-3ccc-0c5d-596b-8331ba7d4f39,6927e4a0-4f56-1ead-c630-496d3e75624c,10,-88.0,-79.0,-78.0,-81.0,2.2688651769909027,-1.530237182341317,1.6370429915428357,2.493833579546474,0.31694999186527334,0.1663060377627715,0.4893093781410381,0.4184676619587627,-6.264745712280273,2.5681865215301514,0.08731408417224884
1755134169.268669,72828ff7-3ccc-0c5d-596b-8331ba7d4f39,dc96b07d-00b4-dc38-4896-c0aa6c9c8af5,30,-79.0,-82.0,-82.0,-78.0,2.4354741326829137,-1.505844757285063,1.596817008541625,2.4271996911760376,0.2384046661110234,0.15501721415230504,0.4340587057969545,0.3535942229374094,-6.300912857055664,2.5788276195526123,0.0398331731557846
1755134170.221986,72828ff7-3ccc-0c5d-596b-8331ba7d4f39,c254c6d9-cf26-6a2f-ca30-3bcaa7837534,9,-86.0,-82.0,-80.0,-77.0,2.409900861999319,-1.464051370824286,1.6151864284765554,2.397074012925061,0.2315523692710064,0.14294909967261096,0.7357263474838899,0.3989109715203612,-6.305577278137207,2.553274154663086,0.00984315946698189
1755134171.264823,72828ff7-3ccc-0c5d-596b-8331ba7d4f39,2e077454-5f44-c508-1aad-ee6c53ae3ceb,34,-86.0,-85.0,-81.0,-80.0,2.3994665968483884,-1.4963218258591577,1.64378238699739,2.4129784109550143,0.1927588673306355,0.20412354109789874,0.6113271634890894,0.4148265881164064,-6.2885355949401855,2.489992380142212,-0.017497126013040543
1755134172.22214,72828ff7-3ccc-0c5d-596b-8331ba7d4f39,42e22789-746e-be33-acc2-060c7ae06f83,32,-82.0,-82.0,-81.0,-81.0,2.325163337170742,-1.4498470016761853,1.6818112620992856,2.6293314873841798,0.1943462444983772,0.20169122614005894,0.5608314321132879,0.5146899358302522,-6.32171106338501,2.440347194671631,-0.01789321005344391
1755134173.263958,72828ff7-3ccc-0c5d-596b-8331ba7d4f39,5838540d-2ce3-03bc-4004-694377f15518,36,-84.0,-79.0,-80.0,-82.0,2.379362926411598,-1.4392095373340814,1.692207177730519,2.5482994848963387,0.2203349350225108,0.2713990848434763,0.5147062144024153,0.5220020773667419,-6.371439456939697,2.392458200454712,0.003299012780189514
1755134174.270144,72828ff7-3ccc-0c5d-596b-8331ba7d4f39,34b20bc2-9a62-0e57-924c-fb223de251c5,3,-86.0,-81.0,NaN,NaN,2.3884480341542944,-1.4540115198307964,NaN,NaN,0.2015509274848822,0.18990535680164283,NaN,NaN,NaN,NaN,NaN
1755134176.268665,72828ff7-3ccc-0c5d-596b-8331ba7d4f39,049fedcd-864c-62d6-3045-2a013e060662,27,-84.0,-81.0,-82.0,-84.0,2.3959405715651236,-1.4603961822281522,1.6862337074054712,2.686897312242896,0.20743371717481274,0.2614064383803082,0.4214869542656128,0.4757939354774269,-6.3553876876831055,2.37586498260498,0.1374271661043167
1755134177.26547,72828ff7-3ccc-0c5d-596b-8331ba7d4f39,f60da7a7-ff8f-e4b1-eeca-342c9b46af1a,28,-79.0,-76.0,-73.0,-79.0,2.071652771948355,-1.5604299722517634,1.7334739240857326,2.7739773535663073,0.44047006638423847,0.2579218585415077,0.3703797943930426,0.530950664814058,-6.337933540344238,2.301912307739258,0.06003817915916443
1755134178.262778,72828ff7-3ccc-0c5d-596b-8331ba7d4f39,da249643-81e0-f5c6-302c-83e581e4923a,31,-95.0,-81.0,-83.0,-91.0,2.487835608139398,-1.5934690155772318,1.7613694712398769,2.754614574544777,0.3223423937299794,0.2597810279432488,0.2642311534800144,0.5206027526614734,-6.306990146636963,2.23501467704773,0.08198950439691544
1755134179.267422,72828ff7-3ccc-0c5d-596b-8331ba7d4f39,b6a09d60-b667-b78d-ff3d-0aa09ec3736c,14,-80.0,-74.0,-73.0,-79.0,2.4143973431838086,-1.6090634216562996,1.7119177655904136,2.8057829538329058,0.14728607415256184,0.19814629241305448,0.2632607641578168,0.4371435784456478,-6.3137359619140625,2.1614108085632324,0.17630234360694885
1755134180.222317,72828ff7-3ccc-0c5d-596b-8331ba7d4f39,2eacf31c-10a6-963e-2196-e967a2bd4d96,12,-84.0,-83.0,-76.0,-82.0,2.3780047142556575,-1.5561381549970459,1.7277268224533417,2.8251723644653364,0.16571321810411982,0.1611663365960003,0.34330683112059673,0.6054087540195793,-6.377044677734375,2.083134412765503,0.29715022444725037
1755134181.264969,72828ff7-3ccc-0c5d-596b-8331ba7d4f39,77cfd6da-d623-a77f-92ab-bafb66b63222,1,-82.0,-78.0,-85.0,-79.0,2.3920986953765753,-1.6600054322517712,1.7719779071260982,2.8332460036260207,0.13478181711009685,0.1509559933584751,0.4164327738593468,0.5650586677115707,-6.456307888031006,2.0046215057373047,0.3549954891204834
1755134182.269497,72828ff7-3ccc-0c5d-596b-8331ba7d4f39,0aded2c5-eaba-35fc-3828-2acd21ee999e,34,-92.0,-91.0,-85.0,-87.0,2.4273696008535848,-1.651474128857757,1.7303585582425582,2.799538373708888,0.15924779534670722,0.1735360207796322,0.46900443930486524,0.47870560278672414,-6.51556158065796,1.9659018516540527,0.43194684386253357
1755134183.262999,72828ff7-3ccc-0c5d-596b-8331ba7d4f39,6e875fbd-952c-779d-d9a5-891ec434506d,10,NaN,-73.0,-85.0,-80.0,NaN,-1.6315668665513603,1.6524248773669152,2.693817270019358,NaN,0.1124833274280531,0.6908750528804566,0.2953221610471172,-6.534618377685547,1.9915919303894043,0.4207281470298767
1755134184.268611,72828ff7-3ccc-0c5d-596b-8331ba7d4f39,deeecd4a-5845-d7cb-0f4f-e3a9dcb871bc,18,NaN,-77.0,-75.0,-92.0,NaN,-1.5614418403079386,1.6196472233024382,2.7062318617568715,NaN,0.05949976666925109,0.6401251227786069,0.31491357244823065,-6.506951332092285,2.03028678894043,0.3803831934928894
1755134185.273716,72828ff7-3ccc-0c5d-596b-8331ba7d4f39,b6f285ea-f87c-1273-eede-5da54ffac4d4,12,NaN,-94.0,-76.0,-79.0,NaN,-1.5683560722880567,1.5835395526109257,2.747789425303122,NaN,0.06378552107129914,0.5378597036300505,0.3769922569321412,-6.463064670562744,2.08812403678894,0.3054969906806946
1755134186.221583,72828ff7-3ccc-0c5d-596b-8331ba7d4f39,94e355c4-c279-497e-e7eb-dd111a6dd8ee,6,NaN,-77.0,-80.0,-79.0,NaN,-1.464298512173445,1.6665028795212922,2.7309971293657367,NaN,0.08337347036299546,0.5077000367856621,0.44908186382220044,-6.4411773681640625,2.175172805786133,0.28805914521217346
1755134187.265669,72828ff7-3ccc-0c5d-596b-8331ba7d4f39,74b4c16e-fd29-3351-6341-c860c88668cf,36,NaN,-85.0,-83.0,-79.0,NaN,-1.6708166678550025,1.7012059990538966,2.7233858149702903,NaN,0.08244406875444983,0.3188437324269151,0.44446564025719804,-6.41358995437622,2.3405210971832275,0.455094575881958
1755134188.264282,72828ff7-3ccc-0c5d-596b-8331ba7d4f39,0e5d3f82-1d1e-4286-5821-29f119fbb148,30,NaN,-82.0,-93.0,-89.0,NaN,-1.2138154284782605,1.709014387370009,2.796487456364093,NaN,0.12276045775229048,0.2797253248335545,0.47469125362807957,-6.384344577789307,2.5226902961730957,0.5110113620758057
1755134189.233676,72828ff7-3ccc-0c5d-596b-8331ba7d4f39,f1c4b94b-1247-021b-43c0-fc318a8d9405,5,-84.0,-87.0,-77.0,-80.0,1.6730702347694275,-1.6202035576541556,1.7021242569977562,2.8930361006271714,0.35514215203150434,0.27477262750957737,0.3499881696633875,0.48878673277711004,-6.372051239013672,2.7086021900177,0.5034549236297607
1755134190.221734,72828ff7-3ccc-0c5d-596b-8331ba7d4f39,3f17da44-590b-487c-b4a3-8e4acaf86484,9,-86.0,-83.0,-76.0,-81.0,2.3442022758037178,-1.6383342251973605,1.7309023757371522,2.8888623945667993,0.678931241444642,0.2819816214880969,0.2714662797267304,0.5330523316778076,-6.365333557128906,2.881603717803955,0.4834311008453369
1755134191.222435,72828ff7-3ccc-0c5d-596b-8331ba7d4f39,05b794e2-b576-9644-258d-5146de56679a,11,-85.0,-78.0,-94.0,-78.0,2.343875772254074,-1.3722326338152426,1.7186880537136129,2.7218326594225557,0.6790224547119773,0.2718822488442439,0.28752266103114305,0.4584299254330285,-6.348074913024902,3.0476036071777344,0.44579949975013733
1755134192.222013,72828ff7-3ccc-0c5d-596b-8331ba7d4f39,8f95cd18-ebe3-21b6-2b03-331faf9a0392,32,-87.0,-85.0,-88.0,-79.0,2.357503700184228,-1.4415090437773102,1.6987036928936583,2.701763610079937,0.6389005347303612,0.249201087880691,0.21480017055278325,0.4106457248106046,-6.339804649353027,3.1719961166381836,0.394275039434433
1755134193.263401,72828ff7-3ccc-0c5d-596b-8331ba7d4f39,e9b11deb-3f6e-89e4-4fdc-654a7bb21824,36,-96.0,-89.0,-82.0,-78.0,2.4368302143099823,-1.4482673476756045,1.6874843278533724,2.664764845687684,0.5953570519592386,0.24089367311056828,0.18722207220057668,0.49804261572470776,-6.35544490814209,3.091015338897705,0.42584750056266785
1755134194.265369,72828ff7-3ccc-0c5d-596b-8331ba7d4f39,1ad9e595-49ca-4ea5-7946-cac5fdd34163,2,-80.0,-76.0,-91.0,-81.0,2.3113452595387565,-1.4811551234511566,1.7186912495069209,2.636114558680611,0.496295914944752,0.36948400687088073,0.3628144861054272,0.4620257255368535,-6.39730453491211,2.995208978652954,0.42884737253189087
1755134195.267866,72828ff7-3ccc-0c5d-596b-8331ba7d4f39,e38f5f3b-bb93-8204-76bf-2b7864fb7418,24,NaN,-74.0,-77.0,-76.0,NaN,-1.5067489004751449,1.7087123849023942,2.6353267956301663,NaN,0.261771208225865,0.3221606329855815,0.48318956711409056,-6.469163417816162,2.8224267959594727,0.486353725194931
1755134196.267897,72828ff7-3ccc-0c5d-596b-8331ba7d4f39,49181eaa-3a52-f242-0abc-774eb980f08b,8,NaN,-78.0,-80.0,-80.0,NaN,-1.4456421366310588,1.745444833185639,2.6858064814604,NaN,0.2335638381975864,0.5254741736379327,0.44518772309725935,-6.533081531524658,2.601038932800293,0.18017427623271942
1755134197.233061,72828ff7-3ccc-0c5d-596b-8331ba7d4f39,dbe36fbd-7b8f-4e7d-4633-6307a01070a0,24,NaN,-74.0,-82.0,-90.0,NaN,-1.5159131041022165,1.6850411438693338,2.750715706708901,NaN,0.18611133428893187,0.37990562200663336,0.49885224998560546,-6.556398391723633,2.3840479850769043,-0.07935575395822525
1755134198.263882,72828ff7-3ccc-0c5d-596b-8331ba7d4f39,38420b0d-0467-4ff4-4daa-18deb3dfb748,0,NaN,-78.0,-74.0,-82.0,NaN,-1.5050822942649733,1.680578751146797,2.7286439602265427,NaN,0.22343390578022473,0.3334306313760924,0.46904731619841555,-6.584441184997559,2.1392126083374023,-0.192611426115036
1755134199.268464,72828ff7-3ccc-0c5d-596b-8331ba7d4f39,2fe13c8e-98d8-0331-2db9-fa55c1f77030,4,NaN,-92.0,-79.0,-84.0,NaN,-1.4938044728387607,1.6734723720940297,2.61643805928267,NaN,0.1927819536083351,0.3708913210594196,0.5440989907214018,-6.596574783325195,1.894608974456787,-0.22401127219200134
1755134200.265348,72828ff7-3ccc-0c5d-596b-8331ba7d4f39,e1692af4-1717-9373-8d32-82f514e91f55,21,-76.0,-86.0,-75.0,-80.0,2.5223139568759994,-1.5209502069879925,1.7292624011378814,2.47931988423776,0.1445052013423011,0.2459715390057792,0.30071409685863254,0.5765558004535518,-6.629960536956787,1.653932809829712,-0.225958988070488
1755134201.221993,72828ff7-3ccc-0c5d-596b-8331ba7d4f39,d84cf8a4-087d-b0c0-1b9b-1aa1b2da4337,22,-77.0,-78.0,-78.0,-86.0,2.510408561538909,-1.3997986147844894,1.7788962670059063,2.6898917705725816,0.16609045487252957,0.12835019153139302,0.21554410795854004,0.6347738334632289,-6.680269241333008,1.4192428588867188,-0.2238241583108902
1755134202.221393,72828ff7-3ccc-0c5d-596b-8331ba7d4f39,b753ed6a-3957-26bb-0cf5-3b24e9ac3423,21,-79.0,-83.0,-77.0,-81.0,2.490098229801529,-1.4045242609807806,1.7283776990237572,2.620538262096956,0.11237045100972577,0.12095684854879113,0.29625809572271194,0.6826721172488491,-6.720426559448242,1.1773200035095215,-0.23593583703041077
1755134203.269533,72828ff7-3ccc-0c5d-596b-8331ba7d4f39,70be40a7-396e-1fa9-39be-70cd7d8daabf,15,-78.0,-82.0,-77.0,-83.0,2.4579943554928416,-1.4327223432347571,1.7901917984533684,2.5559795088479094,0.150321112399357,0.19262627519786316,0.33281810432537423,0.6502562536184591,-6.771484375,1.1240918636322021,-0.18100208044052124
1755134204.222403,72828ff7-3ccc-0c5d-596b-8331ba7d4f39,e63f456c-819c-aa32-4695-97ca5f657e4e,24,-78.0,NaN,-85.0,-81.0,2.4061665775188095,NaN,1.7020166652897168,2.5050811740943146,0.14410542757316655,NaN,0.2513271060236581,0.676754306990584,-6.780179500579834,1.0809011459350586,-0.10019257664680481
1755134205.222216,72828ff7-3ccc-0c5d-596b-8331ba7d4f39,f944f631-58c4-801a-f2e7-0fdb6fc3e47b,35,-80.0,NaN,-81.0,-85.0,2.326727677995054,NaN,1.6848350152009617,2.4772106606544173,0.18142137445124784,NaN,0.3981478094204854,0.47458762337216187,-6.759544849395752,1.1031200885772705,-0.04887010157108307
1755134206.268922,72828ff7-3ccc-0c5d-596b-8331ba7d4f39,d1cb494a-3c01-b1ab-df0c-c7e5aed9e630,28,-78.0,NaN,-96.0,-82.0,2.254156538290395,NaN,1.6381466054985645,2.509130244215671,0.2515620467660735,NaN,0.1988363008067372,0.5401602753377155,-6.699227333068848,1.1564956903457642,0.325428307056427
1755134207.270029,72828ff7-3ccc-0c5d-596b-8331ba7d4f39,c33797cc-301b-08d1-73c8-6d1b20d01d41,32,-82.0,NaN,-79.0,-80.0,2.2834140260260054,NaN,1.6732215023193442,2.4838318117565725,0.22478522700684458,NaN,0.24592961086336726,0.46069317959591866,-6.691091060638428,1.1602771282196045,0.5689725279808044
1755134208.269394,72828ff7-3ccc-0c5d-596b-8331ba7d4f39,bcb8051c-fffe-5388-8543-2a1da6ad8d67,16,-78.0,NaN,-82.0,-84.0,2.248653914846073,NaN,1.6047825233620516,2.4994981231850724,0.19745809829786437,NaN,0.369379411219068,0.4621350482996012,-6.663830280303955,1.1803951263427734,0.616510510444641
1755134209.265685,72828ff7-3ccc-0c5d-596b-8331ba7d4f39,4d6bbb44-68ac-0759-b816-cf6370a9b7aa,10,-76.0,-78.0,-81.0,-70.0,2.2343069334215984,-1.07700351695871,1.6201873123715063,2.3864368148990667,0.18131840998560267,0.8169758636537631,0.30017503976448684,0.4490124884758039,-6.645273685455322,1.20306658744812,0.610535979270935
1755134210.268938,72828ff7-3ccc-0c5d-596b-8331ba7d4f39,a3719303-fb7f-5fbe-cc2d-3bde154a1815,14,-79.0,-83.0,-80.0,-81.0,2.2944416434678057,-1.144231290252234,1.680747595559908,2.4952903286627475,0.2006750803813824,0.9237200872550738,0.3978862870014396,0.38559376791039274,-6.616250038146973,1.2151074409484863,0.535675346851349
1755134211.221598,72828ff7-3ccc-0c5d-596b-8331ba7d4f39,f5e91840-39f7-8891-0a51-08f514c21c8f,3,-80.0,-85.0,-79.0,-87.0,2.2489085130462847,-1.555528424265472,1.7396806873222714,2.4453853529957525,0.21739257478165044,0.8350197787244587,0.3480026832021927,0.4379272801754308,-6.58450698852539,1.2270433902740479,0.33548030257225037
1755134212.268869,72828ff7-3ccc-0c5d-596b-8331ba7d4f39,74c98235-2e59-6e97-1815-49725327b43e,9,-80.0,-80.0,-89.0,-79.0,2.3137293213465955,-1.761254822154949,1.6507172584759564,2.4962064560777346,0.26751103609952875,0.6865425558400885,0.19786376431091068,0.3467455380096207,-6.550217151641846,1.234122633934021,0.34650951623916626
1755134213.264139,72828ff7-3ccc-0c5d-596b-8331ba7d4f39,aa890a24-5737-59bc-296a-29dff8f46c97,29,-82.0,-92.0,-82.0,-79.0,2.3624779524682777,-1.7344754058136573,1.6507753153877203,2.461866591717817,0.26479592672343616,0.6899674475809576,0.1899466524432959,0.4537127347731984,-6.4941840171813965,1.2446268796920776,0.370656967163086
1755134214.265086,72828ff7-3ccc-0c5d-596b-8331ba7d4f39,44602a04-1bb2-7d2f-8c7e-b851a0c5189b,32,-83.0,-80.0,-81.0,-81.0,2.353736392506202,-1.711320418557909,1.6177798147460745,2.4686352819443624,0.19484818378482988,0.5650340334714875,0.19538795660351854,0.4187523205897785,-6.440336227416992,1.3100309371948242,0.44153067469596863
1755134215.267604,72828ff7-3ccc-0c5d-596b-8331ba7d4f39,45d6c511-4499-9334-92f8-7b3bf428d4ec,36,-85.0,-92.0,-79.0,-81.0,2.2982014942947795,-1.6605236833999009,1.6372097054270744,2.421911185883358,0.19781682609669804,0.5493732481022492,0.2201815535884791,0.5668338643151902,-6.4046783447265625,1.3764662742614746,0.4725930988788605
1755134216.221893,72828ff7-3ccc-0c5d-596b-8331ba7d4f39,2d501b02-fd03-2b39-e6dc-254fa067558c,34,-83.0,-83.0,-95.0,-76.0,2.0817136619144563,-1.6452378045331186,1.653668040963764,2.4418060644906863,0.27387892058201724,0.4791824417799028,0.3026764471078574,0.47064591193224914,-6.39378547668457,1.4265141487121582,0.31406310200691223
1755134217.268844,72828ff7-3ccc-0c5d-596b-8331ba7d4f39,ecbc5c29-316e-41e7-3055-f66806911f9a,11,-80.0,-75.0,-74.0,-77.0,2.2782480261434697,-1.6677036988568088,1.6652346822101962,2.4807366859376825,0.20804228277340947,0.5106860395788861,0.3702396788301908,0.5195781680110925,-6.379846572875977,1.5195906162261963,0.2548035681247711
1755134218.221872,72828ff7-3ccc-0c5d-596b-8331ba7d4f39,861bf172-2d07-6b44-4487-1b3c71310ea8,35,-85.0,-78.0,-80.0,-74.0,2.3120169087656746,-1.6777083961239097,1.7319761622886722,2.44241699364475,0.4205070108530045,0.38010605816817544,0.30310674736098697,0.47550897724078833,-6.415863513946533,1.5953998565673828,0.1663161963224411
1755134219.234448,72828ff7-3ccc-0c5d-596b-8331ba7d4f39,11de809f-d6ed-05b7-5551-2d6ccc215d8b,33,-83.0,-91.0,-88.0,-84.0,2.211135834041255,-1.732988562977066,1.7278029888605182,2.4033148646235527,0.21512309547971215,0.37355225175208584,0.2708758735578166,0.4971448974107556,-6.46106243133545,1.6501164436340332,0.10872569680213928
1755134220.270481,72828ff7-3ccc-0c5d-596b-8331ba7d4f39,1a823275-0704-4117-f857-5661cf0ea401,28,-79.0,-71.0,-73.0,-74.0,2.263440850482629,-1.6816235092424348,1.7640523397220225,2.332765596818482,0.25271832473235867,0.36511179544075684,0.3822961086906021,0.49086076934455014,-6.484063148498535,1.7110803127288818,0.14725153148174286
1755134221.266095,72828ff7-3ccc-0c5d-596b-8331ba7d4f39,29a6c16a-d4b4-5d6c-865f-bdf16596bced,17,-77.0,-77.0,-77.0,-80.0,2.2949380566949964,-1.5418529589098608,1.717987109714704,2.367490554272025,0.24777619682895774,0.38827890007946514,0.2705586244929609,0.4051678021853934,-6.488612174987793,1.7195345163345337,0.34624773263931274
1755134222.222466,72828ff7-3ccc-0c5d-596b-8331ba7d4f39,6198c6bb-32f0-adad-10a9-ccc028468f40,4,NaN,-77.0,-69.0,-81.0,NaN,-1.5638103226234006,1.68363552744599,2.3546519872889706,NaN,0.672393580442661,0.4105869355295411,0.41470008796462765,-6.501160144805908,1.7280162572860718,0.32447439432144165
1755134223.264305,72828ff7-3ccc-0c5d-596b-8331ba7d4f39,78ae9c4f-f561-f875-5802-f1973fccf393,35,-79.0,-89.0,-77.0,-87.0,2.3092983539249214,-1.548937100567526,1.7418314562186195,2.345818814585396,0.20200471348987492,0.4846140586916603,0.3666451770173972,0.410914670791189,-6.53495693206787,1.7369271516799927,0.21114161610603333
1755134224.269574,72828ff7-3ccc-0c5d-596b-8331ba7d4f39,737430ef-b9ba-b65b-2929-1a702a1ceb69,1,-81.0,-85.0,-83.0,-80.0,2.3387747535021366,-1.5808428356911115,1.7370580062807612,2.3555505378407635,0.2252650953457632,0.40872195710767223,0.39747326400588195,0.52029562360876,-6.60664415359497,1.6677515506744385,0.10081098973751068
1755134225.222026,72828ff7-3ccc-0c5d-596b-8331ba7d4f39,1256ad04-0fed-b026-52fc-2eb69a2d277d,36,-82.0,-96.0,-77.0,-87.0,2.2580000123755974,-1.5420986355204207,1.792840578473561,2.4775749810915406,0.15720451828985754,0.3491939151577851,0.5397594695936586,0.4330954737201864,-6.692071914672852,1.5995128154754639,0.046368058770895
1755134226.222302,72828ff7-3ccc-0c5d-596b-8331ba7d4f39,fb245f0b-cbf2-2071-e4c7-a5a779aa5f74,19,-78.0,-84.0,-80.0,-83.0,2.270191431213762,-1.4804555110327926,1.639644367295625,2.627963687848315,0.20896653282972144,0.41294323388301596,0.48044471355757307,0.4635043791530927,-6.724737167358398,1.5164098739624023,0.13334308564662933
1755134227.222581,72828ff7-3ccc-0c5d-596b-8331ba7d4f39,64b45c6a-7589-bb56-ad22-d089f4d0d0b6,25,-79.0,-90.0,-77.0,-78.0,2.3436206414216447,-1.4661201143590594,1.6840238163329233,2.754051582290334,0.17411455923693836,0.4562074176348165,0.3268438683415131,0.6273542000872409,-6.753735542297363,1.4455431699752808,0.17641744017601013
1755134228.264727,72828ff7-3ccc-0c5d-596b-8331ba7d4f39,9526fede-6b53-d5c1-bbf9-d737ea31dd76,27,NaN,-83.0,-87.0,-77.0,NaN,-1.4605879298266382,1.7094101331079947,2.7156578541190983,NaN,0.42347809994412416,0.40066409717644674,0.6283811815826027,-6.760515213012695,1.3629227876663208,0.22186675667762756
1755134229.268524,72828ff7-3ccc-0c5d-596b-8331ba7d4f39,603f7217-d642-ef19-d206-fbc6b0e1d27c,23,NaN,-79.0,-76.0,-83.0,NaN,-1.4972565954017756,1.713554544396376,2.572168865114501,NaN,0.399501460913059,0.32048344071007684,0.6220889974540997,-6.755476474761963,1.2867852449417114,0.2170405387878418
1755134230.267964,72828ff7-3ccc-0c5d-596b-8331ba7d4f39,2792cc4c-2839-88e2-3d6b-256d94a41c86,30,NaN,-81.0,NaN,NaN,NaN,-1.445733483056448,NaN,NaN,NaN,0.4170954682070993,NaN,NaN,NaN,NaN,NaN
1755134231.222611,72828ff7-3ccc-0c5d-596b-8331ba7d4f39,90b3c06e-90b1-120d-65b9-328df774e9b0,12,NaN,-80.0,-79.0,-79.0,NaN,-1.534371739933665,1.6493846126664808,2.693734179393348,NaN,0.39031348857325837,0.3425766589287243,0.6996173452118325,-6.734009742736816,1.206262469291687,0.2243446409702301
1755134233.264687,72828ff7-3ccc-0c5d-596b-8331ba7d4f39,4835d2b5-acb1-337c-548a-dac42caa376b,19,NaN,-84.0,-86.0,-85.0,NaN,-1.4158725230178262,1.724944351746427,2.7897326145752164,NaN,0.43790986975980445,0.22788126828735933,0.6970723618951256,-6.738940715789795,1.15863573551178,0.23312026262283325
1755134234.222038,72828ff7-3ccc-0c5d-596b-8331ba7d4f39,f7ffcc24-5aca-fcf8-8b1b-bb8a88f7c8ee,20,NaN,-84.0,-74.0,-90.0,NaN,-1.485462653356305,1.7444573330534376,2.67605931187071,NaN,0.4844301341288767,0.2829706862274387,0.6569358611065413,-6.7734761238098145,1.1384162902832031,0.2575356662273407
1755134235.222554,72828ff7-3ccc-0c5d-596b-8331ba7d4f39,228555ad-e9e2-13e6-9b4c-b0bc5dce808c,14,-79.0,-83.0,-82.0,-78.0,1.5667600398467723,-1.4613795544606645,1.7302823918353818,2.935857067794556,0.39720298644475255,0.36276708183802375,0.3614281775999864,0.5046912306756042,-6.7905659675598145,1.1259477138519287,0.29910948872566223
1755134236.22308,72828ff7-3ccc-0c5d-596b-8331ba7d4f39,33a0f311-2774-fe44-edf7-b514c28782cc,15,-81.0,-80.0,-77.0,-92.0,1.5114610977079312,-1.4548908956227407,1.7166358217775979,2.5752858288543297,0.4043259436753057,0.3706111565127432,0.342040065258587,0.26415991392085475,-6.8030524253845215,1.1118559837341309,0.2732623815536499
1755134237.222541,72828ff7-3ccc-0c5d-596b-8331ba7d4f39,14ae4bab-0a64-e939-4a0e-95dd5ea64fd2,34,-85.0,-83.0,-75.0,-82.0,2.1360890197872577,-1.413883141683537,1.7654984361939356,2.598196471080063,0.4461854431101439,0.33030281525482164,0.4191329861780918,0.3486716359785069,-6.804381847381592,1.0765386819839478,0.10544666647911072
1755134238.264451,72828ff7-3ccc-0c5d-596b-8331ba7d4f39,155b60c3-3330-e30a-f73d-a6fab45c0f54,33,-79.0,-92.0,-84.0,-80.0,2.48508616063,-1.44592363275828,1.6976155252722518,2.669601678859486,0.4381863058809547,0.3594292421752866,0.26843793267217403,0.4072934042094402,-6.832433700561523,1.059563159942627,0.025706175714731216
1755134239.270848,72828ff7-3ccc-0c5d-596b-8331ba7d4f39,31c495ec-9f2e-c79d-00ab-dc00bceb444e,0,-94.0,-79.0,-80.0,-75.0,2.588604830098034,-1.5141034861415077,1.6551104090101512,2.749759099245345,0.4174708740522597,0.17717776041226108,0.34536345727241047,0.5006928937730137,-6.825908184051514,1.0251787900924683,-0.11081789433956146
1755134240.222685,72828ff7-3ccc-0c5d-596b-8331ba7d4f39,43b52a48-679e-f40c-3efa-29554e713b45,7,NaN,-79.0,-79.0,-79.0,NaN,-1.49800560945836,1.6309294389444497,2.7342531101144676,NaN,0.17692061556425712,0.24514008346869964,0.458149061806566,-6.79902744293213,1.0123566389083862,-0.162758395075798
1755134241.267227,72828ff7-3ccc-0c5d-596b-8331ba7d4f39,53c04666-b379-120f-5006-dc1167b415be,7,NaN,-81.0,-79.0,-94.0,NaN,-1.4854634523046324,1.6232542086828412,2.765703977323867,NaN,0.20452363111741273,0.25329378390965435,0.5714493888004065,-6.764714241027832,1.0117578506469727,-0.21668924391269684
1755134242.222779,72828ff7-3ccc-0c5d-596b-8331ba7d4f39,280e20ad-010d-9631-2752-427c51c47a51,13,NaN,-93.0,-87.0,-82.0,NaN,-1.4614334834727383,1.7322371520755,2.8037983661885786,NaN,0.24460638598624776,0.4168460964605271,0.5483127107771524,-6.766266822814941,1.0063490867614746,-0.33956480026245117
1755134243.265512,72828ff7-3ccc-0c5d-596b-8331ba7d4f39,f430ae54-5b77-64d0-7aa7-627fd72cc8c3,2,NaN,-79.0,-75.0,-75.0,NaN,-1.4796271347757235,1.5863859391840025,2.8218753710358184,NaN,0.11938356949007001,0.4904099294615134,0.3807162216634262,-6.719482421875,1.0261001586914062,-0.417505294084549
1755134245.221548,72828ff7-3ccc-0c5d-596b-8331ba7d4f39,3b2eb923-521d-d426-8115-469fd8a8bda5,1,NaN,-84.0,-77.0,-67.0,NaN,-1.5226684785233118,1.324555658716208,2.7171689317216092,NaN,0.177368243009229,0.5090394403664038,0.33007611366702866,-6.63602638244629,1.1507591009140015,-0.3927483558654785
1755134246.268991,72828ff7-3ccc-0c5d-596b-8331ba7d4f39,127ad50a-f3ee-d7a4-7a01-4e80be5a3684,18,-78.0,-73.0,-76.0,-79.0,2.4377751038647424,-1.5011551969215424,1.3302755961054802,2.6511646146328673,0.21485401634107326,0.1351000482156045,0.5480148029197134,0.21220145796108392,-6.5553789138793945,1.2708805799484253,-0.36230751872062683
1755134247.269606,72828ff7-3ccc-0c5d-596b-8331ba7d4f39,253fb112-6799-b584-78d6-32d38e6d93bc,19,-81.0,-82.0,-73.0,-91.0,2.4477747411257718,-1.5026742640073236,1.3886052155648319,2.6821627444569534,0.17416324515061632,0.1389366896281351,0.5358368996240809,0.24210045126902408,-6.465930938720703,1.4126577377319336,-0.30479487776756287
1755134248.271398,72828ff7-3ccc-0c5d-596b-8331ba7d4f39,2cf6c0ba-ab3a-b5b7-ed5f-85e9544704a5,34,-82.0,-87.0,-75.0,-81.0,2.382363243695681,-1.7187273353396917,1.5643807717288958,2.7003894189574558,0.1753770473964472,0.12697144806792376,0.405880697119694,0.31133351828435074,-6.36482286453247,1.5776326656341553,-0.09439586102962494
1755134249.272124,72828ff7-3ccc-0c5d-596b-8331ba7d4f39,db3cb957-2895-66ee-15ea-3f7155b87fdb,2,-79.0,-78.0,-77.0,-83.0,2.3817981209123666,-1.7256969610704835,1.6122335154598753,2.626288559522655,0.25594434491882617,0.12682908546290222,0.5706658202286778,0.35619616461193043,-6.287566184997559,1.7260198593139648,0.01329939067363739
1755134250.27116,72828ff7-3ccc-0c5d-596b-8331ba7d4f39,d5d26ca9-13b0-a2f3-1fc8-4745b0a61f77,24,-80.0,-96.0,-78.0,-80.0,2.404087181339676,-1.5990101216993047,1.5947669071344817,2.4134268872825837,0.2492660190770185,0.15050162478699394,0.5461894390190595,0.2557161120134064,-6.227610111236572,1.878988265991211,0.012691259384155273
