create_time,idppe,idbeacon,bluetooth_channel,rssi_1,rssi_2,rssi_3,rssi_4,az_1,az_2,az_3,az_4,el_1,el_2,el_3,el_4,x,y,z
1761086178.251069,2c08d2cc-7a1c-9d34-25ea-6265acb43d72,b74aa8d7-fe2d-ac27-8342-592868760776,15,-72.0,-82.0,NaN,-65.0,2.2384071362358844,-2.9419317382410264,NaN,2.3402538731715663,0.3271993337680114,0.29813898653209403,NaN,0.6639492292582377,-1.2245755195617676,5.101957321166992,0.983949303627014
1761086180.2514,2c08d2cc-7a1c-9d34-25ea-6265acb43d72,1192c0d5-e571-0892-75d3-1eeb60a9a5a8,5,-77.0,-64.0,NaN,-70.0,2.10705097652547,3.0626464388677026,NaN,2.289455673274959,0.34265941665959854,0.4769978507377108,NaN,0.23587206649338535,-1.3151180744171143,5.06650447845459,0.780280590057373
1761086181.25298,2c08d2cc-7a1c-9d34-25ea-6265acb43d72,f35cdf40-923b-f494-e8b6-2e6e53b3a7c1,4,-74.0,-67.0,NaN,-80.0,2.4220395502479,3.082802839894076,NaN,2.3054490208853213,0.3885183848404905,0.4016270962266194,NaN,0.29075207674800035,NaN,NaN,NaN
1761086182.250126,2c08d2cc-7a1c-9d34-25ea-6265acb43d72,7c49c781-d9d1-74d1-5771-8474517e289b,3,-71.0,-67.0,-71.0,-85.0,2.384630659047775,3.0902357224964874,1.589971619275685,2.243325462137043,0.3030014193398743,0.3825044344668736,0.6934247633080983,0.3741949058126356,-1.4535536766052246,4.910494804382324,0.6636992692947388
1761086184.251164,2c08d2cc-7a1c-9d34-25ea-6265acb43d72,2ded5eb8-a4d2-3eb8-b51c-fdebb8a2f455,0,-82.0,-62.0,-77.0,-77.0,2.3569140763188843,-3.1159935502436245,1.5930470377025086,2.211906552860724,0.36046065117596066,0.35867896311718406,0.45488013143703465,0.44429849360928186,-1.8921008110046387,4.43461561203003,0.4888594150543213
1761086185.251379,2c08d2cc-7a1c-9d34-25ea-6265acb43d72,d2c18853-7405-414a-34dc-8105d99123e8,35,-88.0,-74.0,-73.0,-78.0,2.3164617246250168,-3.0598346733887967,1.6186884853100094,2.2446634342686984,0.30821066230061017,0.22931587987707142,0.4088564800322349,0.48583634976346585,-2.17109489440918,4.146731853485107,0.43718221783638
1761086186.246464,2c08d2cc-7a1c-9d34-25ea-6265acb43d72,fc3948f1-b8cb-3846-c974-3fd9db03aba5,5,-74.0,-73.0,-86.0,-67.0,2.295803584049272,-2.7834342385971786,1.636347906498325,2.248175611114295,0.30914446644733284,0.36757884800606533,0.4433298020522792,0.40755522623410856,NaN,NaN,NaN
1761086188.250908,2c08d2cc-7a1c-9d34-25ea-6265acb43d72,c1e2d88e-8b8a-772c-5235-ac30bd7c59b0,25,-77.0,-90.0,-82.0,-71.0,2.329068596593234,-2.8539377000315005,1.617727616788709,2.282348761589974,0.37693949305304403,0.3233064580445881,0.4518085413042781,0.2758764245576312,-2.8385839462280273,3.6110990047454834,0.33995288610458374
1761086189.252018,2c08d2cc-7a1c-9d34-25ea-6265acb43d72,09d016d7-254b-1bea-56a5-f5b415bf2127,31,-75.0,-80.0,-78.0,-88.0,2.333002618155499,-3.0053522564401733,1.5757290337659413,2.229062636603014,0.34069859772800043,0.3390861535564983,0.4608569307134449,0.24753323331375848,-3.2063870429992676,3.33368968963623,0.26714885234832764
1761086190.252466,2c08d2cc-7a1c-9d34-25ea-6265acb43d72,da02e1e5-3967-2a21-94d5-91067e312c99,32,-85.0,-88.0,-82.0,-74.0,2.281921590551125,-3.005512578737796,1.5591178327826811,2.1848509667143907,0.5377556738999693,0.3062124925347237,0.47326433191601514,0.23527100768011122,-3.5928492546081543,3.0471644401550293,0.1726011484861374
1761086192.252083,2c08d2cc-7a1c-9d34-25ea-6265acb43d72,6d7a6f76-053f-e7ef-4a68-faf6a4ca51cc,2,-69.0,-67.0,-67.0,-70.0,2.2735720479015082,3.103152586415589,1.5648814460138305,2.1198772929675096,0.5695181975359357,0.21511400744249226,0.3688933510306148,0.2792959566868065,-4.396386623382568,2.4364373683929443,0.16062051057815552
1761086193.249558,2c08d2cc-7a1c-9d34-25ea-6265acb43d72,6cc1361d-9c9f-8cef-ee45-e43280a05abf,29,-78.0,-77.0,-73.0,NaN,2.2626429674200415,3.091341466981088,1.6130058321759984,NaN,0.4746843959882726,0.20146286007658465,0.3615060750618713,NaN,NaN,NaN,NaN
1761086194.250747,2c08d2cc-7a1c-9d34-25ea-6265acb43d72,a6e26366-4e9b-31e9-193c-8cdc330d9cc3,28,-81.0,-70.0,-79.0,-80.0,2.2615601261208154,2.9849274087759197,1.6223125149213893,2.1462915899233512,0.5061739789020194,0.20898637337984255,0.3127039144022782,0.3518038796050901,-4.74820852279663,2.234102249145508,0.18047115206718445
1761086196.245798,2c08d2cc-7a1c-9d34-25ea-6265acb43d72,d5062477-3325-dcdc-3577-e7d22f76082b,36,-82.0,-81.0,-73.0,-80.0,2.244945196712029,-3.0912208257837075,1.598879893122,2.109363132983877,0.4781257993279003,0.3583026251656422,0.37751919664332695,0.3401835090836655,-5.28126621246338,1.9157072305679321,0.2378641664981842
1761086197.253182,2c08d2cc-7a1c-9d34-25ea-6265acb43d72,76634229-1956-8786-ac9f-671908809c95,10,-68.0,-72.0,-79.0,-74.0,2.2795497792843005,3.0547091535548296,1.5804135341233907,2.1006109203774406,0.5176097257808742,0.3201725166528101,0.3613058719269246,0.3419651305634149,-5.4584503173828125,1.808731198310852,0.2116009145975113
1761086198.250202,2c08d2cc-7a1c-9d34-25ea-6265acb43d72,94724e6a-9f35-2058-284f-db1b3b595538,22,-76.0,-81.0,-74.0,-76.0,2.277217382801609,3.0225924960729103,1.6156194584698023,2.160047349585829,0.5487980053067921,0.25809586282923075,0.27522010515173795,0.36000867944946063,-5.608469486236572,1.6739932298660278,0.18884970247745514
1761086199.252178,2c08d2cc-7a1c-9d34-25ea-6265acb43d72,984a90f7-76a5-62af-9f79-5ce24517b97b,0,-68.0,-68.0,-71.0,-65.0,2.238594622776626,3.0312850538709295,1.6301768296203936,2.1583759496856953,0.5772753865800911,0.33191399442480596,0.41704067366767106,0.44517806913830776,-5.73700475692749,1.5145831108093262,0.17224834859371185
1761086201.253742,2c08d2cc-7a1c-9d34-25ea-6265acb43d72,a1777ecf-00f0-8880-f8b8-856cbabbc907,8,-75.0,-69.0,-71.0,-73.0,2.2601348023054046,3.031711159645342,1.5179197959835913,2.155314912328758,0.5275189820124091,0.22180425093017803,0.3130508244237747,0.5451790357014835,-5.83147144317627,1.3019764423370361,0.16142982244491577
1761086202.253038,2c08d2cc-7a1c-9d34-25ea-6265acb43d72,260bd779-4de3-4fd9-ecb7-ca8d8f0f5df9,17,-81.0,-79.0,-75.0,-68.0,2.2688971349239835,3.0262245151675606,1.5799288388049963,2.1702653660562445,0.5101478147225811,0.21218596169249102,0.29477801065738674,0.5265724279819677,-5.88044023513794,1.209947943687439,0.12656910717487335
1761086203.251218,2c08d2cc-7a1c-9d34-25ea-6265acb43d72,9f2d0201-c701-6bbc-0306-75f05aa10947,25,-76.0,-78.0,-72.0,-79.0,2.2630941069087007,2.962145663546946,1.603074371838875,2.2062787608451684,0.5130159393480557,0.2799314202124131,0.3345149374139182,0.5060867936658329,-5.906813144683838,1.178390383720398,0.0917997732758522
1761086205.253774,2c08d2cc-7a1c-9d34-25ea-6265acb43d72,a19d0730-579e-7a3d-4469-d40de258eeda,14,-78.0,-84.0,-81.0,-72.0,2.1539508412184194,3.0600557157592734,1.5795847583921583,2.2654744402910136,0.36876794943278574,0.2569866395904559,0.24588159073996177,0.4868053076365775,-5.886375904083252,1.1183981895446777,0.06956812739372253
1761086206.246176,2c08d2cc-7a1c-9d34-25ea-6265acb43d72,4a408489-361a-2b49-5419-a196d1bfde9c,23,-75.0,-78.0,-77.0,-68.0,2.1751714414163885,2.977954187777656,1.5656250005901806,2.1436252330399643,0.3114998326944262,0.21269182914155157,0.30475284723076496,0.399950769478469,-5.872969150543213,1.059769630432129,0.09712718427181244
1761086207.251582,2c08d2cc-7a1c-9d34-25ea-6265acb43d72,b9aa9c20-80f7-0144-0f09-b9ffa00e02c3,26,-75.0,NaN,NaN,-71.0,2.2019543198670974,NaN,NaN,2.0667349786794142,0.3453643560892784,NaN,NaN,0.29434551329635794,NaN,NaN,NaN
1761086208.252152,2c08d2cc-7a1c-9d34-25ea-6265acb43d72,f4f1c13d-2c9c-4346-8bed-2bda55ca595f,34,-79.0,NaN,-78.0,-74.0,2.1913655913729424,NaN,1.4913787325598615,2.1277661087485424,0.3097015331683502,NaN,0.3668277034206085,0.36586047660220533,-5.822132110595703,1.0391621589660645,0.13674187660217285
1761086210.254449,2c08d2cc-7a1c-9d34-25ea-6265acb43d72,dd9da3b4-9e6d-3f70-740c-f40788decc4e,36,-85.0,NaN,-74.0,-74.0,2.1984480019758994,NaN,1.4797337943773812,2.2058084465966603,0.22158743632793193,NaN,0.29329982309433833,0.43976416224779935,-5.638432502746582,1.1477177143096924,0.273559182882309
1761086211.246892,2c08d2cc-7a1c-9d34-25ea-6265acb43d72,247527e9-b66c-29e8-edaf-84fb01ad1959,25,-79.0,NaN,-82.0,-72.0,2.1743469267429,NaN,1.5025096806519567,2.202111446371412,0.2640221952029841,NaN,0.38943304751687824,0.3758959333798964,NaN,NaN,NaN
1761086212.253386,2c08d2cc-7a1c-9d34-25ea-6265acb43d72,2e7d135f-75bc-09c9-7658-8021329a8585,30,-79.0,-86.0,-78.0,-74.0,2.396426332147954,-2.7936306834627653,1.6098894010683877,2.293618726690971,0.40108254636272545,0.7574431611719683,0.2577643159182727,0.42429142934103437,-5.564851760864258,1.2334003448486328,0.3512639105319977
1761086214.253693,2c08d2cc-7a1c-9d34-25ea-6265acb43d72,7418affb-ac66-1e20-fad2-7923ea18df14,5,-70.0,-69.0,-73.0,-68.0,2.185735136196297,-2.8011477219556227,1.50053041932981,2.161227129948734,0.2283403306802618,0.7499126737156058,0.19924236629394704,0.4776414701941557,-5.52379274368286,1.4520868062973022,0.4420681297779083
1761086215.253197,2c08d2cc-7a1c-9d34-25ea-6265acb43d72,a0c61061-61a2-250f-d6f5-a9b13b954fd7,1,-66.0,-67.0,-71.0,-69.0,2.220340784033005,-2.7574540368990195,1.4927625110622669,2.174807653611484,0.20797127624084524,0.794601715229626,0.1722909097462361,0.4348317548823772,-5.456997394561768,1.544651985168457,0.554169535636902
1761086216.250852,2c08d2cc-7a1c-9d34-25ea-6265acb43d72,05a0c19a-ea3f-bca4-a811-6a11934a4050,7,-79.0,-78.0,-76.0,-69.0,2.205166092141733,-2.742837010940011,1.4647226205770405,2.1246044039024,0.13730489592683792,1.0493266153300616,0.1653878463979394,0.35208564204842036,-5.368412494659424,1.67109751701355,0.735202968120575
1761086217.250728,2c08d2cc-7a1c-9d34-25ea-6265acb43d72,7cd2a302-9550-6774-22d9-7f3afa305efe,10,-68.0,-74.0,-75.0,-78.0,2.198672240139684,3.0764698428218678,1.642798082658497,2.168707949450767,0.1411279968297012,0.43929081865355146,0.20445041083219234,0.3839018283803517,-5.34425926208496,1.767369270324707,0.8125783801078796
1761086219.251805,2c08d2cc-7a1c-9d34-25ea-6265acb43d72,e38b25ef-bf4a-64fe-e06e-7548a4847aee,32,-78.0,-68.0,-83.0,-81.0,2.1545473893025973,3.093731387743325,1.6313741868464928,2.2136844792044608,0.09976565131373188,0.29319662560209775,0.19391098410771737,0.27417121915641024,-5.427799701690674,1.9544882774353027,0.892536759376526
1761086220.252629,2c08d2cc-7a1c-9d34-25ea-6265acb43d72,73df08b8-8560-4d69-5d87-b761f9887dcd,26,-78.0,-72.0,-85.0,-74.0,2.1829643833981787,3.1157791657758733,1.6260617131040027,2.224656170263369,0.10768202248966853,0.32607198438906726,0.14429927241101068,0.30313414463070115,-5.521199703216553,1.9648329019546509,0.9283777475357056
1761086221.250957,2c08d2cc-7a1c-9d34-25ea-6265acb43d72,5b99ef3a-5ee2-352f-7b40-fe88cb5c73b8,33,-87.0,-85.0,-82.0,-76.0,2.2651495346380237,3.1399638642671004,1.6940367693994034,2.256949129009452,0.17235805469521975,0.30953485257362484,0.1773678768245791,0.34436663607639384,-5.603157997131348,1.9464117288589478,0.9623039364814758
1761086223.250657,2c08d2cc-7a1c-9d34-25ea-6265acb43d72,9ca9ad5d-e134-f15c-233a-90d992088937,30,-75.0,NaN,-74.0,-76.0,2.3329967592011007,NaN,1.8380887506584436,2.2703448292925503,0.3080158853563845,NaN,0.1289525319909417,0.329301899448629,-5.786137580871582,1.80374550819397,0.9863661527633667
1761086224.252252,2c08d2cc-7a1c-9d34-25ea-6265acb43d72,1f40933d-2cf5-9e12-68eb-9be23db0dbc7,3,-75.0,NaN,-75.0,-63.0,2.3529821852854913,NaN,1.6736390859782684,2.2790059617897063,0.2914599116762298,NaN,0.0688013353131112,0.38330248397702943,-5.88688850402832,1.7258929014205933,1.0812342166900635
1761086225.252062,2c08d2cc-7a1c-9d34-25ea-6265acb43d72,d6aa0fbb-5397-033e-9693-636500fb7458,29,-76.0,NaN,-85.0,-69.0,2.2700406962960638,NaN,1.687475805737884,2.2791082271755654,0.43123545543584785,NaN,0.12133254567719565,0.5252050612097802,-6.000669479370117,1.6392946243286133,1.0774043798446655
1761086227.25207,2c08d2cc-7a1c-9d34-25ea-6265acb43d72,49d3590a-b91d-5836-8fbb-ddef1ff37d9d,28,-78.0,-87.0,-77.0,-73.0,2.270827926714291,3.0519384007567116,1.621051774461346,2.2241421801729837,0.5000494074746233,0.4000884881963397,0.09817212390834776,0.4974579852864081,-6.12244176864624,1.4947118759155273,0.9970213770866394
1761086228.251106,2c08d2cc-7a1c-9d34-25ea-6265acb43d72,63ec3008-3fee-2d91-c4ff-836ff860b4ae,28,-76.0,-75.0,-76.0,-75.0,2.232521550226809,3.0275848578523727,1.5737108902918793,2.2273310492622445,0.25471905779079435,0.4819306242877828,0.131248975798917,0.44437289567223603,-6.188469886779785,1.3633612394332886,0.9332191944122314
1761086229.251016,2c08d2cc-7a1c-9d34-25ea-6265acb43d72,9d7dfc64-0259-682b-05db-4c7cff36b57a,21,-76.0,-75.0,-80.0,-83.0,2.201374283381678,3.0186606050395173,1.6147933458996597,2.2268479518405044,0.6298871326000153,0.5205134701859284,0.17646912653570462,0.6389008010464702,-6.23250675201416,1.2376846075057983,0.899049401283264
1761086230.252844,2c08d2cc-7a1c-9d34-25ea-6265acb43d72,c4fdeb94-1aac-329a-f5c0-cd65583618b2,7,-70.0,-83.0,-73.0,-69.0,2.131758719854789,-3.13850897936359,1.5996953530477822,2.246495156466455,0.30372000678100497,0.44078242189059114,0.20346186208031175,0.6932525899436249,-6.243736267089844,1.1822770833969116,0.8240790367126465
1761086232.252762,2c08d2cc-7a1c-9d34-25ea-6265acb43d72,5b2887f9-dae3-2112-22de-26d9c378dcd0,6,-71.0,NaN,-69.0,-68.0,2.1814426531513074,NaN,1.6366802690023667,2.217990278054901,0.36782688817209264,NaN,0.1455390071879562,0.6815495282703534,-6.198459148406982,1.129752278327942,0.697153627872467
1761086233.25459,2c08d2cc-7a1c-9d34-25ea-6265acb43d72,5806db22-cee0-903d-91d6-a6282bfe3508,4,-69.0,NaN,-73.0,-80.0,2.163963794284899,NaN,1.6133334009900782,2.1920718616940316,0.45175298110603634,NaN,0.19553210019751907,0.7409284331991961,-6.1731791496276855,1.105799674987793,0.6131542921066284
1761086234.251587,2c08d2cc-7a1c-9d34-25ea-6265acb43d72,87f1ee69-ddf0-8122-77a5-4abef404567a,4,-73.0,NaN,-68.0,-72.0,2.167910066388179,NaN,1.6092369266013182,2.1972719500385205,0.4131601816433166,NaN,0.20732322927908808,0.7743290672216702,-6.13411569595337,1.0868000984191895,0.5542917847633362
1761086236.248607,2c08d2cc-7a1c-9d34-25ea-6265acb43d72,d469a322-f034-2810-c513-7aa991f01ba5,32,-79.0,-74.0,NaN,-75.0,2.1958375714754035,-3.080827306997455,NaN,2.1962333172133897,0.4146306460392038,0.5983198186719518,NaN,0.5612300407494455,-6.0399956703186035,1.0483758449554443,-1.8834259510040283
1761086237.254264,2c08d2cc-7a1c-9d34-25ea-6265acb43d72,58d07557-8841-d511-ddbd-23847366896d,24,-74.0,-92.0,NaN,-83.0,2.1843263239796453,-3.074406159293165,NaN,2.0989075625442255,0.46571626759645796,0.43724807422891976,NaN,0.45285999059215504,-5.9570488929748535,1.111770749092102,-1.98702597618103
1761086238.25418,2c08d2cc-7a1c-9d34-25ea-6265acb43d72,5233606e-5ce8-5f22-9f0e-b51616fa920a,24,-74.0,-79.0,NaN,-75.0,2.1732923149512287,-3.0797135730295837,NaN,2.03748654569151,0.2996974684020084,0.4985968861265805,NaN,0.4546677443401008,-5.85869312286377,1.1890586614608765,-2.010667562484741
1761086239.25286,2c08d2cc-7a1c-9d34-25ea-6265acb43d72,a15aab07-6044-a709-a549-a9a9d3ad221f,35,-76.0,-71.0,NaN,-77.0,2.161973880318392,-3.0200193498276757,NaN,2.0469823128742966,0.5678511918516005,0.5481862439148872,NaN,0.41283803901995786,-5.744027137756348,1.279220700263977,-1.9793046712875366
1761086241.248106,2c08d2cc-7a1c-9d34-25ea-6265acb43d72,c1685251-b7ac-f220-8019-67c519d1864f,3,-82.0,-67.0,-70.0,-69.0,2.2058420024263956,-2.956491772552708,1.702831059951063,2.094986324155193,0.5901975102423463,0.4533077012609109,0.4317930214995696,0.43979948242175654,-5.735485076904297,1.3457120656967163,-2.0960285663604736
1761086242.251983,2c08d2cc-7a1c-9d34-25ea-6265acb43d72,bb6e29bd-8e46-42d6-8034-34540cab4924,30,-81.0,-74.0,-83.0,NaN,2.20204220418307,-2.972543177074833,1.684711444526382,NaN,0.5571702181151879,0.4784522030090031,0.34179398917386367,NaN,-5.764808654785156,1.3970061540603638,-2.228153705596924
1761086243.250786,2c08d2cc-7a1c-9d34-25ea-6265acb43d72,737e4ec3-5b78-638e-1fb2-87960f0472eb,18,-78.0,-72.0,-81.0,NaN,2.1955259816278643,-2.8852029449129217,1.625765036958568,NaN,0.5703961085892802,0.5144404975046526,0.30974301190232817,NaN,-5.75780487060547,1.4570255279541016,-2.322880506515503
1761086245.253929,2c08d2cc-7a1c-9d34-25ea-6265acb43d72,60669dd8-198a-dab7-d338-d7898377393b,31,-75.0,-73.0,-75.0,NaN,2.202845413567838,3.0996819548829984,1.6880004484726296,NaN,0.1406852462984755,0.3329556898851904,0.2753461392503259,NaN,-5.7673468589782715,1.5523937940597534,-2.2278332710266113
1761086246.253237,2c08d2cc-7a1c-9d34-25ea-6265acb43d72,7281b21c-3bdd-ecc5-3990-055edbf6060c,2,-70.0,-71.0,-68.0,NaN,2.2798848049494325,3.1345230261600685,1.634129493310289,NaN,0.18727104107512055,0.23414206040451302,0.2878105487449806,NaN,NaN,NaN,NaN
1761086247.252169,2c08d2cc-7a1c-9d34-25ea-6265acb43d72,0729efc9-8960-18e6-1cb3-be03a4c10018,6,-75.0,-63.0,-74.0,-76.0,2.2222923484798147,3.075465298458689,1.5581282021216076,2.126714160117961,0.09196607639635206,0.3378104661048368,0.21046034981941733,0.3808578352543912,-5.746679782867432,1.5678468942642212,-0.2333233654499054
1761086248.25235,2c08d2cc-7a1c-9d34-25ea-6265acb43d72,b7f43e0a-0755-95dc-d319-4405f036a881,4,-67.0,-75.0,-73.0,-69.0,2.2255147733988108,3.010306268699939,1.5460038949429131,2.1121535931740616,0.26431629141111285,0.3159524050104433,0.3453442492230483,0.3423046170233727,-5.7119879722595215,1.559207797050476,0.17021873593330383
1761086250.253055,2c08d2cc-7a1c-9d34-25ea-6265acb43d72,cb2e7d50-9f81-42e4-2532-f2647724559e,8,-82.0,-65.0,-83.0,-77.0,2.182516972335045,3.0042715456698192,1.554641591622476,2.131545666967583,0.47858246487582157,0.3481569468083355,0.3409443076280739,0.2996336524043874,-5.75434160232544,1.484666109085083,0.27295777201652527
1761086251.25542,2c08d2cc-7a1c-9d34-25ea-6265acb43d72,c98d23ef-1991-714b-1927-6af67440c843,16,-75.0,NaN,-78.0,-72.0,2.222566121439875,NaN,1.5864482571535101,2.161836461206144,0.5604434761214906,NaN,0.33180743469168916,0.32937626822206945,-5.809401035308838,1.445471167564392,0.26967549324035645
1761086252.251885,2c08d2cc-7a1c-9d34-25ea-6265acb43d72,14855c2a-58cc-9424-20c9-2bfb5b1791ae,32,-79.0,NaN,-82.0,-86.0,2.2310184621075684,NaN,1.6193755808712498,2.1043436069612955,0.7213000704379579,NaN,0.26600260501335105,0.35389482724545207,-5.76313304901123,1.4044840335845947,0.4036198854446411
1761086254.252901,2c08d2cc-7a1c-9d34-25ea-6265acb43d72,007fdc49-21f6-5b27-99e3-e0b6c765bf88,1,-70.0,NaN,-72.0,-68.0,2.2158245954564486,NaN,1.5919839037953492,2.106386251517386,0.7300861717692655,NaN,0.3179844302116874,0.338793172547076,-5.7165374755859375,1.3059461116790771,0.5959125757217407
1761086255.252193,2c08d2cc-7a1c-9d34-25ea-6265acb43d72,8b0f54c8-6623-7678-7db9-27e38ae88852,11,-70.0,NaN,-76.0,-71.0,2.180645302720938,NaN,1.6015707510874162,2.0762877375095288,0.6185548495295101,NaN,0.2518849384034888,0.30199164852305715,NaN,NaN,NaN
1761086256.247908,2c08d2cc-7a1c-9d34-25ea-6265acb43d72,c81cfbd5-0e47-1faa-ddc6-55e0d7dc3002,0,-73.0,-74.0,-74.0,-65.0,2.200533789741649,3.122291127273335,1.5941474558649296,2.0806867469981216,0.5208544213844858,0.5773422985024794,0.2668743907961885,0.3335921853857194,-5.71788215637207,1.210275411605835,0.5899670124053955
1761086258.251351,2c08d2cc-7a1c-9d34-25ea-6265acb43d72,07331d94-0790-22b0-a90e-d42ad3c2e30f,21,-80.0,-74.0,-78.0,-75.0,2.1458686799422466,2.9797784531243607,1.525435236579795,2.159088078961182,0.4355534049587615,0.5225405352496423,0.2528954748791194,0.4600025553462339,-5.62857437133789,1.1356409788131714,0.5072089433670044
1761086259.254131,2c08d2cc-7a1c-9d34-25ea-6265acb43d72,2794f445-ddb0-4299-df83-f9c494fa1d37,4,-70.0,-69.0,-71.0,-68.0,2.2189298412874807,-3.1210335826065996,1.4526925893009346,2.1125866231673087,0.46415129427138657,0.3767379250480386,0.3568632531754817,0.5857375143647907,-5.605419158935547,1.1498726606369019,0.416571855545044
1761086260.25327,2c08d2cc-7a1c-9d34-25ea-6265acb43d72,78361892-f2c8-7671-7233-2298bc018075,13,-75.0,-74.0,-67.0,-69.0,2.2130383963240075,-3.1185168953764744,1.4950693411984934,2.177389854604425,0.5005689569137841,0.3008530139989938,0.3571121921583768,0.6470420844988425,-5.596846103668213,1.1835882663726807,0.35762113332748413
1761086261.25542,2c08d2cc-7a1c-9d34-25ea-6265acb43d72,891fdb1a-5453-25bb-029e-ae45837468c3,35,-84.0,-75.0,-75.0,-78.0,2.257954738637066,3.1196572609552464,1.4689581119747026,2.1961997613836544,0.8535318109357629,0.2842302615545053,0.37948743913646366,0.5876511953450944,-5.56676197052002,1.2522945404052734,0.3621472716331482
1761086263.25098,2c08d2cc-7a1c-9d34-25ea-6265acb43d72,39521ae5-b6fc-ea25-dc23-c1b56891373f,30,-80.0,-72.0,-76.0,-80.0,2.306449836822973,3.127614786292403,1.542307427349883,2.151856531337181,0.608218721864749,0.21312206281565385,0.3349047909079922,0.5084114669813631,-5.538916110992432,1.3010542392730713,0.325042724609375
1761086264.254945,2c08d2cc-7a1c-9d34-25ea-6265acb43d72,d36a4de0-18fa-cf98-6be0-d50491143a0c,5,-84.0,-69.0,-68.0,-75.0,2.349268140829267,-3.139704472376927,1.4962182288927535,2.094176723183809,0.36598681030641605,0.20764392380860405,0.3365609109213716,0.460957331886541,-5.51361322402954,1.3186092376708984,0.33783355355262756
1761086265.252978,2c08d2cc-7a1c-9d34-25ea-6265acb43d72,194925ed-f315-a405-e8ab-1fa4091106cc,11,-73.0,-64.0,-73.0,-68.0,2.251987659898634,-2.9540978570488354,1.6172109635372336,2.1660549083728293,0.5639367445233476,0.32307795882305934,0.22514721717801356,0.4516467542680559,-5.497339248657227,1.3462990522384644,0.315671980381012
1761086267.255588,2c08d2cc-7a1c-9d34-25ea-6265acb43d72,653b5d7b-ba91-9b6b-d54c-4903d29884e9,22,-76.0,-71.0,-78.0,-69.0,2.2787902457414098,-2.984383591281326,1.6396614115266013,2.0997677635763212,0.6117575303212462,0.1849388776190245,0.2017840373040482,0.4649026718834388,-5.50301456451416,1.494210958480835,0.3745422065258026
1761086268.252591,2c08d2cc-7a1c-9d34-25ea-6265acb43d72,a81429ae-3657-492d-651c-8d3e3bb12566,25,-78.0,-77.0,-74.0,-69.0,2.3246647934146787,-3.0216164475333964,1.6044661398245503,2.1107570314984243,0.8457364055299648,0.1536112814785818,0.2607673962319869,0.45240202675320224,-5.5093231201171875,1.6019994020462036,0.437231034040451
1761086269.256331,2c08d2cc-7a1c-9d34-25ea-6265acb43d72,d35410a0-8da0-7736-3581-2444c635b7b6,19,-78.0,-71.0,-72.0,-69.0,2.2941497610123327,-3.116452679215554,1.551289737074502,2.146921693837264,0.6007267836651654,0.15376331468731164,0.24751214440687638,0.45566459882563104,-5.55107021331787,1.6195045709609985,0.5209540724754333
1761086270.255403,2c08d2cc-7a1c-9d34-25ea-6265acb43d72,9aa00ae6-e109-f8b0-b6fc-848a44153573,22,-82.0,-78.0,-81.0,-81.0,2.2936624025328483,-2.5342188195808717,1.5233073708688216,2.164491632812953,0.6583043264326786,0.0873762763827902,0.2624266288148903,0.37621551271070597,-5.56130027770996,1.644614577293396,0.6130425333976746
1761086272.253183,2c08d2cc-7a1c-9d34-25ea-6265acb43d72,9f68ae53-7a4e-9753-b3f0-f3bf2047ccf7,36,-75.0,-75.0,-81.0,-72.0,2.2120349172252656,-3.1096741352929755,1.588352949965135,2.0852620577508776,0.48669951356227414,0.07551851833969878,0.3311688419518018,0.2497902124033302,-5.582653999328613,1.672114610671997,0.7735397219657898
1761086273.253009,2c08d2cc-7a1c-9d34-25ea-6265acb43d72,96f50528-62bf-a146-7caa-1044ec94452a,31,-79.0,-78.0,-81.0,-84.0,2.223672398556694,-2.9183063035787153,1.5473796839620477,2.103959579132106,0.5296401565311436,0.08131807592318595,0.2253453730078723,0.26125856636078154,-5.56944179534912,1.7023950815200806,0.881764531135559
1761086274.25519,2c08d2cc-7a1c-9d34-25ea-6265acb43d72,435bd381-02c7-bfca-b78a-c25553f4fed5,36,-88.0,-82.0,-81.0,-80.0,2.2604671648094468,-2.6688898159001075,1.5596509976329147,2.2447912660010223,0.6646256055960906,0.1660496419288241,0.3096668454951519,0.25416988068450636,-5.584379196166992,1.7357196807861328,0.9636847376823425
1761086276.2533,2c08d2cc-7a1c-9d34-25ea-6265acb43d72,36992bab-b884-c249-88bd-e4a933e95f7e,0,-79.0,-62.0,-69.0,-78.0,2.2374111139881947,-2.6650197102040045,1.5001181619930657,2.391056334125918,0.44778237436829627,0.3637778180507361,0.3007873337886097,0.43549900989349655,-5.5459113121032715,1.8171193599700928,1.039133071899414
1761086277.254357,2c08d2cc-7a1c-9d34-25ea-6265acb43d72,bec52149-7d69-56b4-db05-4783d107b08f,13,-75.0,-74.0,-80.0,-83.0,2.306693782378824,-2.7804464381702187,1.5212199852064174,2.321971804920391,0.4664056934236523,0.4461177655289422,0.41806026489100784,0.4378649289164094,-5.521822452545166,1.87878954410553,0.9289516806602478
1761086278.253019,2c08d2cc-7a1c-9d34-25ea-6265acb43d72,94bade25-4a1b-0623-43ea-397eef13415e,3,-72.0,-72.0,-69.0,-73.0,2.2889246389535973,-3.0881288957581257,1.457308912734478,2.24962916443726,0.3934185679567227,0.2842007670454327,0.4790960887815569,0.4477723875142085,-5.475796699523926,1.9574552774429321,0.834186553955078
1761086279.255467,2c08d2cc-7a1c-9d34-25ea-6265acb43d72,de626db6-6409-23bd-0527-8a032738cf67,21,-74.0,-69.0,-76.0,-71.0,2.316773847104774,3.106328672331618,1.552592022847551,2.2644523190646413,0.4766596292792708,0.20752469741555254,0.4970698961365563,0.5309035268627635,-5.4065399169921875,2.0551602840423584,0.7054607272148132
1761086281.252253,2c08d2cc-7a1c-9d34-25ea-6265acb43d72,17c1d599-bd4d-3e4d-13a9-6f1c6ecf6c31,31,-77.0,-80.0,-79.0,-72.0,2.3091838379980483,3.0881334231319784,1.5529680611934702,2.2380683821452263,0.4895644091049269,0.2012528032456046,0.462302760869249,0.5146011526974116,-5.41205883026123,2.198275089263916,0.42439979314804077
1761086282.254422,2c08d2cc-7a1c-9d34-25ea-6265acb43d72,f07cae2d-1f6a-d2a2-01ab-468a0fcef304,20,-73.0,-78.0,-73.0,-72.0,2.2838555781347405,3.1273937439219264,1.6252132299807036,2.238466258412084,0.49702442266094315,0.23660182256633747,0.39773305537021914,0.5514291085952495,-5.42761993408203,2.270725965499878,0.27383071184158325
1761086283.250956,2c08d2cc-7a1c-9d34-25ea-6265acb43d72,5b0a36f9-61fb-634c-86f5-90977ae4b677,35,-83.0,-77.0,-76.0,-85.0,2.321016795353488,3.1374221433227287,1.616286314006758,2.1501819356437393,0.5187327142335333,0.26241629242090947,0.4915991640462883,0.5591130274199142,-5.46852970123291,2.32811975479126,0.08489947766065598
1761086285.251346,2c08d2cc-7a1c-9d34-25ea-6265acb43d72,5f26df21-7995-d92e-3c97-3ed984440369,29,-76.0,-78.0,-81.0,-77.0,2.301880917656833,3.112257401550352,1.5843294461902433,2.127116830074781,0.6336256115592412,0.21324336980330696,0.46375847801059994,0.5350155807439004,-5.541226387023926,2.37518858909607,-0.265255331993103
1761086286.251934,2c08d2cc-7a1c-9d34-25ea-6265acb43d72,05aaffd4-b566-cc5a-8e62-66cf1884bbc2,6,-73.0,-68.0,-77.0,-70.0,2.307736143629481,3.0560487235831397,1.5028010304752115,2.099082798543953,0.6181485177261913,0.18089405191065536,0.3846530395448359,0.5036203403117697,-5.565801620483398,2.3716588020324707,-0.34334659576416016
1761086287.253199,2c08d2cc-7a1c-9d34-25ea-6265acb43d72,f99b8e39-ad8e-2b42-db33-82349e2aa765,10,-78.0,-72.0,-82.0,-72.0,2.2502747146854953,-3.054408216351651,1.496804124332571,2.1778553751629706,0.3800936078900793,0.3141989464592215,0.3684854546201556,0.48037217570738205,-5.5691752433776855,2.311396360397339,-0.25901058316230774
1761086289.253885,2c08d2cc-7a1c-9d34-25ea-6265acb43d72,fe5da017-9abc-b982-34b6-bd2ee12f552c,36,-86.0,-71.0,-81.0,-80.0,2.255770946543201,-3.0843844912654736,1.5208151847207256,2.190612449416668,0.46078106391189133,0.34318316057747617,0.32067099382984565,0.4799303239930243,-5.630396842956543,2.128727674484253,-0.12134993076324463
1761086290.255623,2c08d2cc-7a1c-9d34-25ea-6265acb43d72,360c1dc4-7810-5eeb-d408-39e74509d386,11,-72.0,-88.0,-73.0,-68.0,2.257521176011601,-3.1107625692304905,1.6131096954585116,2.192288643006764,0.40432411275205626,0.3837170050007003,0.29791258454992364,0.4302030810392787,-5.673911094665527,2.02050256729126,-0.08126728236675262
1761086291.248794,2c08d2cc-7a1c-9d34-25ea-6265acb43d72,3e4fad23-8dbd-3e5d-f957-3fb6c0d49356,30,-75.0,-79.0,-81.0,-78.0,2.2757595684208995,-3.108594756103166,1.6133003777925612,2.1613395153467354,0.47151426889518316,0.3591487114439604,0.38049527916149056,0.3045381298678773,-5.709632873535156,1.9111862182617188,-0.03036639466881752
1761086292.254483,2c08d2cc-7a1c-9d34-25ea-6265acb43d72,0c3207ee-3b1a-0fbe-ecaa-9c7a751d6224,17,-74.0,-72.0,-75.0,-78.0,2.2522438559955,-2.983118589763538,1.557600896225772,2.177204498592555,0.43256936624684134,0.23386331066216579,0.3752687589431828,0.5333684156096864,-5.71453094482422,1.80762779712677,0.06971189379692078
1761086294.254595,2c08d2cc-7a1c-9d34-25ea-6265acb43d72,5bc83ffa-ebf5-8419-2f97-9be8f51f7937,0,-69.0,-70.0,-74.0,-74.0,2.2404353997220885,-2.994383761174573,1.5086589196089497,2.2117409042409206,0.4298395262609692,0.2528450579107328,0.3515127628084307,0.6116014690813677,-5.6298508644104,1.7229266166687012,0.2636217772960663
1761086295.253072,2c08d2cc-7a1c-9d34-25ea-6265acb43d72,0474ff97-92db-f4fc-3a7f-fea8c87952c5,17,-90.0,-74.0,-75.0,-66.0,2.2334019912831895,3.059712700610871,1.6215865372082336,2.2277917761308283,0.39544173814734224,0.2917118800048649,0.3100335627772558,0.5296215809825403,-5.6399078369140625,1.6524420976638794,0.3503956198692322
1761086296.254319,2c08d2cc-7a1c-9d34-25ea-6265acb43d72,d1170144-aac9-baf0-8614-80d64dcd4bbc,21,-72.0,-84.0,-70.0,-72.0,2.4937851100146347,3.0379466850216534,1.6845346106300008,2.2286551729562323,0.7300237872207305,0.35419273510289107,0.2313397990817476,0.5987761513247369,-5.69340467453003,1.56149959564209,0.37619173526763916
1761086298.251187,2c08d2cc-7a1c-9d34-25ea-6265acb43d72,9f128371-efba-3968-f1d3-bacaba3af712,20,-73.0,-75.0,-74.0,-70.0,2.2116578136149103,3.0422775175863404,1.680342262441998,2.2165132889143426,0.6825464160453973,0.4377418908740477,0.11844039434526163,0.548641810908859,-5.896971225738525,1.4076324701309204,0.3450462222099304
1761086299.25681,2c08d2cc-7a1c-9d34-25ea-6265acb43d72,a4f21dba-39a3-d507-6a17-e45542ff5a2b,28,-84.0,-75.0,-77.0,-79.0,2.3219398469873096,-3.135288152341248,1.6639020364007207,2.1859183616792945,0.6675020858894852,0.4381408989843688,0.14228429144074312,0.4981143213370581,-5.9774322509765625,1.3475701808929443,0.353963017463684
1761086300.252667,2c08d2cc-7a1c-9d34-25ea-6265acb43d72,58175873-1ff9-3a93-5b99-b624f71507d7,1,-74.0,-69.0,-67.0,-65.0,2.2970355623695426,3.10290278190534,1.6455725638821415,2.1607419019981218,0.7726394246680695,0.504804281863878,0.1892884521798828,0.6095490374082709,-6.01645851135254,1.3024686574935913,0.35043060779571533
1761086301.249302,2c08d2cc-7a1c-9d34-25ea-6265acb43d72,0aee5c3c-8903-a104-dacf-27101386163a,5,-71.0,-70.0,-78.0,-72.0,2.2532819561884128,3.092795552936271,1.6706030823355782,2.1513164422681132,0.5417591706771718,0.4643940081152337,0.19496582892598416,0.5107204276464619,-6.049890518188477,1.2576905488967896,0.34044960141181946
1761086303.252566,2c08d2cc-7a1c-9d34-25ea-6265acb43d72,f7a34715-7d11-5896-b1f4-e4b38255c62d,19,-87.0,-70.0,-70.0,-76.0,2.261684762059831,3.115239609339023,1.626300864969892,2.1707505940068574,0.4413840965598673,0.29039534631998426,0.16992033019141572,0.4178138226216347,-6.14231300354004,1.1404130458831787,0.34933722019195557
1761086304.256068,2c08d2cc-7a1c-9d34-25ea-6265acb43d72,5ef68811-8bac-3d3d-3bb7-d78b781ab0c1,29,-80.0,-74.0,NaN,NaN,2.2574375527533728,3.1108959936011042,NaN,NaN,0.4001104259858193,0.34147028194336454,NaN,NaN,NaN,NaN,NaN
1761086305.253343,2c08d2cc-7a1c-9d34-25ea-6265acb43d72,d00cb87f-d553-f729-6cfe-2e0d785dbeff,26,-80.0,-77.0,-76.0,-74.0,2.2749797948537247,3.1374317307026534,1.5973480428629867,2.195477512096025,0.47894235780763217,0.32310112832454296,0.15849432049529655,0.4548941796117848,-6.177903175354004,1.0755552053451538,0.3990229666233063
1761086307.254398,2c08d2cc-7a1c-9d34-25ea-6265acb43d72,a8375d88-eb7f-3644-3201-0cdc89e194f0,32,-80.0,-69.0,-82.0,-80.0,2.2501170555489627,-3.091579553582541,1.6534475312255057,2.1089546040726583,0.435526740058347,0.23114364062270643,0.17450311443998087,0.3697203957071389,-6.1552581787109375,1.0660573244094849,0.5442473888397217
1761086308.254547,2c08d2cc-7a1c-9d34-25ea-6265acb43d72,da74ed7e-bed0-e469-9387-051fdc1849c6,9,-72.0,-71.0,-74.0,-71.0,2.285423647384579,-3.11699063775575,1.5881052759837575,2.0952712823918316,0.3240653590867198,0.18508498529432899,0.19222398807044988,0.30675108357567865,-6.1026291847229,1.098797082901001,0.5897090435028076
1761086309.252735,2c08d2cc-7a1c-9d34-25ea-6265acb43d72,8b22a74d-37d4-7b84-8dda-887d83d75629,2,-69.0,-73.0,-68.0,-69.0,2.330885405088886,3.0387738628562317,1.6574859487025018,2.150747058427054,0.35803600945101166,0.22849041645244456,0.1641058006491753,0.3817720318775881,-6.084199905395508,1.1072239875793457,0.6257323026657104
1761086310.254463,2c08d2cc-7a1c-9d34-25ea-6265acb43d72,886ea02e-e02b-79fb-dc2f-8ecf2dcf8fe9,7,-73.0,-75.0,-69.0,-75.0,2.326661098967802,3.077565999926544,1.6531780193231895,2.151513516188779,0.49708970339716374,0.36363364116722197,0.21713890868782038,0.5179531071139263,-6.074723720550537,1.0946437120437622,0.620887041091919
1761086312.253469,2c08d2cc-7a1c-9d34-25ea-6265acb43d72,f015cce9-b9de-1f9f-4640-815fe957b2f2,19,-86.0,-77.0,-74.0,-68.0,2.271029261692701,3.1191347487493726,1.6395234597821355,2.2030270411541815,0.3778264921436085,0.3899474037919134,0.19082905758098,0.4577607396301188,-6.060864448547363,1.1095792055130005,0.6396490931510925
1761086313.252882,2c08d2cc-7a1c-9d34-25ea-6265acb43d72,6f3e98e3-2319-dfc5-a2f7-a3e7da2d7313,4,-69.0,-71.0,-67.0,-64.0,2.253349600480101,3.0637692275832795,1.6380858854257105,2.2357050929938898,0.4631997468139013,0.39849102430596933,0.16671107127505894,0.5851716592121763,-6.059791564941406,1.1177611351013184,0.6265769004821777
1761086315.255465,2c08d2cc-7a1c-9d34-25ea-6265acb43d72,8a8d817e-ac3f-ddf3-e7bb-ab96d5049e6d,2,-71.0,-72.0,-70.0,-68.0,2.211873529663207,-3.109920477693808,1.618538815656747,2.173529336288246,0.4361129018142734,0.30503677349248104,0.1729768401744996,0.515914157693848,-6.08228635787964,1.1427088975906372,0.4514523148536682
1761086316.253608,2c08d2cc-7a1c-9d34-25ea-6265acb43d72,b4761fe8-bcd6-6b04-b33f-5f7573cefdef,5,-69.0,-70.0,-76.0,-69.0,2.1853084977896664,-3.1185544459478445,1.6021427980895653,2.1305682868475238,0.43913082925106495,0.18527639999767842,0.14945292188399117,0.5622560901384257,-6.082666873931885,1.1462209224700928,0.426477313041687
1761086317.254622,2c08d2cc-7a1c-9d34-25ea-6265acb43d72,c01729e5-f9fb-dda8-8e6e-422f82eb2751,2,-70.0,-66.0,-80.0,-68.0,2.193027403893152,3.1263785469143883,1.5997102667498868,2.1272340091627444,0.5380498533318822,0.2023570663468492,0.20710792934971198,0.5326957676973597,-6.072547912597656,1.1263824701309204,0.37810635566711426
1761086318.25192,2c08d2cc-7a1c-9d34-25ea-6265acb43d72,78fb1a68-b8bb-8130-92f7-733b275c3d77,24,-81.0,-82.0,-82.0,-74.0,2.1732742054558165,3.11532909155165,1.6304474067871455,2.136253070510407,0.30443663014083167,0.22249099695152535,0.18769501632066113,0.5941319978578022,-6.096315383911133,1.095867395401001,0.310638278722763
1761086320.254966,2c08d2cc-7a1c-9d34-25ea-6265acb43d72,c4f22955-0b29-598e-50a6-a39589444be4,34,-80.0,-69.0,-84.0,-76.0,2.1679947549108434,-2.9425690326898826,1.5978247486981108,2.13971517992751,0.30283597045715316,0.1764470389434138,0.09494274980338245,0.6168551535427943,-6.017182350158691,1.1844154596328735,0.3098602592945099
1761086321.253304,2c08d2cc-7a1c-9d34-25ea-6265acb43d72,4d8b7844-e633-e3c8-fe4b-2e4dd914c38b,8,-72.0,-67.0,-69.0,-66.0,2.222864928114182,-2.942599925358527,1.6082318496059225,2.147279622687771,0.4804664183204573,0.18449509511287643,0.10339494899064304,0.5819757327460265,-5.99157476425171,1.25106942653656,0.39288416504859924
1761086322.256801,2c08d2cc-7a1c-9d34-25ea-6265acb43d72,b278262c-bbea-d388-bfd2-009ed4c5d21a,34,-77.0,-70.0,-80.0,-85.0,2.211139562466781,3.0886426195324015,1.7253587396120433,2.2077264552137357,0.41428813023350597,0.2040001202261304,0.17159331134344671,0.581123454618174,-5.97446060180664,1.2706116437911987,0.43970027565956116
1761086324.254982,2c08d2cc-7a1c-9d34-25ea-6265acb43d72,c1981d99-2a33-c9f7-2278-4eefa8d7e9ae,2,-79.0,-69.0,-81.0,-73.0,2.2067144539995054,3.1155378833811116,1.5618086907480973,2.1032703530419936,0.5126233228243506,0.2219199319900283,0.14055538390582045,0.32525209695797275,-5.987608432769775,1.25847852230072,0.623660683631897
1761086325.253989,2c08d2cc-7a1c-9d34-25ea-6265acb43d72,0ff6b99e-6e56-9ace-ab14-93954f14fa81,0,-80.0,-64.0,-66.0,-67.0,2.228167814476748,3.136915610083396,1.5616648800492328,2.073279430742175,0.5133922107205702,0.22941105459652814,0.1192635607934483,0.4346878776044857,-5.929383277893066,1.2712501287460327,0.6887131929397583
1761086326.249736,2c08d2cc-7a1c-9d34-25ea-6265acb43d72,d3d81d5c-8411-51df-4636-33c9d30b05ea,0,-73.0,-64.0,-70.0,-68.0,2.2495460738112496,3.1109162336253884,1.5863864718162204,2.1416497001433434,0.6223870717591069,0.2391579245805955,0.1784573760265305,0.6307562552217628,-5.911595821380615,1.276306390762329,0.7205362915992737
1761086328.251363,2c08d2cc-7a1c-9d34-25ea-6265acb43d72,9f04ebe1-dff5-dfb7-50a0-96dd4d998b48,7,-71.0,-65.0,-69.0,-68.0,2.2564250189069246,2.994797616407972,1.5134600664221447,2.1297160752986986,0.5487211398198297,0.27258430804185924,0.16591255571171226,0.5744949798230211,-5.829530239105225,1.3459804058074951,0.8353288769721985
1761086329.254445,2c08d2cc-7a1c-9d34-25ea-6265acb43d72,6da2c1bb-195e-3423-5057-0e4abb938720,23,-72.0,-71.0,-75.0,-78.0,2.241328623951701,3.046844838855826,1.5699494415682513,2.121807019493381,0.602939537635885,0.325084118072216,0.17523148899811755,0.5358956556156307,-5.812224864959717,1.36240291595459,0.8506009578704834
1761086330.256201,2c08d2cc-7a1c-9d34-25ea-6265acb43d72,ed688e09-6c8a-546d-7728-dfd532abe373,23,-80.0,-70.0,-74.0,-75.0,2.2140860838968446,3.1125109344861275,1.5727404343906544,2.139999072899712,0.5498809464745592,0.4139365596801019,0.2242049242053163,0.5660279917693323,-5.80363416671753,1.3342288732528687,0.801229953765869
1761086331.249412,2c08d2cc-7a1c-9d34-25ea-6265acb43d72,26ae400d-a200-0ab2-68d9-c7f78112fefd,24,-80.0,-69.0,-77.0,-66.0,2.2313284540584535,3.0273110848923133,1.6083655402926442,2.2456898165528147,0.6332645534944538,0.39789337766784194,0.3687009709313702,0.5735248568169327,-5.817452907562256,1.2630882263183594,0.694257616996765
1761086333.254884,2c08d2cc-7a1c-9d34-25ea-6265acb43d72,9bed66a2-4999-20f2-0ce6-adedad280b92,17,-71.0,NaN,-79.0,-66.0,2.2074292464360825,NaN,1.5550128362784328,2.1607019545817705,0.6406822560786515,NaN,0.27818132390206746,0.5258665904245559,NaN,NaN,NaN
1761086334.2543,2c08d2cc-7a1c-9d34-25ea-6265acb43d72,f52f13fc-479b-bac9-4ef9-9d69116057d2,7,-75.0,-72.0,-73.0,-65.0,2.243465011778163,2.9594265760739753,1.5588339398104785,2.134517222111893,0.5320410961223909,0.5704809302699992,0.3718837813291512,0.5373245081194855,-5.73064422607422,1.2138172388076782,0.4159502387046814
1761086335.254207,2c08d2cc-7a1c-9d34-25ea-6265acb43d72,e0423991-03e9-44bf-109f-ae5b68b86627,4,-64.0,-67.0,-74.0,-67.0,2.2561997154787035,3.023948045067761,1.5221867126821162,2.125584447183549,0.6005748503249764,0.6364237949165875,0.31417667577460573,0.5899075585786641,-5.696715831756592,1.222013235092163,0.2799581289291382
1761086337.254252,2c08d2cc-7a1c-9d34-25ea-6265acb43d72,4bf9e7ea-4d6d-4e7f-921d-e61bbc97ed07,34,-83.0,-72.0,-75.0,-72.0,2.323398726632455,3.030473855002891,1.5652542885664418,2.242137159658649,0.46406054705724215,0.8402488955248292,0.3337055361796159,0.5906722852856803,-5.69765567779541,1.2084144353866577,0.11091114580631256
1761086338.252839,2c08d2cc-7a1c-9d34-25ea-6265acb43d72,86df3dee-f007-fef6-cca9-310bbab806c3,18,-73.0,-65.0,-83.0,-79.0,2.235227854526548,3.0730988135140453,1.4854137843503021,2.2337748338358003,0.49773595272518506,0.6052417072402041,0.3033556863438821,0.5330679777492118,-5.68169927597046,1.1951090097427368,-0.17544817924499512
1761086339.25692,2c08d2cc-7a1c-9d34-25ea-6265acb43d72,d6574e90-15f3-5846-6c18-90bcca549466,17,-75.0,-73.0,-76.0,-78.0,2.212319875461904,3.025360585709939,1.5074471813129637,2.2572117166929337,0.5086753196663627,0.5152153775133248,0.2915422366434269,0.5576967250626965,-5.675118923187256,1.1397457122802734,-0.320766806602478
1761086340.254686,2c08d2cc-7a1c-9d34-25ea-6265acb43d72,0dd57b69-f248-832d-ad00-39a685f275c6,33,-77.0,-70.0,-78.0,-69.0,2.1890427822701755,3.0351306584850035,1.5348127594101821,2.2522603675942583,0.6916251322014775,0.5750461875896402,0.20306831345022533,0.47201504304865893,-5.654088973999023,1.0859454870224,-0.442724496126175
1761086342.253314,2c08d2cc-7a1c-9d34-25ea-6265acb43d72,537e6e8c-2cec-cfb0-10b9-c7a403ca6b92,18,-79.0,-72.0,-74.0,-69.0,2.272975499817331,3.1322247181393306,1.5576355173199432,2.2156120752014603,0.6485851200344344,0.4587402169895363,0.17678735764121228,0.44028277958057865,-5.600918769836426,1.0575497150421143,-0.3581943213939667
1761086343.253306,2c08d2cc-7a1c-9d34-25ea-6265acb43d72,41ea2e87-fedf-1e72-f5c2-a6ae5895f1e4,35,-83.0,-73.0,-75.0,-87.0,2.2952112970228384,3.097343166813691,1.57521664157221,2.1399777676109917,0.7018486747311553,0.4709761106179054,0.18948627511460525,0.36198075023666426,-5.585051536560059,1.087146282196045,-0.24153172969818115
1761086344.25502,2c08d2cc-7a1c-9d34-25ea-6265acb43d72,de0edfaf-a3f6-9562-8fd0-a6bc5582f9cc,19,-76.0,-69.0,-81.0,-82.0,2.3126656548072178,3.1299786080759575,1.5899630971601968,2.1345566368960265,0.8052403779942201,0.4892818144237558,0.3646346235524419,0.38783039046238216,-5.566163539886475,1.1202073097229004,-0.1168777346611023
1761086346.249725,2c08d2cc-7a1c-9d34-25ea-6265acb43d72,de639ba8-aa5d-56b9-394c-4c9c02203f84,28,-75.0,-69.0,-76.0,-73.0,2.243705761540706,-3.0463630730146303,1.559549264879274,2.1839060771596306,0.5766708490126433,0.5371571950240013,0.3482616090391756,0.45917737488247284,-5.615097999572754,1.1416772603988647,-0.06650305539369583
1761086347.252377,2c08d2cc-7a1c-9d34-25ea-6265acb43d72,578ddaa6-2a81-2814-8c7a-c2594a7ba2c3,18,-79.0,-74.0,-72.0,-72.0,2.251402297091035,-3.0528292281413427,1.6094995142848,2.191785838192957,0.6208476980700138,0.6111995980728747,0.1948726682221018,0.42347320638562114,-5.629063606262207,1.1653043031692505,-0.0715867057442665
1761086348.252849,2c08d2cc-7a1c-9d34-25ea-6265acb43d72,0bd123e0-33f8-ac80-cb36-a6eed38d50c6,12,-79.0,-73.0,-73.0,-75.0,2.2105510038658736,-2.980522540332929,1.5929873828940906,2.173433462489003,0.3392508700699197,0.4822068939613649,0.20495837552061136,0.30934683340066527,-5.661571979522705,1.2019237279891968,0.1711379587650299
1761086349.257355,2c08d2cc-7a1c-9d34-25ea-6265acb43d72,b102c18e-bebf-d689-0fb5-0e40908cc012,14,-80.0,-72.0,-73.0,-66.0,2.2437840584767543,3.1318955514285967,1.6513436339643432,2.1467091735822756,0.38439091791454477,0.198317050973199,0.1791098837831136,0.3074419408519588,-5.71276044845581,1.2509875297546387,0.33797192573547363
1761086351.254095,2c08d2cc-7a1c-9d34-25ea-6265acb43d72,86249756-6877-32dd-d700-a2f134559906,3,-72.0,-75.0,-81.0,-68.0,2.289377376338911,-3.048858721272144,1.5784555780899643,2.1411942995969397,0.19312180625294287,0.2849733167881511,0.15840415584764056,0.24702979599919261,-5.799006938934326,1.36920964717865,0.5675740838050842
1761086352.255115,2c08d2cc-7a1c-9d34-25ea-6265acb43d72,797fc03a-6a57-fb6e-73be-1aa17c614185,25,-74.0,-75.0,-81.0,-70.0,2.256880419453328,3.106338259711542,1.4675141460316616,2.108005453460154,0.2828495123978401,0.28319655557739104,0.14027829863915456,0.2292045430987493,-5.780974388122559,1.3981342315673828,0.6407052874565125
1761086353.25361,2c08d2cc-7a1c-9d34-25ea-6265acb43d72,c69feb85-3b2c-c634-6f29-6a518310d5ab,33,-80.0,-75.0,-85.0,-77.0,2.2629833194073536,3.109644840520984,1.5858788733124514,2.052338462458664,0.37267743662350844,0.3131935032791757,0.15624649602197196,0.3350194399929201,-5.7596306800842285,1.4188824892044067,0.687774419784546
1761086355.255654,2c08d2cc-7a1c-9d34-25ea-6265acb43d72,4c9e60ec-5fbc-71e9-864c-7ebf0c46cad0,22,NaN,-80.0,-75.0,-79.0,NaN,3.068892084256156,1.5568903648469388,2.0260903467548435,NaN,0.27615798726387975,0.16634988005221688,0.33714750544097516,-5.737601280212402,1.3921793699264526,0.8154136538505554
1761086356.25494,2c08d2cc-7a1c-9d34-25ea-6265acb43d72,3491808b-0683-10f7-0733-f23bb71c0878,26,NaN,-88.0,-81.0,-74.0,NaN,3.0930639995741513,1.5542857933008412,1.9880774506194883,NaN,0.2706330764901855,0.18103290247198933,0.4595131662064182,-5.71827507019043,1.3473238945007324,0.9048268795013428
1761086357.255287,2c08d2cc-7a1c-9d34-25ea-6265acb43d72,f2a92bd2-c8b3-0bd2-c5cc-65e86b004585,9,NaN,-69.0,-70.0,-72.0,NaN,3.058846640624377,1.6465179860691195,1.9924455674394361,NaN,0.2435787220558566,0.11302969157043966,0.5887748495880261,-5.688763618469238,1.2884817123413086,1.0043220520019531
1761086359.255199,2c08d2cc-7a1c-9d34-25ea-6265acb43d72,c9e1d89d-b31b-b052-1209-d477db180f80,4,NaN,-64.0,-82.0,-66.0,NaN,3.1282278459753394,1.2472691259854545,2.0626432979806166,NaN,0.2561925848219352,0.16171002093254,0.6124877025131189,-5.60862684249878,1.1768231391906738,1.0873900651931763
1761086360.254536,2c08d2cc-7a1c-9d34-25ea-6265acb43d72,a9cdef18-e52f-0d29-050f-6d29db614a7f,32,NaN,-74.0,-72.0,-76.0,NaN,-3.116332038018174,1.0993848559177903,2.02383358404711,NaN,0.21870929155885604,0.17596480704902767,0.6111175727113003,-5.511109828948975,1.16923725605011,1.1398142576217651
1761086361.252049,2c08d2cc-7a1c-9d34-25ea-6265acb43d72,f37f8b18-9009-4b98-5f79-9a18e3ce101a,7,NaN,-65.0,-66.0,-74.0,NaN,3.127412918681775,1.0456872725424138,2.0241734034022043,NaN,0.3928789449408454,0.23732059309979303,0.6142217532778967,-5.43741750717163,1.1373752355575562,1.150608777999878
1761086362.254716,2c08d2cc-7a1c-9d34-25ea-6265acb43d72,e9d36bb0-2d95-5093-1535-85fdfc5fb7b9,29,NaN,-72.0,-83.0,-75.0,NaN,3.1230075176065664,1.5084123108920084,2.1003169073930956,NaN,0.27167269135596833,0.20429466584269312,0.6905797083155669,-5.386460304260254,1.126050591468811,1.1540915966033936
1761086364.257987,2c08d2cc-7a1c-9d34-25ea-6265acb43d72,1a6ecf7b-2d6f-fa44-c1c3-292d0d9c6348,34,-76.0,-72.0,-90.0,-77.0,2.298080054149072,-3.1316239089974083,1.3026365113643106,2.0892525383282523,0.413557292251361,0.23510755616820764,0.1906811356271829,0.5242303109612976,-5.373528003692627,1.1228107213974,1.0938575267791748
1761086365.255601,2c08d2cc-7a1c-9d34-25ea-6265acb43d72,87dec474-7766-d24e-8b7b-b843c7b7aad0,15,-83.0,-78.0,-75.0,-67.0,2.258167791524272,-3.1254634847638374,1.6624218514668547,2.153334585742175,0.5324224607904903,0.25822845496200303,0.2204651469550589,0.48248522758479184,-5.3764166831970215,1.1346708536148071,1.019532561302185
1761086366.255872,2c08d2cc-7a1c-9d34-25ea-6265acb43d72,9402170e-4ee5-8bc0-5434-7e86922341bc,3,-70.0,-67.0,-72.0,-69.0,2.3270973247543574,3.1326843797434782,1.7204180431577283,2.173464355157648,0.6081570031064866,0.3679393068596076,0.13797546324456306,0.6182881339463387,-5.397663116455078,1.150913953781128,0.9835660457611084
1761086368.253636,2c08d2cc-7a1c-9d34-25ea-6265acb43d72,c6ebd1fd-172b-4cad-306e-c35a037a601a,31,-77.0,-71.0,-86.0,-70.0,2.3163253707772045,3.064057381613226,1.7017439575940927,2.164488437019645,0.6067776853989072,0.37048149385716994,0.1100622726481973,0.5035876167198753,-5.494553565979004,1.1481921672821045,0.89356529712677
1761086369.254819,2c08d2cc-7a1c-9d34-25ea-6265acb43d72,8e502424-ed34-bb29-3a6f-4d5f99b81d56,4,-69.0,-65.0,-69.0,-67.0,2.2544345723081993,3.0846255073441258,1.6972480090418207,2.1836445547405847,0.5661273276779922,0.40990266957695887,0.14947963671867603,0.4612276094476704,-5.54576587677002,1.1508402824401855,0.8163769245147705
1761086370.255378,2c08d2cc-7a1c-9d34-25ea-6265acb43d72,5be364b9-427b-e7fe-d5dd-717970636199,11,-85.0,-65.0,-78.0,-68.0,2.4035098080153467,2.778009379456687,1.6794133518537782,2.1562145281449867,0.5786441848013647,0.4832949617142305,0.18010965110108615,0.5388206054408647,-5.630559921264648,1.132072925567627,0.712441861629486
1761086371.250081,2c08d2cc-7a1c-9d34-25ea-6265acb43d72,487b8cbd-732e-6800-c402-c0d1c2ce0607,13,NaN,-73.0,-75.0,-75.0,NaN,3.0781854511960964,1.6700709827497804,2.1315302206332603,NaN,0.4248039546928201,0.11669938607213595,0.5748991810974678,-5.731989860534668,1.0988980531692505,0.621167242527008
1761086373.25345,2c08d2cc-7a1c-9d34-25ea-6265acb43d72,bb93d0ce-0f89-fc26-28d3-502c48ef6174,33,NaN,-74.0,-86.0,-75.0,NaN,2.8410922088296124,1.6731378790611158,2.119091660445936,NaN,0.5493231140947284,0.11635754437908906,0.5182699234151048,-5.9574995040893555,1.002497673034668,0.458757221698761
1761086374.255918,2c08d2cc-7a1c-9d34-25ea-6265acb43d72,41a27f4c-e423-e208-da07-265539f7a066,2,NaN,-61.0,-75.0,-67.0,NaN,2.8218173141240546,1.6414068473050394,2.122386523346582,NaN,0.5010681664601195,0.17594388458971374,0.4826074000997992,-6.042211532592773,0.9298282265663147,0.4293081760406494
1761086375.254833,2c08d2cc-7a1c-9d34-25ea-6265acb43d72,ba8abe54-4568-ca7e-bf21-7a91f1cfeb39,19,-82.0,-65.0,-70.0,-69.0,2.2450586473744663,2.9689899875484493,1.6502091273399695,2.114175997705868,0.5546024647711607,0.40720918173996634,0.2253455061659268,0.478630934407661,NaN,NaN,NaN
1761086377.315278,2c08d2cc-7a1c-9d34-25ea-6265acb43d72,e124649f-d874-57ff-32c1-08fe11895d8f,16,-74.0,-68.0,NaN,NaN,2.2322376572546068,2.839073532723332,NaN,NaN,0.6714233908575451,0.2690936029325515,NaN,NaN,NaN,NaN,NaN
1761086378.253992,2c08d2cc-7a1c-9d34-25ea-6265acb43d72,bef858eb-e470-4ecf-f629-bf82665fdd67,27,-77.0,-83.0,NaN,-71.0,2.2051027089077895,3.080873646000423,NaN,2.1074003832604884,0.7863223468747331,0.24474631845677458,NaN,0.5664471733249108,-6.1559419631958,0.7758244276046753,0.29675284028053284
1761086379.255901,2c08d2cc-7a1c-9d34-25ea-6265acb43d72,3328c45b-51c2-9e77-ce1c-d33524b46a70,16,NaN,-67.0,NaN,-75.0,NaN,3.0523730286466124,NaN,2.2434197380396315,NaN,0.29023043006948107,NaN,0.5790512489739832,-6.189920902252197,0.726567566394806,0.27319061756134033
1761086380.255643,2c08d2cc-7a1c-9d34-25ea-6265acb43d72,412c244d-0d74-2b50-2e45-c4a251a9ac48,20,NaN,-71.0,NaN,-72.0,NaN,3.0149268531912266,NaN,2.172889112362191,NaN,0.36979556342890646,NaN,0.5681103174256652,-6.21227502822876,0.6870079040527344,0.22635230422019958
1761086382.254468,2c08d2cc-7a1c-9d34-25ea-6265acb43d72,daa73131-bbc2-f03b-0fb3-ba5a39fdcb63,33,NaN,-75.0,NaN,-75.0,NaN,2.99965415697184,NaN,2.141848371960663,NaN,0.38257011467725766,NaN,0.4972797865199681,NaN,NaN,NaN
1761086383.252798,2c08d2cc-7a1c-9d34-25ea-6265acb43d72,ead5c325-7577-c3ff-f3f4-0783da723b50,22,NaN,-75.0,-74.0,-68.0,NaN,2.980628534144314,1.6026503965933343,2.083088385669155,NaN,0.38134858926426557,0.5271604206611435,0.3718363437722342,NaN,NaN,NaN
1761086384.315871,2c08d2cc-7a1c-9d34-25ea-6265acb43d72,5ddeeca9-16fb-f6d6-13ff-9f498ba05513,29,-78.0,-71.0,-83.0,-75.0,2.196965153880943,3.1090797177376697,1.6053018397746173,2.0913079660575753,0.6275297024030771,0.4438130659215877,0.43526931224947724,0.38836601873662435,-6.184940338134766,0.6725826263427734,0.21510599553585052
1761086386.25818,2c08d2cc-7a1c-9d34-25ea-6265acb43d72,3276ea0a-d4c3-05b1-784c-bbf7d68e2d2f,16,-75.0,-81.0,-76.0,-67.0,2.2050835341479407,-3.0329519263972093,1.6109221749391205,2.1168860304311328,0.35682530312994803,0.5428287627499749,0.3347132097570746,0.26971127321312494,-6.1419219970703125,0.642444133758545,0.12133224308490753
1761086387.255727,2c08d2cc-7a1c-9d34-25ea-6265acb43d72,38182508-fc93-09cf-1a8e-839ad9a13663,35,-81.0,-69.0,-77.0,-86.0,2.142081132239936,-3.074263680174846,1.5927711342135764,2.1329257170444618,0.21280741033286102,0.5392636888672266,0.3244772502388142,0.31785423492389614,-6.10901403427124,0.6601958870887756,0.011391837149858475
1761086388.257769,2c08d2cc-7a1c-9d34-25ea-6265acb43d72,5b2b945f-2536-0e8a-39d1-7cff35123726,29,-75.0,-75.0,-80.0,-82.0,2.1981870121890714,3.1010827776163796,1.566447384734797,2.1694472429693725,0.402747288360134,0.47124372501794476,0.4009529835756931,0.4894227289349346,-6.060791969299316,0.6903973817825317,-0.048638567328453064
1761086390.255988,2c08d2cc-7a1c-9d34-25ea-6265acb43d72,f29ccbbc-7301-11cf-a77c-dbaead18c8c7,31,-74.0,-83.0,-81.0,-83.0,2.1661353358377498,-2.9425016547143032,1.6395650050951407,2.1241111864685176,0.51716790735603,0.37936536648999714,0.34889311111266064,0.42144101473680895,-5.939260482788086,0.8168562650680542,-0.051154859364032745
1761086391.255782,2c08d2cc-7a1c-9d34-25ea-6265acb43d72,5e61f479-3f07-2992-3d18-43eaee347b3b,2,-73.0,-75.0,-71.0,-73.0,2.1700443236857683,-3.02578163147828,1.5813823921279615,2.1447565438710297,0.4538754872053159,0.2363604236582786,0.4178832978365721,0.5297064026632593,-5.892055988311768,0.8836702704429626,-0.07609906792640686
1761086392.253882,2c08d2cc-7a1c-9d34-25ea-6265acb43d72,89dc6bf1-fdef-7b81-457e-f4e9ba2325de,30,-86.0,-68.0,-88.0,-76.0,2.1750350875685767,-3.05590624446482,1.5872221717662873,2.168391033281047,0.5224297810378086,0.28200043006329556,0.5030715959691588,0.5431920179226617,-5.842164993286133,0.9529120326042175,-0.3156195878982544
1761086393.254506,2c08d2cc-7a1c-9d34-25ea-6265acb43d72,1913c281-d3dd-373f-46de-4b247513ad72,11,-71.0,-72.0,-75.0,-78.0,2.1539316664585706,3.120240493233974,1.5544109618720752,2.1708501962316262,0.440814213376104,0.37167705344953383,0.5321712248311549,0.5547551970596767,-5.763999938964844,1.028777003288269,-0.37738239765167236
1761086395.257078,2c08d2cc-7a1c-9d34-25ea-6265acb43d72,db90aa35-cea1-b9fa-ca74-c4e61c9f4b65,7,-74.0,-64.0,-73.0,-67.0,2.1724262549647353,-3.0972518203883013,1.5862506506006264,2.1426260149989664,0.2860419767545726,0.3070849441078337,0.44380510972783105,0.35729548422040147,-5.70815658569336,1.1343413591384888,-0.5246437191963196
1761086396.25689,2c08d2cc-7a1c-9d34-25ea-6265acb43d72,7d1bdf18-7d61-3560-1c1a-7bc1eed8d915,11,-75.0,-70.0,-74.0,-66.0,2.202740485020889,-3.0940594891896227,1.581737657817378,2.177062818422563,0.43760743452851236,0.3078221403870813,0.3470682465547111,0.47802922644887125,-5.694807052612305,1.172513723373413,-0.552803635597229
1761086397.254712,2c08d2cc-7a1c-9d34-25ea-6265acb43d72,e5f8ab17-9f17-478b-e854-15e475c030c3,26,-71.0,NaN,-78.0,-74.0,2.2251499203294696,NaN,1.6015510436953497,2.159182887495989,0.4724837594005129,NaN,0.4588726093852269,0.462061278737406,NaN,NaN,NaN
1761086399.255274,2c08d2cc-7a1c-9d34-25ea-6265acb43d72,fa4a2efd-0059-80d1-416d-15955f9db0d7,31,-82.0,NaN,-75.0,-76.0,2.1369662650503303,NaN,1.5220349124999817,2.194606125787351,0.5306615120987026,NaN,0.37541546582973256,0.4042236782894467,-5.628792762756348,1.277097463607788,-0.459151804447174
1761086400.258903,2c08d2cc-7a1c-9d34-25ea-6265acb43d72,bfb9f216-b188-7adc-c6e5-923f25b4c1d1,13,-80.0,NaN,-75.0,-68.0,2.0757769432124515,NaN,1.5552615755242465,2.0120938373298225,0.43535316853430117,NaN,0.29275823599715706,0.3231012281930839,-5.62751293182373,1.302742838859558,-0.547881841659546
1761086401.256905,2c08d2cc-7a1c-9d34-25ea-6265acb43d72,722de0a8-2517-1217-01bf-1c71d7391de9,20,-69.0,NaN,-76.0,-74.0,2.1705860106514905,NaN,1.57300461997079,2.1157744269921337,0.4757888421818421,NaN,0.33943033383787746,0.5426944728520076,NaN,NaN,NaN
1761086402.316282,2c08d2cc-7a1c-9d34-25ea-6265acb43d72,eb196bbb-4346-80a4-07b8-98daed27aaf6,7,-75.0,-66.0,-75.0,-75.0,2.272376288572063,3.0024584655996933,1.6483363924614256,2.123890676730259,0.7390815309832262,0.25906483734709923,0.46989373537186996,0.5110657730608179,-5.62043333053589,1.3020074367523193,-0.49201950430870056
1761086404.255442,2c08d2cc-7a1c-9d34-25ea-6265acb43d72,337edca4-1600-4a84-78d4-2cbfde17639e,35,-75.0,-68.0,-71.0,-72.0,2.2148525416585696,-3.078224599664121,1.5474047176762946,2.134981144773785,0.6465990010724805,0.24423204540552348,0.40662774709497485,0.4508713749166792,-5.620018482208252,1.3252758979797363,-0.16679657995700836
1761086405.256229,2c08d2cc-7a1c-9d34-25ea-6265acb43d72,b8999f7c-df29-be15-adaf-f49c05a4fd9f,1,-72.0,-66.0,-75.0,-73.0,2.2594269340876614,-3.0301063387724603,1.5382237361343554,2.1161504653380527,0.6019923178151712,0.2838227646182096,0.41334746844697634,0.5139207816179236,-5.62200927734375,1.3551416397094727,-0.0802343636751175
1761086406.260131,2c08d2cc-7a1c-9d34-25ea-6265acb43d72,01f0b67b-7d4d-18f8-4474-c8ec3ed129ce,2,-80.0,-63.0,-70.0,NaN,2.3155147045413846,-3.067392191930223,1.6245303954772075,NaN,0.7503820558577322,0.3775869408035558,0.4160144911206362,NaN,-5.63906478881836,1.3842966556549072,0.01955295167863369
1761086408.25397,2c08d2cc-7a1c-9d34-25ea-6265acb43d72,da2583c9-9338-7cc5-6569-42bfc8f7af6e,9,-82.0,-70.0,-69.0,NaN,2.2627633423013127,-3.068551732268844,1.539086600327541,NaN,0.5176524362268563,0.3844075626713578,0.2969410966737764,NaN,-5.638261318206787,1.4443576335906982,0.06668157130479813
1761086409.256972,2c08d2cc-7a1c-9d34-25ea-6265acb43d72,d0914a80-a613-f629-7cee-fbc829b2c819,35,-82.0,-71.0,-84.0,NaN,2.231780126179331,-3.035324003980143,1.6307099944706271,NaN,0.38704159543701433,0.382010051900014,0.25441331025289643,NaN,-5.68293285369873,1.4521872997283936,0.0682569295167923
1761086410.256257,2c08d2cc-7a1c-9d34-25ea-6265acb43d72,da4b88ac-3b11-1314-4b64-0d75685309f3,33,-81.0,-66.0,-79.0,NaN,2.245679163908455,-2.9943238400500465,1.6399948392950794,NaN,0.4125033129604485,0.6705989427630838,0.2601258074358732,NaN,NaN,NaN,NaN
1761086411.255329,2c08d2cc-7a1c-9d34-25ea-6265acb43d72,2b5cb6e5-a305-bade-decc-d162b3675cfd,2,-81.0,-62.0,-79.0,-73.0,2.273525176266323,-3.020461434568629,1.7299793241033308,2.1868264996110116,0.7237558378581471,0.45424476777996897,0.24111238521509104,0.1645859020146893,-5.721974849700928,1.4589576721191406,0.1328708529472351
1761086413.254193,2c08d2cc-7a1c-9d34-25ea-6265acb43d72,5a032880-8354-1383-3448-58457ec5a902,23,-82.0,-70.0,-82.0,-73.0,2.2139412079335443,-3.124858947196389,1.6642349315369807,2.1345262768595994,0.4715163994240552,0.16196490209361739,0.18029737066842308,0.16090095259337392,-5.774184226989746,1.490822196006775,0.36269229650497437
1761086414.256308,2c08d2cc-7a1c-9d34-25ea-6265acb43d72,b5fe94da-7895-2793-73e0-d91d7c1a956f,14,-74.0,-74.0,-84.0,-74.0,2.1937858721716066,3.1080416175447567,1.6721290736401935,2.152928719992047,0.491906259809488,0.14409156249074137,0.20076354726384346,0.21176453309474277,-5.783315658569336,1.4829015731811523,0.406945139169693
1761086415.315889,2c08d2cc-7a1c-9d34-25ea-6265acb43d72,27aef5f6-e363-055c-b02e-5ef11421a112,14,-90.0,-74.0,-90.0,-71.0,2.2525549132108216,3.052983425168459,1.624012676961296,2.1607573483324436,0.579769636678032,0.17160517905505435,0.14700827316135293,0.21413379771377497,NaN,NaN,NaN
1761086417.255019,2c08d2cc-7a1c-9d34-25ea-6265acb43d72,9d0a1a2b-cd40-28a6-9416-c041e7f3b14f,33,-79.0,-74.0,-84.0,-75.0,2.29149299150887,3.047023270648862,1.6220366114324571,2.110346904690552,0.5307328848159167,0.1695109523976001,0.14608572087023583,0.1669091438811335,-5.875104904174805,1.3877308368682861,0.5208908915519714
