create_time,idppe,idbeacon,bluetooth_channel,rssi_1,rssi_2,rssi_3,rssi_4,az_1,az_2,az_3,az_4,el_1,el_2,el_3,el_4,x,y,z
1761085893.245164,2c08d2cc-7a1c-9d34-25ea-6265acb43d72,348472ee-0763-939a-6ff6-dde0e68cecc9,24,-68.0,-75.0,-69.0,-72.0,2.6889846979053003,-1.9339759988648009,-0.30965745785230936,-1.6655465383738444,0.2682522271204114,0.32951182312155447,0.5318121308476714,0.5991314835931807,-1.2537362575531006,4.7760467529296875,1.6303935050964355
1761085894.245052,2c08d2cc-7a1c-9d34-25ea-6265acb43d72,c2dc4fcf-f3b9-d993-3796-9cea87d92e05,11,NaN,NaN,NaN,-64.0,NaN,NaN,NaN,-1.6832360532824782,NaN,NaN,NaN,0.5689860979501378,NaN,NaN,NaN
1761085895.246441,2c08d2cc-7a1c-9d34-25ea-6265acb43d72,e8704395-79a8-7c55-8025-8cd091cd961d,21,-68.0,-69.0,NaN,-58.0,2.7265107681933887,-1.9216644714614735,NaN,-1.5011171137179544,0.37720304613242095,0.2599935149087235,NaN,0.4396519765868799,-1.33379852771759,4.829392910003662,1.5621377229690552
1761085896.241325,2c08d2cc-7a1c-9d34-25ea-6265acb43d72,e073bc92-40b9-6320-2569-e7d86c68c5ac,10,-68.0,-69.0,NaN,-58.0,2.7410558888029657,-1.8793549643814391,NaN,-1.5773074893440313,0.5964929567431847,0.1929926262953172,NaN,0.45592964993312124,-1.426408290863037,4.913753032684326,1.4875246286392212
1761085898.246662,2c08d2cc-7a1c-9d34-25ea-6265acb43d72,220f1e23-4769-dca7-bf69-53aebb96bb1e,6,-65.0,-69.0,NaN,-61.0,2.7736684268798584,-1.974147120747556,NaN,-1.6062568493415197,0.5352540002404897,0.17600808341674148,NaN,0.39248596223249055,NaN,NaN,NaN
1761085899.246524,2c08d2cc-7a1c-9d34-25ea-6265acb43d72,5e293f6c-beb1-a707-a40d-c105dcdfd569,2,-80.0,-72.0,-64.0,-59.0,2.7130223899043555,-1.9827929400684439,0.3117520340496567,-1.3955615254901734,0.5944130945108601,0.17319165740592812,0.12857616074988623,0.3312034297564592,-1.6974313259124756,5.222432613372803,1.3756965398788452
1761085900.247183,2c08d2cc-7a1c-9d34-25ea-6265acb43d72,86517b3e-0c01-5696-3708-6b93ccdd9cc4,12,-64.0,-71.0,-75.0,-57.0,2.874588383756193,-1.9612580868618452,0.3632951201031593,-1.5940899315853838,0.5127598431197309,0.14917562023548667,0.17737954479910503,0.43033520711886014,-1.8522300720214844,5.425018310546875,1.332693099975586
1761085902.245756,2c08d2cc-7a1c-9d34-25ea-6265acb43d72,08a4f260-a517-fc0f-8626-e8a713c71de6,5,-61.0,-74.0,-75.0,-63.0,2.7667250332858035,-1.9071403898245083,0.4145162299808713,-1.5514103782718827,0.2724614198023089,0.14802573385581771,0.160624399958926,0.22176250588009103,-2.210529327392578,5.880928993225098,1.2894805669784546
1761085903.245654,2c08d2cc-7a1c-9d34-25ea-6265acb43d72,324d48d9-5a4c-7d1c-b783-6eabe6575c80,15,-64.0,-74.0,-78.0,-57.0,2.7278269024041064,-1.984211605981129,0.46666731571123893,-1.571415778064449,0.22050206502567013,0.12910890948119977,0.18745191964740734,0.20466874010730843,-2.4189469814300537,6.098516941070557,1.2906842231750488
1761085904.244966,2c08d2cc-7a1c-9d34-25ea-6265acb43d72,f0bbf861-c7f3-08cb-e263-1151926bd297,27,-72.0,-77.0,-71.0,-67.0,2.7298530353614385,-1.888387341534552,0.4598224590775173,-1.5114504450635706,0.20657892568868136,0.16897883616704545,0.22616760734967747,0.2542402880058253,-2.6119964122772217,6.314749717712402,1.2966762781143188
1761085905.242945,2c08d2cc-7a1c-9d34-25ea-6265acb43d72,6f935592-45ae-9f69-05a1-e81faa2cb106,22,-69.0,-78.0,-71.0,-60.0,3.0940791965816894,-1.9860819440146917,0.513014840794106,-1.4379623789955973,0.2776692978929861,0.1519801286004219,0.22464090032051906,0.29681462981151124,-2.778346061706543,6.47892713546753,1.3326036930084229
1761085907.247083,2c08d2cc-7a1c-9d34-25ea-6265acb43d72,c7bf1015-24df-5f2d-b765-754b0f208c45,14,-70.0,-72.0,NaN,-56.0,2.7462565097796725,-1.927053644243358,NaN,-1.5186424447453841,0.2792124000076053,0.15187421801282078,NaN,0.3386667389743245,-3.0728604793548584,6.796354293823242,1.4056607484817505
1761085908.247241,2c08d2cc-7a1c-9d34-25ea-6265acb43d72,0953720f-8f49-2d28-576b-89ad81e433ee,7,-63.0,-72.0,NaN,-71.0,2.587558740421851,-1.9565137985379235,NaN,-1.5185593541193738,0.8686732133134084,0.1453947637254148,NaN,0.2731618311689998,-3.194068431854248,6.879154205322266,1.4479738473892212
1761085909.246915,2c08d2cc-7a1c-9d34-25ea-6265acb43d72,b91870d1-fe40-7fef-4a08-426a2c06840e,17,-63.0,-75.0,NaN,-64.0,2.633952604507685,-1.922352099654932,NaN,-1.4836889880703124,0.9750477235763889,0.17397497630630454,NaN,0.30137772331276663,-3.2655885219573975,6.928570747375488,1.4839707612991333
1761085911.244868,2c08d2cc-7a1c-9d34-25ea-6265acb43d72,947e40b2-2747-6b19-5ca8-9755942eda5e,28,-67.0,-79.0,NaN,-61.0,2.647503833398444,-2.049524166976723,NaN,-1.415650814857077,0.8270842910453222,0.17133059050191032,NaN,0.2519270329934689,NaN,NaN,NaN
1761085912.245361,2c08d2cc-7a1c-9d34-25ea-6265acb43d72,d2c7ce35-5942-bc22-592f-a6efae5eb0f0,0,-71.0,-73.0,-75.0,-61.0,2.8926254411870813,-2.0202646818702945,0.23501251460680542,-1.2712206647232458,0.45579306305871375,0.10933447233417067,0.4076438762088946,0.27292469331868496,-3.3468828201293945,6.960906028747559,1.5598896741867065
1761085913.245913,2c08d2cc-7a1c-9d34-25ea-6265acb43d72,ff869202-4434-1d89-29e1-8709e525624e,11,-75.0,-73.0,-70.0,-59.0,2.932055139022359,-1.996090236549264,0.32595067740141415,-1.7827059189452645,0.3400980881917012,0.1389338267299633,0.3252474697155787,0.26004547983949367,-3.353928804397583,6.979254722595215,1.5850390195846558
1761085914.246261,2c08d2cc-7a1c-9d34-25ea-6265acb43d72,7787d8a4-a8d9-4eec-9bb6-a41108e43ed8,36,-75.0,NaN,-68.0,-67.0,2.8948252122474867,NaN,0.5328876151643862,-1.3770570832879758,0.340391468675287,NaN,0.298962036466983,0.3614052744146118,-3.335212230682373,7.00024700164795,1.595008373260498
1761085916.246685,2c08d2cc-7a1c-9d34-25ea-6265acb43d72,d581f9f4-69f7-4e23-69e1-5fcd4c8b36dd,21,-61.0,NaN,-74.0,-58.0,2.8005098948745486,NaN,0.4803218752522932,-1.4584336988208728,0.39836475718078596,NaN,0.22303466464330823,0.3184603038089709,-3.3230068683624268,6.99491786956787,1.6082195043563843
1761085917.245221,2c08d2cc-7a1c-9d34-25ea-6265acb43d72,ca761e1d-e6b9-3dd8-58ff-774dfd70919b,5,-59.0,NaN,-63.0,-63.0,2.783343158487898,NaN,0.40370273069071355,-1.5904781525150182,0.4545452056404435,NaN,0.32144078054293307,0.3092629771158414,-3.3200268745422363,6.959611892700195,1.6121493577957153
1761085918.247636,2c08d2cc-7a1c-9d34-25ea-6265acb43d72,83edbd4f-01b5-a39c-3591-9238b86c144a,18,-63.0,-71.0,-69.0,-64.0,2.86865912190524,-1.9523261108818284,0.3408939405939578,-1.594930292067358,0.47702082050211275,0.2776476430643724,0.3162602331429428,0.3061978784382419,NaN,NaN,NaN
1761085920.244117,2c08d2cc-7a1c-9d34-25ea-6265acb43d72,3b8b6ac5-7aaf-db9e-080a-e077bd190f57,13,-68.0,-69.0,-75.0,-62.0,2.851891327049884,-2.0422160534713822,0.18252640321130578,-1.589980807181446,0.3135633830650741,0.26534823304400496,0.2791986347937209,0.3130742269518538,-3.357696056365967,6.97336483001709,1.5760513544082642
1761085921.239889,2c08d2cc-7a1c-9d34-25ea-6265acb43d72,7092221d-2f83-578c-58ff-ab3c2a25e17f,31,-61.0,-87.0,-75.0,-61.0,2.8796627708972298,-2.031024252148378,0.22740626021743013,-1.5701446512761543,0.5596724909859125,0.31114140450121514,0.2897870470374965,0.30022137876745425,-3.401942491531372,6.998651504516602,1.5550665855407715
1761085922.245906,2c08d2cc-7a1c-9d34-25ea-6265acb43d72,c280ee03-482c-1d9b-eef7-d7e500f02c36,2,-64.0,-77.0,-71.0,-57.0,2.8518172911715793,-1.8536930104335447,0.29312854854673254,-1.5493565484392138,0.3105222528372853,0.24330707962466852,0.26354870180592477,0.32778180038792537,-3.416971445083618,7.035945892333984,1.540496587753296
1761085924.246368,2c08d2cc-7a1c-9d34-25ea-6265acb43d72,62074922-8818-ef3a-23cf-974101abd2b2,5,-60.0,-67.0,-69.0,-60.0,2.8322899287946823,-1.823769066635142,0.26035435659167244,-1.5602659215286145,0.12305981370357222,0.14740378587274333,0.24569303893478414,0.35650053063501286,-3.437593936920166,7.058589935302734,1.4910558462142944
1761085925.246793,2c08d2cc-7a1c-9d34-25ea-6265acb43d72,b6fd4ab6-9d8e-c211-5898-cffae845161e,26,-63.0,-82.0,-72.0,-64.0,2.826141222469907,-1.793738862709245,0.18729692367196474,-1.5261026247489686,0.17287427518301798,0.17579556316175315,0.262829148968899,0.36320836763064995,-3.445537805557251,7.07110595703125,1.4558076858520508
1761085926.246511,2c08d2cc-7a1c-9d34-25ea-6265acb43d72,b1f77969-1eea-cc48-1b5d-4858b2d7bd92,27,-61.0,NaN,-80.0,-61.0,2.8289913374685103,NaN,0.1965956169340854,-1.5435336798738097,0.2710497946217556,NaN,0.30253383483148366,0.30520688290710984,-3.463378429412842,7.090953826904297,1.4355376958847046
1761085927.244602,2c08d2cc-7a1c-9d34-25ea-6265acb43d72,207af600-5582-6180-21eb-2fe1ac16ee5c,24,-60.0,NaN,-68.0,-62.0,2.815745839470892,NaN,0.35147254907597053,-1.4985285211383974,0.2861007660356361,NaN,0.3025662588177554,0.2648567799543444,-3.46655011177063,7.115408420562744,1.427513599395752
1761085929.24684,2c08d2cc-7a1c-9d34-25ea-6265acb43d72,5a5f9cde-01b9-4736-7925-05bceee5c5a2,20,-60.0,NaN,-65.0,-63.0,2.8046740135549966,NaN,0.3927102669753024,-1.5641562672490024,0.28683626454968875,NaN,0.15683933232538044,0.3610001077442699,-3.485137939453125,7.108365058898926,1.474421739578247
1761085930.245993,2c08d2cc-7a1c-9d34-25ea-6265acb43d72,f7976cbe-b994-87de-df35-9f18af10632f,29,-61.0,NaN,-74.0,-59.0,2.84081630534068,NaN,0.38599164417725057,-1.57948488985128,0.27572026344921163,NaN,0.18360461726813798,0.38775545576721004,NaN,NaN,NaN
1761085931.240302,2c08d2cc-7a1c-9d34-25ea-6265acb43d72,e3df350e-43d1-215b-f62b-db4a0d758cac,18,-74.0,-75.0,-68.0,-60.0,2.790784030573579,-1.5276111723484442,0.5856397763527847,-1.581224067201156,0.2013772394475386,0.6560186684271181,0.15822091371988634,0.34996796292861665,-3.47227931022644,7.07904291152954,1.5175228118896484
1761085933.246756,2c08d2cc-7a1c-9d34-25ea-6265acb43d72,b010b646-e861-5a93-fb1c-55cb17b8f25f,17,-83.0,-73.0,NaN,-63.0,2.790975245539847,-1.5618470402677944,NaN,-1.5902264837920057,0.18159840808471084,0.613442112868776,NaN,0.34712284135705773,-3.4563114643096924,7.00719690322876,1.6192008256912231
1761085934.24672,2c08d2cc-7a1c-9d34-25ea-6265acb43d72,917b1470-ea40-9820-576f-fc22dfcd00cc,12,-78.0,-70.0,NaN,-58.0,2.8854801799823986,-1.7035883298070271,NaN,-1.5910916116721179,0.2958734353927636,0.5605953428826524,NaN,0.47622270441292963,-3.476280450820923,6.99438762664795,1.6318281888961792
1761085935.247089,2c08d2cc-7a1c-9d34-25ea-6265acb43d72,7298bbed-aa82-e5c3-74c5-4e66655d90d5,36,-63.0,-82.0,NaN,-62.0,2.872646939321525,-1.7739394584269965,NaN,-1.5910347531828446,0.382250635214989,0.397584251244311,NaN,0.40160945278439764,-3.496840476989746,6.992806911468506,1.6297069787979126
1761085936.240488,2c08d2cc-7a1c-9d34-25ea-6265acb43d72,e3bb6639-041c-05a8-4ff4-ed4856f5ccac,1,-62.0,-68.0,NaN,-61.0,2.8653418884514377,-1.762594791657422,NaN,-1.5632987293779965,0.34026926287076603,0.4510246731269269,NaN,0.3929646987279459,-3.5190412998199463,6.992311000823975,1.6308425664901733
1761085938.244787,2c08d2cc-7a1c-9d34-25ea-6265acb43d72,c8afb328-cdeb-41b9-cff1-25d8262f7524,7,-61.0,-68.0,-70.0,-60.0,2.867037256801382,-1.8193303760463067,0.393265802378693,-1.5857600963278338,0.3061790698630432,0.37784669887837946,0.18459957425139156,0.3471694466761341,-3.5325493812561035,6.989724159240723,1.6314020156860352
1761085939.246151,2c08d2cc-7a1c-9d34-25ea-6265acb43d72,75975119-6f9f-323d-c279-4d2611898b24,1,-69.0,-68.0,-68.0,-61.0,2.8092855432985777,-1.8293290812009546,0.42039009808115,-1.5791065878184345,0.29911383664911756,0.3218247417930952,0.11113094093699726,0.36885506808994495,-3.55494499206543,6.97691011428833,1.627373218536377
1761085940.246327,2c08d2cc-7a1c-9d34-25ea-6265acb43d72,3a7ae9d5-cea3-683e-7aaf-234bade94e8d,29,-68.0,-84.0,-73.0,-66.0,2.8586962362672543,-1.7637131861572009,0.5216530701058869,-1.6005719325205818,0.23065877885674388,0.38090017951572347,0.10523501021156285,0.4124574400106719,-3.5668516159057617,6.97929811477661,1.6370793581008911
1761085942.24841,2c08d2cc-7a1c-9d34-25ea-6265acb43d72,6d6cd6be-63f6-c877-d872-ff63e01bafab,24,-64.0,-80.0,-72.0,-61.0,2.842765739258618,-1.767918850150654,0.4404149389496738,-1.6207174145864864,0.23160275294987928,0.29764686765216103,0.10627224487712146,0.34753403342936595,-3.5861876010894775,6.99248170852661,1.6284037828445435
1761085943.247211,2c08d2cc-7a1c-9d34-25ea-6265acb43d72,66ec6203-a973-76eb-d6e1-80f4c85f90fb,25,-63.0,-80.0,-66.0,-61.0,2.79813648571107,-1.8430510187175881,0.35007572108422397,-1.614977636647093,0.2485084995497023,0.6416443896014697,0.08644942142203697,0.2921726068734486,-3.5857765674591064,7.018097400665283,1.6227810382843018
1761085944.245891,2c08d2cc-7a1c-9d34-25ea-6265acb43d72,4b68a1be-149f-a044-a756-9a03e6bdbd1f,23,-60.0,-72.0,-75.0,-59.0,2.780746576425071,-1.809049508974165,0.3169992603454398,-1.6067115840976505,0.2807860286062195,0.613506561367156,0.1275791398167878,0.25372465008451556,-3.5772287845611572,7.042392253875732,1.6202565431594849
1761085945.24485,2c08d2cc-7a1c-9d34-25ea-6265acb43d72,d74d1574-7e69-35e8-cb23-2be8a0ffdb0e,22,-69.0,-74.0,-81.0,-61.0,2.8262807721110272,-1.6930031965803436,0.32044618974432937,-1.5999950918284709,0.17560805997625475,0.3147474244857233,0.17080468276564698,0.30689928849034154,-3.590928316116333,7.041417598724365,1.657575011253357
1761085947.245559,2c08d2cc-7a1c-9d34-25ea-6265acb43d72,d1dd23ce-5232-7579-7b03-aeb39408b062,27,-62.0,-80.0,-67.0,-60.0,2.808947321840138,-1.5805717258921412,0.35688808715264664,-1.5992018692977905,0.19952837315026473,0.3005524429804647,0.2018836894630876,0.23155045512397285,-3.596048355102539,7.01058578491211,1.7746379375457764
1761085948.248047,2c08d2cc-7a1c-9d34-25ea-6265acb43d72,4c060b91-e3fb-e5ae-2c9a-1754a19124e6,32,-64.0,-83.0,-68.0,-67.0,2.76902387393876,-1.504706255919054,0.4100503751489174,-1.563488879079828,0.20313585787337243,0.2627269501620672,0.18528377362494658,0.17184436421045707,-3.5906920433044434,6.9874906539917,1.8233442306518555
1761085949.247899,2c08d2cc-7a1c-9d34-25ea-6265acb43d72,67e6bb43-2aaa-09a3-ddf3-9ce863e4b5c0,26,-73.0,-83.0,-67.0,-57.0,2.9132963649360586,-1.467767146335219,0.37752332454301657,-1.647860086100465,0.2911658321128578,0.271754250664352,0.13805648992072872,0.20835021077444987,-3.6061153411865234,6.996291637420654,1.8620703220367432
1761085951.240596,2c08d2cc-7a1c-9d34-25ea-6265acb43d72,7dce13c2-345c-3074-8b81-4b5d11ff9989,14,-66.0,-76.0,-61.0,-63.0,2.6752065676896666,-1.8541910215573896,0.41058327368304226,-1.7899720876634366,0.28048728851093985,0.29673007444690125,0.14478235318799423,0.17906139760651732,-3.641414165496826,6.98320770263672,1.897900104522705
1761085952.245503,2c08d2cc-7a1c-9d34-25ea-6265acb43d72,3bb30ead-b1fb-851a-adf7-816a11b0fdf5,26,-71.0,-77.0,-65.0,-58.0,2.704497078622794,-1.1852188041671532,0.3021995415356515,-1.8536457393241956,0.2675518323984774,0.3555615000346509,0.09069833681606869,0.16669206296277844,-3.6635499000549316,6.9859795570373535,1.912239909172058
1761085953.246695,2c08d2cc-7a1c-9d34-25ea-6265acb43d72,b897a53b-17c9-421e-0628-82543c3c5af2,28,-74.0,-94.0,-65.0,-60.0,2.772025256487279,-1.1509357982965087,0.28134699020033105,-1.7421722076800952,0.39161970250891504,0.2829328693399596,0.1263620502314864,0.17377848495212714,-3.6894114017486572,6.9973554611206055,1.9220110177993774
1761085955.246668,2c08d2cc-7a1c-9d34-25ea-6265acb43d72,36a67d13-8079-4e93-ed7d-156c2e5fe4df,0,-64.0,NaN,-71.0,-53.0,2.716627244755887,NaN,0.32112769266728064,-1.6555779269395146,0.4076938437688472,NaN,0.1005355378953602,0.11525884894899846,-3.718947410583496,7.001070022583008,1.9375149011611938
1761085956.241173,2c08d2cc-7a1c-9d34-25ea-6265acb43d72,9b47b9de-8162-cc65-fe9d-4a320998bafa,1,-74.0,NaN,-63.0,-62.0,2.7263866648865913,NaN,0.22681876688095864,-1.6473560828641673,0.35519102103750727,NaN,0.09620055246384847,0.07218329190378123,-3.7197601795196533,7.011699199676514,1.9455578327178955
1761085957.248168,2c08d2cc-7a1c-9d34-25ea-6265acb43d72,193fff7f-4fa9-6a08-d6af-a2f9e753131e,29,-63.0,NaN,NaN,-62.0,2.764558285422915,NaN,NaN,-1.5880775791084207,0.3246038502591338,NaN,NaN,0.22372240935006438,-3.7224440574646,7.016315937042236,1.9517881870269775
1761085959.248071,2c08d2cc-7a1c-9d34-25ea-6265acb43d72,a10b26f3-06b2-9c5c-6dfc-84b9e461301f,25,-62.0,NaN,NaN,-63.0,2.8015080476511103,NaN,NaN,-1.5591468612385628,0.2583327676529501,NaN,NaN,0.16971293652152583,NaN,NaN,NaN
1761085960.247225,2c08d2cc-7a1c-9d34-25ea-6265acb43d72,f13669f3-3284-286d-e7f4-fb8c617a0d30,24,-63.0,-81.0,NaN,-61.0,2.7973332763263024,-1.2300893401094626,NaN,-1.5347200814042472,0.19150083996595252,0.2240229470790798,NaN,0.15089668808995033,-3.7184739112854,7.009134769439697,1.9452447891235352
1761085961.242581,2c08d2cc-7a1c-9d34-25ea-6265acb43d72,380922ad-fd8b-4e3d-51d9-c8db8849ca26,32,-67.0,-80.0,-64.0,-63.0,2.824930549438357,-1.2325895157408289,0.6540593142341196,-1.5027229998552718,0.2222227833402408,0.2112633261775899,0.43687965918162086,0.13043455617043556,NaN,NaN,NaN
1761085963.247354,2c08d2cc-7a1c-9d34-25ea-6265acb43d72,d9eaa720-a2af-465a-5716-0513dc4f57fc,19,-66.0,-71.0,-62.0,-59.0,2.7831274424396013,-1.2801497112260634,0.41354177933801134,-1.5413616056887411,0.1371181417553961,0.2826725120538907,0.39513617370176923,0.14929338188993863,-3.6634836196899414,7.006837368011475,1.944291591644287
1761085964.248483,2c08d2cc-7a1c-9d34-25ea-6265acb43d72,e7eccc56-6d71-5ba5-fdb5-497eab62d278,13,-69.0,-76.0,-63.0,-63.0,2.7822810898451746,-1.286764204425493,0.3248803529593113,-1.5166425439247895,0.09892455846245762,0.27457588648404774,0.3240145259994129,0.33465025928680786,-3.6202712059021,6.998709201812744,1.9378935098648071
1761085965.246441,2c08d2cc-7a1c-9d34-25ea-6265acb43d72,c609a5e3-edd6-5f0a-4517-f6ea4187c9c2,10,-60.0,-74.0,-69.0,-67.0,2.833495275504052,-1.552834903138966,0.3864020373012318,-1.5218618070291265,0.12683308020453735,0.3121367942481459,0.14954768048452755,0.42534487599972876,-3.57831883430481,6.985060691833496,1.9322956800460815
1761085966.247054,2c08d2cc-7a1c-9d34-25ea-6265acb43d72,496545d6-d430-f066-aee1-7ce2dbdb49cd,2,-73.0,-83.0,-61.0,-63.0,2.834798626541537,-1.3573767223064537,0.2697143025588649,-1.5080671652147342,0.16856290033904547,0.3454492776385383,0.2672980830808633,0.4035764635655302,-3.5347485542297363,6.977330684661865,1.9273253679275513
1761085968.246295,2c08d2cc-7a1c-9d34-25ea-6265acb43d72,e3ed91ca-8db3-60eb-c75e-dc12940cccd7,27,-74.0,-72.0,-69.0,-63.0,2.8084269401631365,-1.6097150971750422,0.4208867776244498,-1.5632417377306689,0.11541012482129338,0.47659661222997673,0.30588861885665647,0.3308232635108504,-3.496260166168213,6.96926736831665,1.8944517374038696
1761085969.247875,2c08d2cc-7a1c-9d34-25ea-6265acb43d72,f060e90a-6f7a-832b-35b8-b68ab6988d85,14,-76.0,-82.0,-65.0,-62.0,2.7055900399341626,-1.5761629958655696,0.5659736632830946,-1.8199221304405224,0.07381965459082361,0.42784192241681435,0.23743515896093687,0.2292985360404723,-3.50810432434082,6.945754051208496,1.889387607574463
1761085970.249832,2c08d2cc-7a1c-9d34-25ea-6265acb43d72,c47901a5-b82a-8eb3-393f-eb98372e810f,25,-82.0,-77.0,-64.0,-69.0,2.6880019914630613,-1.5272336692639255,0.5578627398671493,-1.5916286381059324,0.15424819309803103,0.6280229198369598,0.21059678689101347,0.3048077416387342,-3.5303030014038086,6.920058727264404,1.8939847946166992
1761085972.24908,2c08d2cc-7a1c-9d34-25ea-6265acb43d72,2c4d605c-34ce-bff8-0290-cdc9c4c4bbf3,1,-73.0,-72.0,NaN,-58.0,2.6836040472389042,-1.5538446406662694,NaN,-1.6199384399676382,0.18850741361118978,0.5748675560595232,NaN,0.22607586145012423,-3.5745460987091064,6.869537830352783,1.8971761465072632
1761085973.246962,2c08d2cc-7a1c-9d34-25ea-6265acb43d72,a56da5ea-2490-05c6-6df8-064928896937,23,-66.0,-74.0,NaN,-61.0,2.6832290741574214,-1.5854410496292424,NaN,-1.598367500928269,0.21527795829710025,0.6422575158634334,NaN,0.24644975951377335,-3.593815326690674,6.8528618812561035,1.8920687437057495
1761085974.246569,2c08d2cc-7a1c-9d34-25ea-6265acb43d72,ee62ea85-3bd7-47e7-c6a6-b6a244136210,8,-66.0,-74.0,NaN,-61.0,2.6488247612991236,-1.580705816053027,NaN,-1.5903074438891442,0.37325873811044546,0.7151002314202534,NaN,0.2261249135484521,-3.6057071685791016,6.843992710113525,1.883889079093933
1761085975.247266,2c08d2cc-7a1c-9d34-25ea-6265acb43d72,91ed9aa1-4a1b-7d9b-b026-5e62388b906e,17,-69.0,-71.0,-65.0,-60.0,2.6473099552710866,-1.7270960527491566,0.2338519090037489,-1.6669150036999818,0.6001235110992353,0.7960503417045744,0.7266960342806219,0.18656821621869177,NaN,NaN,NaN
1761085977.245538,2c08d2cc-7a1c-9d34-25ea-6265acb43d72,de229d72-97e3-42ae-ffc9-33c9c5ea1f76,33,-68.0,-70.0,-65.0,-64.0,2.6419644583310795,-1.962120152106704,0.3689620605867389,-1.9229453187877472,0.5598730270159956,0.2737839955339127,0.7809843733648054,0.1747162671957281,-3.6224701404571533,6.815035820007324,1.806649088859558
1761085978.247184,2c08d2cc-7a1c-9d34-25ea-6265acb43d72,970c1827-ddd4-5f53-e42b-ed9142879874,21,-66.0,-69.0,-67.0,-60.0,2.6834197564914706,-1.9769371814635774,0.19095450911307954,-1.9132957540520086,0.5653865694207865,0.29112658377629275,0.8402364452467332,0.18422395202439273,-3.624969959259033,6.799912929534912,1.7576115131378174
1761085979.247256,2c08d2cc-7a1c-9d34-25ea-6265acb43d72,9ea91f18-5d8d-1c3a-370e-077d53f79666,25,-66.0,-67.0,-66.0,-60.0,2.7678504851624712,-1.9750527286762374,0.629508164776897,-1.7460550965494304,0.5269290918309567,0.3116014322900127,0.9159667597944988,0.12343800754549866,-3.62130355834961,6.7844414710998535,1.7013143301010132
1761085981.246322,2c08d2cc-7a1c-9d34-25ea-6265acb43d72,daeca166-ca21-b3ea-89b4-b29b0c4583ed,28,-65.0,-75.0,-76.0,-58.0,2.7445068129434906,-2.0170184216595426,0.5217353617835704,-1.7115899304602247,0.5258061366678111,0.2837645745483913,0.7927254516626379,0.13463816453642227,-3.578453302383423,6.80161190032959,1.552217721939087
1761085982.247856,2c08d2cc-7a1c-9d34-25ea-6265acb43d72,335a1b1d-76a0-36e2-8979-82a8009866f4,4,-75.0,-71.0,-69.0,-62.0,2.6771453489632444,-2.038733837188049,0.7409918164331402,-1.8568208931338426,0.49959087771393895,0.25496396874254074,0.5392876573170374,0.1584526586689936,-3.5623679161071777,6.806959629058838,1.4735190868377686
1761085983.248845,2c08d2cc-7a1c-9d34-25ea-6265acb43d72,b43fb60e-2f88-0254-0c50-6f50a19c4e84,6,-67.0,-74.0,-70.0,-62.0,2.6859513574237,-2.036017945508386,0.7444470016314089,-1.6581111257683978,0.5552472826500962,0.20821300804404036,0.4066572416040474,0.17553771923396302,-3.549273729324341,6.809541702270508,1.416121482849121
1761085984.247307,2c08d2cc-7a1c-9d34-25ea-6265acb43d72,4c610dae-8116-e00f-65c8-779046f71614,32,-63.0,NaN,-68.0,-63.0,2.730984878824722,NaN,0.6959598929287723,-1.6622111954246297,0.43788397051820344,NaN,0.3710806718129242,0.18707972624031197,-3.54620361328125,6.7987189292907715,1.3812925815582275
1761085986.241357,2c08d2cc-7a1c-9d34-25ea-6265acb43d72,2333b85e-bb2b-df09-054d-c860ca23ca5c,24,-73.0,NaN,-73.0,-59.0,2.732964140146869,NaN,0.6516422292287636,-1.8344470110258144,0.25185035059883143,NaN,0.30336600609310616,0.1355186472046945,-3.5922443866729736,6.745553970336914,1.386317253112793
1761085987.246873,2c08d2cc-7a1c-9d34-25ea-6265acb43d72,ddc939bb-667c-2110-2310-bd32e7a2f047,22,-81.0,NaN,-72.0,-61.0,2.7015905046090816,NaN,0.5850613377640196,-1.8035329039341204,0.22079732636677585,NaN,0.286861964054208,0.15917653914279078,-3.629326343536377,6.71519899368286,1.4248147010803223
1761085988.248863,2c08d2cc-7a1c-9d34-25ea-6265acb43d72,2837eb8d-8e9a-7270-6876-75a82f4fdf1c,8,-65.0,-73.0,-68.0,-57.0,2.660040930546101,-2.378452924267118,0.5366701028606258,-1.7046495995014235,0.211269634540422,0.3853821797617859,0.22547032519726745,0.23816781122157452,NaN,NaN,NaN
1761085990.248823,2c08d2cc-7a1c-9d34-25ea-6265acb43d72,ae6362e4-762f-d823-7bff-fbef3ee3f4f8,19,-75.0,-73.0,-69.0,-58.0,2.6640697606431734,-2.4614804333597555,0.42695825227761247,-1.692312638909686,0.18746480268918062,0.24486391366365845,0.20537331266320252,0.23902108803483588,-3.6967921257019043,6.648230075836182,1.537611722946167
1761085991.242204,2c08d2cc-7a1c-9d34-25ea-6265acb43d72,8d70e869-b908-62eb-2389-be003dfb583e,23,-77.0,-69.0,-74.0,-62.0,2.7403309763542465,-2.4710257353388174,0.5238837338349374,-1.6866164036541156,0.1922965259206409,0.29680321150833755,0.1690679355502654,0.19831593577449252,-3.72005558013916,6.622814655303955,1.6114909648895264
1761085992.248331,2c08d2cc-7a1c-9d34-25ea-6265acb43d72,6ebd1060-f6d4-8e31-d814-da670e741bd0,10,-65.0,-73.0,-64.0,-58.0,2.698018140322849,-2.3593769676949896,0.4761039607178257,-1.562482204187778,0.12028221991040361,0.4031641729392723,0.2568508350196187,0.3768144243503511,-3.72705078125,6.60442352294922,1.6835331916809082
1761085994.246465,2c08d2cc-7a1c-9d34-25ea-6265acb43d72,00c75181-19e2-0b52-00f6-0d2d06d4eab5,32,-67.0,-81.0,-63.0,-61.0,2.624390258297647,-2.3679464874506464,0.4608051655197565,-1.60521795020028,0.09964457735267417,0.34708372617854716,0.22802313154967654,0.3710962180157875,-3.7148990631103516,6.57774257659912,1.8099110126495361
1761085995.247426,2c08d2cc-7a1c-9d34-25ea-6265acb43d72,41d876c8-7664-dc74-9c53-25e87c8aa7e9,3,-62.0,-70.0,NaN,-60.0,2.7025950489722597,-2.1301959769271304,NaN,-1.566706776624971,0.13286749530665584,0.27405432302931254,NaN,0.35241713902510796,NaN,NaN,NaN
1761085996.242998,2c08d2cc-7a1c-9d34-25ea-6265acb43d72,52b814ec-c9ef-7ee8-16f7-f63d52f27a6d,24,-64.0,-72.0,-64.0,-61.0,2.6674924552761428,-1.9314248236985596,0.403180484800949,-1.5572632073995498,0.1456115616829041,0.21903632774071774,0.332831120525202,0.32246043834529714,-3.7010958194732666,6.5753045082092285,1.8172714710235596
1761085997.246685,2c08d2cc-7a1c-9d34-25ea-6265acb43d72,4c7b4973-88f3-057c-39b8-cab83875d5cc,12,-72.0,-69.0,-68.0,-56.0,2.6608020619856463,-1.886623396786538,0.4922821317078391,-1.5495055523022037,0.11432063394172037,0.24545515207041282,0.3037508994496499,0.2947127299211662,-3.6790730953216553,6.57578992843628,1.81872034072876
1761085999.248583,2c08d2cc-7a1c-9d34-25ea-6265acb43d72,f93df562-1e56-8d71-ce84-41e658481d09,35,-66.0,-89.0,-64.0,-60.0,2.647893720182032,-2.109325449254452,0.46541722789555573,-1.5725729215580884,0.09558788393269733,0.2140334131854358,0.2309615969174427,0.2819623801492211,-3.614286184310913,6.581722259521484,1.804429054260254
1761086000.247226,2c08d2cc-7a1c-9d34-25ea-6265acb43d72,5990cda5-6a39-1b12-25a3-40956c1a88bc,24,-64.0,-71.0,-65.0,-60.0,2.6738968250655657,-1.724045401720471,0.47460859576574627,-1.5920773807496107,0.09236704858797712,0.19069774709448228,0.21977803474906166,0.25598317713647084,-3.5869994163513184,6.59097719192505,1.8166983127593994
1761086001.247441,2c08d2cc-7a1c-9d34-25ea-6265acb43d72,f9eb2fda-65e2-8512-0c2d-4a0d03dc68d2,6,-63.0,-73.0,-66.0,-59.0,2.7083352263858163,-1.639964079784489,0.510661405338803,-1.5799454835618092,0.14929792590854857,0.21538976112861313,0.36980558357250787,0.3357581010107672,-3.5641841888427734,6.602107048034668,1.7982666492462158
1761086003.247549,2c08d2cc-7a1c-9d34-25ea-6265acb43d72,89a3a63d-57d4-f417-a584-89509abd5a82,28,-69.0,-88.0,-67.0,-61.0,2.696214647632648,-1.5951085907023392,0.3190807870534457,-1.5784220222602294,0.13566122619155463,0.1937175553887936,0.3814914345672347,0.2974546872899982,-3.529858112335205,6.610439777374268,1.755702018737793
1761086004.247617,2c08d2cc-7a1c-9d34-25ea-6265acb43d72,f0bc1c28-41e1-5d37-a895-dd6bcb93d747,23,NaN,-76.0,-83.0,-62.0,NaN,-1.6123307208396633,0.43463028674591275,-1.6485049705584276,NaN,0.17142699693337127,0.41074632572078235,0.23970277405011212,-3.528252124786377,6.624784469604492,1.70733380317688
1761086005.247268,2c08d2cc-7a1c-9d34-25ea-6265acb43d72,d0f39c97-5405-d840-1fbd-a4784157fafa,34,NaN,-88.0,-66.0,-64.0,NaN,-1.5429869329020167,0.36477770188200637,-1.6135006475065352,NaN,0.19134229865730873,0.4378173582014378,0.17977522464719944,-3.5302093029022217,6.64430284500122,1.6472216844558716
1761086006.243486,2c08d2cc-7a1c-9d34-25ea-6265acb43d72,defdee95-1117-5091-e2b6-ebd3403bc683,14,NaN,-73.0,-70.0,-60.0,NaN,-1.6115255140840778,0.24456820291411877,-1.6385956144583518,NaN,0.24526525203993335,0.14778009053477154,0.14096516117379965,-3.5389063358306885,6.666017532348633,1.6463956832885742
1761086008.248307,2c08d2cc-7a1c-9d34-25ea-6265acb43d72,051f014d-1307-1bd7-282f-cdf02560dc82,29,NaN,-75.0,-61.0,-63.0,NaN,-1.7201902097264723,0.5001946496225735,-1.679334522285512,NaN,0.19866039901673743,0.581061869017966,0.19521386909201138,NaN,NaN,NaN
1761086009.248187,2c08d2cc-7a1c-9d34-25ea-6265acb43d72,236ae8df-6e6e-40eb-0766-18df7ad70a0d,25,-66.0,-74.0,-68.0,-61.0,2.7863115178389006,-1.7993047362294559,0.5273269348083007,-1.6547503496307725,0.46134079379399867,0.1516875137756494,0.4892971608895374,0.18754389857355594,-3.5742955207824707,6.71772003173828,0.8809387683868408
1761086010.247895,2c08d2cc-7a1c-9d34-25ea-6265acb43d72,a6fc8974-f9b6-4e18-bc73-5f0f22639c04,18,-71.0,-68.0,-65.0,-75.0,2.7724705370215403,-1.8135353375142942,0.5416342351325335,-1.6413174982504675,0.2509168460577314,0.15624113641027823,0.1942940798305253,0.3888249479714722,-3.593270778656006,6.736414909362793,0.6829140186309814
1761086012.247098,2c08d2cc-7a1c-9d34-25ea-6265acb43d72,98f746a2-81b3-d7b5-3252-b4d5276ff829,33,-64.0,-74.0,-69.0,-62.0,2.6993300134758225,-1.8615051271751832,0.5499771198794247,-1.642637227728656,0.18635053608909147,0.10997572823514813,0.3847169887005114,0.43700476117382736,-3.6251416206359863,6.757253170013428,0.492315948009491
1761086013.24748,2c08d2cc-7a1c-9d34-25ea-6265acb43d72,bd19fcdf-9474-8331-026a-fd2a691e1e19,20,-64.0,-69.0,-62.0,-65.0,2.800659564527811,-1.85907392741605,0.5148082134721653,-1.6357882431952446,0.22606575808273874,0.07192504850182761,0.5548399521613685,0.11589321392065535,-3.6361660957336426,6.778831958770752,0.4403991103172302
1761086014.248644,2c08d2cc-7a1c-9d34-25ea-6265acb43d72,1f1ef856-992c-9d34-4638-266391bc9ee7,1,-69.0,-66.0,-74.0,-54.0,2.7875978246454087,-1.8799990498910748,0.4382234236886476,-1.6255776835758813,0.3236601258373506,0.10352778247238914,0.5501036533207171,0.11655464326689015,-3.6493747234344482,6.788486003875732,0.3948419690132141
1761086015.247459,2c08d2cc-7a1c-9d34-25ea-6265acb43d72,b7f9ae96-33cb-9796-05e9-fca3ebd61423,36,-63.0,-81.0,-77.0,-62.0,2.7360725817712095,-1.8975080024778008,0.5479509869220924,-1.501378502978946,0.3080002725744939,0.11221034509394158,0.5965209865136579,0.24071266138022698,-3.6514503955841064,6.792422771453857,0.3905879855155945
1761086017.248655,2c08d2cc-7a1c-9d34-25ea-6265acb43d72,61fd7285-6e85-8aa5-e4d9-c371543d1664,18,-75.0,-79.0,-70.0,-64.0,2.6044543670095313,-1.9098585451910979,0.6527058957681413,-1.870316595115874,0.24280826955249668,0.14766559125265494,0.7137928190621061,0.20883871774215446,-3.6208643913269043,6.7701640129089355,0.387015551328659
1761086018.249262,2c08d2cc-7a1c-9d34-25ea-6265acb43d72,75387b1c-6ced-3627-1f75-fce54e0639ff,7,-63.0,-68.0,-61.0,-59.0,2.6658886996676974,-1.792046823310663,0.5224576110711999,-1.6378742972771039,0.2816767894118237,0.1565380122927948,0.5841396842897704,0.21502638944262864,-3.605708122253418,6.7397942543029785,0.8674915432929993
1761086019.247716,2c08d2cc-7a1c-9d34-25ea-6265acb43d72,0e4e87d0-f41a-bd0c-2c34-2aaf5a79fce2,0,-68.0,-72.0,-62.0,-67.0,2.726311031111633,-1.709650083922211,0.6437954913929541,-1.5930795282678076,0.22827062243872895,0.19800126664694284,0.5668069663881804,0.2823182450498829,-3.596998929977417,6.71341323852539,1.1196132898330688
1761086021.24836,2c08d2cc-7a1c-9d34-25ea-6265acb43d72,6ee5a8c0-a5f1-800c-08e2-8341f4e3b0f4,0,-75.0,-75.0,-62.0,-66.0,2.8330079170245677,-1.790765310194117,0.6525791293002535,-1.637593466940155,0.38965558791546795,0.2742397456202093,0.5412525708588115,0.23504390661815475,-3.5857150554656982,6.665185928344727,1.3771936893463135
1761086022.2476,2c08d2cc-7a1c-9d34-25ea-6265acb43d72,a8be7a79-02af-7a63-d668-b5deeea0ef23,0,-69.0,-73.0,-61.0,-68.0,2.83308781185727,-1.869513652047215,0.6349527313094551,-1.6445922542848836,0.3117770677639034,0.2798683032945782,0.3566713058399142,0.2952526192531525,-3.582676410675049,6.662749290466309,1.396633267402649
1761086023.24726,2c08d2cc-7a1c-9d34-25ea-6265acb43d72,86d6bb0d-f38c-3098-1e54-599fa0389e24,30,-68.0,-77.0,-64.0,-62.0,2.8602280865262677,-1.892374226844455,0.6283824465841205,-1.6525182211631229,0.24360322313788532,0.24800859092358077,0.38618432388211776,0.19996032123431876,-3.580509901046753,6.66069221496582,1.4105578660964966
1761086025.24905,2c08d2cc-7a1c-9d34-25ea-6265acb43d72,4d220a95-39c3-6fae-5bb7-9878bb56051b,14,-68.0,-71.0,-63.0,-66.0,2.8555126935001733,-1.8863162011547971,0.6450546339563435,-1.6193159260628323,0.3332891842326956,0.30111333799554907,0.28218675147106026,0.24650650148974884,-3.578155040740967,6.653629302978516,1.409297227859497
1761086026.243296,2c08d2cc-7a1c-9d34-25ea-6265acb43d72,e145b9df-d62b-0746-a487-07ed1b1ec9ed,3,-74.0,-71.0,-62.0,-65.0,2.76970564317782,-1.8917908614076733,0.6338523131470343,-1.685521311813875,0.300466256429687,0.42423859888290993,0.28508959705924664,0.31036073211717213,-3.582165241241455,6.6447343826293945,1.3854610919952393
1761086027.248113,2c08d2cc-7a1c-9d34-25ea-6265acb43d72,13868416-e080-3059-fd2b-3685c1b60e18,0,-64.0,-67.0,-61.0,-66.0,2.7334419112464294,-1.9049974772533764,0.583631752890865,-1.676825957696712,0.4189145736791916,0.2835915356565634,0.20718241463645015,0.3268842152320278,-3.599766492843628,6.632562637329102,1.3506605625152588
1761086028.247843,2c08d2cc-7a1c-9d34-25ea-6265acb43d72,29aee0fb-e24b-fa37-8d1a-6c4b4479677c,20,-63.0,-76.0,-67.0,-63.0,2.774331553991288,-1.8590417031668598,0.5855521583529212,-1.6974201824062947,0.5081051701664904,0.5414474809610917,0.16121054507009563,0.3509234052591962,-3.627028226852417,6.63846731185913,1.2918606996536255
1761086030.249566,2c08d2cc-7a1c-9d34-25ea-6265acb43d72,38e80a50-2c46-ab50-f4df-b2d61f56459f,26,-63.0,-83.0,-74.0,-72.0,2.7582748231469822,-1.958454577182319,0.6056369203459717,-1.683800110801357,0.40909479966028334,0.26974800819141126,0.15322082877326254,0.3385960320473829,-3.6500778198242188,6.64250946044922,1.236684799194336
1761086031.242055,2c08d2cc-7a1c-9d34-25ea-6265acb43d72,112572b8-5ddd-f3fe-1b33-fce690e9f9aa,19,NaN,-75.0,-67.0,-63.0,NaN,-1.9824290191054845,0.5444246953227185,-1.6503318990662224,NaN,0.26401385617982076,0.12005436151201213,0.22257680067289634,-3.6610045433044434,6.647894382476807,1.1886794567108154
1761086032.248373,2c08d2cc-7a1c-9d34-25ea-6265acb43d72,b28cffff-d285-4198-d36f-6a881c76cc1c,29,NaN,-80.0,-66.0,-61.0,NaN,-1.8940257861944676,0.5947275472565712,-1.671328261100407,NaN,0.45585554747578977,0.179832049846959,0.397358348604845,-3.6731908321380615,6.66436243057251,1.1366944313049316
1761086034.247341,2c08d2cc-7a1c-9d34-25ea-6265acb43d72,c573ca10-36c5-8334-7bbf-b33e0e43705a,19,NaN,-75.0,-68.0,-62.0,NaN,-1.805871425687319,0.6195556654671619,-1.7119929998912082,NaN,0.33946056071624986,0.13224632130477326,0.37671994871068054,-3.682098150253296,6.653271675109863,1.0465450286865234
1761086035.24808,2c08d2cc-7a1c-9d34-25ea-6265acb43d72,35a030a1-f108-710a-e918-876f20f6e0c0,2,NaN,-78.0,-64.0,-66.0,NaN,-1.8419102536646528,0.6998923165943832,-1.7280159085896698,NaN,0.36703989078046056,0.1445979625720199,0.31322995529659614,NaN,NaN,NaN
1761086036.242824,2c08d2cc-7a1c-9d34-25ea-6265acb43d72,927fec4c-e076-92c4-fc0e-0a053c1a07a9,4,-61.0,-74.0,-65.0,-66.0,2.791175515253821,-1.8187559321991766,0.748048660689632,-1.7626569764688755,0.10376165795036854,0.3900058934673542,0.1620056817478092,0.35667902900707543,-3.703406572341919,6.6404805183410645,1.0117735862731934
1761086037.25024,2c08d2cc-7a1c-9d34-25ea-6265acb43d72,d093afe1-1a8d-d233-e6e4-256bd4b806fa,11,-73.0,NaN,-63.0,-63.0,2.8192516247298722,NaN,0.7336217844324548,-1.6675592223676718,0.08382266241510776,NaN,0.1486471991409445,0.500929182740731,-3.722374200820923,6.6326069831848145,1.0513460636138916
1761086039.24845,2c08d2cc-7a1c-9d34-25ea-6265acb43d72,6329df3d-b0e4-b6b0-0bd9-46629319fbe2,28,-72.0,NaN,-69.0,-66.0,2.8144542063422033,NaN,0.7883958175204414,-1.6180171023992005,0.11906727749873106,NaN,0.11277206402448814,0.3780855844281595,-3.7423160076141357,6.651084899902344,1.1839983463287354
1761086040.24739,2c08d2cc-7a1c-9d34-25ea-6265acb43d72,60b1ad1e-b824-a623-7398-ec05a0814511,0,-68.0,NaN,-68.0,-61.0,2.762808055954515,NaN,0.7811586772581511,-1.6261626469093169,0.10211715597724462,NaN,0.10326438751820191,0.3687026686965652,-3.740098237991333,6.65615463256836,1.2810243368148804
1761086041.244301,2c08d2cc-7a1c-9d34-25ea-6265acb43d72,c145d9a1-5951-765a-7cf1-24a2a0185865,22,-64.0,NaN,-63.0,-66.0,2.7994989589247545,NaN,0.8003446223833,-1.632450636559103,0.11330727617981001,NaN,0.1352888164026207,0.4110168030189935,-3.7350244522094727,6.6637921333313,1.3751317262649536
1761086043.249436,2c08d2cc-7a1c-9d34-25ea-6265acb43d72,030d603a-8375-4cc7-2f18-b1ed3bae2043,2,-68.0,-69.0,-63.0,-63.0,2.839575804904921,-1.5802398960203177,0.7359842746354641,-1.679091775152151,0.13833000488705827,0.6337214187794569,0.18468070079609816,0.3773508515729203,-3.7441256046295166,6.677345275878906,1.4568183422088623
1761086044.249127,2c08d2cc-7a1c-9d34-25ea-6265acb43d72,c05f05cc-217d-8e19-e1be-e3fdf923a418,3,-63.0,-69.0,-63.0,-60.0,2.8214178399605427,-1.6756979758170092,0.5254779020634588,-1.6660035368169022,0.14854053953928684,0.6276725809955598,0.19897153945584276,0.44017259129047664,-3.7488675117492676,6.693719387054443,1.5378108024597168
1761086045.246637,2c08d2cc-7a1c-9d34-25ea-6265acb43d72,4516b0d8-dab4-63f6-34a3-efa7ab8f0044,13,-63.0,-78.0,-61.0,-61.0,2.809766510191446,-1.4980289121178987,0.3620793870655381,-1.598833420960978,0.10835118332544297,0.5834464634580228,0.14417407055026338,0.4757435684433107,-3.746555805206299,6.7207794189453125,1.622791051864624
1761086046.242847,2c08d2cc-7a1c-9d34-25ea-6265acb43d72,ab05b816-c1ba-74ca-1db1-069d84af0b25,24,-69.0,-73.0,-66.0,-73.0,2.8483977923319173,-1.4974633898604202,0.554155086997541,-1.5780370623246587,0.3118865569742193,0.5340853052856221,0.19127227416539647,0.37885124324155733,-3.7383973598480225,6.756883144378662,1.7229214906692505
1761086048.250761,2c08d2cc-7a1c-9d34-25ea-6265acb43d72,1d19a4b7-bd5f-616a-36b0-dff481ec0ae6,31,-68.0,-78.0,-69.0,-71.0,2.8682287550730834,-1.7297042195627257,0.5977212066379293,-1.6182590505842338,0.43193513443323894,0.5113710379007682,0.16885245252856437,0.1866872095851479,-3.692673444747925,6.820311546325684,1.8301798105239868
1761086049.247969,2c08d2cc-7a1c-9d34-25ea-6265acb43d72,25cd6c76-2e5f-7943-3bd2-264f946adc9f,19,-72.0,-80.0,-69.0,-74.0,2.868401327911721,-1.7511581126721858,0.5812351742259027,-1.702050487435561,0.4044751139858638,0.5036721387949717,0.24540322042915627,0.3324800826040159,-3.688016653060913,6.843493461608887,1.838839054107666
1761086050.250352,2c08d2cc-7a1c-9d34-25ea-6265acb43d72,110f3d1d-ff74-649b-e194-92a837bf1b0a,12,-73.0,-71.0,-65.0,-68.0,2.8301444862205147,-1.7144826560362683,0.5853263222924825,-1.714063208164581,0.42564920873329765,0.5695738576027184,0.19396839187396542,0.807099197856068,-3.696051597595215,6.85944938659668,1.8406472206115723
1761086052.249216,2c08d2cc-7a1c-9d34-25ea-6265acb43d72,8d8e1348-9c62-5311-200d-8ae8914b0b44,17,-69.0,-75.0,-72.0,-62.0,2.840021085439182,-1.7712279609631323,0.6694433305870713,-1.754550447268729,0.27099491685854316,0.5749587027478312,0.10941073028750939,0.5940112235023672,-3.728712558746338,6.89134979248047,1.8240983486175537
1761086053.246951,2c08d2cc-7a1c-9d34-25ea-6265acb43d72,0d4d25ac-8873-1514-fa3b-645967d51541,8,-62.0,-86.0,-66.0,-62.0,2.7901134466110973,-1.743654523142833,0.6646882564607347,-1.7324050643822295,0.23260378526936962,0.5877920099877324,0.14128623853272232,0.5582384453179323,-3.73613691329956,6.89482593536377,1.811788558959961
1761086054.250687,2c08d2cc-7a1c-9d34-25ea-6265acb43d72,7381c5de-b50c-254e-6f36-ae22ce337e7f,30,-69.0,-81.0,-66.0,-62.0,2.8016140414624955,-1.7403468770689545,0.708893801078851,-1.6736674486438778,0.2403850426318768,0.5884697844851575,0.1277990253766659,0.5372523697434579,-3.744365930557251,6.885239124298096,1.7994287014007568
1761086056.249426,2c08d2cc-7a1c-9d34-25ea-6265acb43d72,44c2b523-d422-45ff-ac11-fe70c8e6f144,27,-67.0,-83.0,-64.0,-69.0,2.796886397895387,-1.6349703864244816,0.6735094449394042,-1.7020669990343191,0.3407392775136514,0.5280723868869276,0.11713129254429797,0.4522700338316752,-3.779567241668701,6.856565475463867,1.7769339084625244
1761086057.247812,2c08d2cc-7a1c-9d34-25ea-6265acb43d72,b3b3d20c-5f5d-312a-0680-57b03da23a22,3,-62.0,-76.0,-63.0,-62.0,2.7986174526039385,-1.6089346578175945,0.6339721553960878,-1.698465073659987,0.2577688100026122,0.4173190072910979,0.14931267316308489,0.44131272384265324,-3.801252841949463,6.834166049957275,1.768493890762329
1761086058.249433,2c08d2cc-7a1c-9d34-25ea-6265acb43d72,e4b90aa0-863c-e21d-c5fe-89d9cdad3a33,1,-67.0,-67.0,-65.0,-63.0,2.795536175222717,-1.7470512519551749,0.42386712120035747,-1.7093376951263446,0.21721133002471374,0.3322471891666885,0.14383899495086094,0.4326332488234896,-3.821688652038574,6.8152618408203125,1.7598639726638794
1761086059.248719,2c08d2cc-7a1c-9d34-25ea-6265acb43d72,be21d265-d4d9-822b-a9af-f3372f8cc881,26,-69.0,-81.0,-72.0,-69.0,2.793528684393015,-1.635737376818424,0.5651656602083647,-1.7289761113206983,0.32039985074136196,0.23482136621956498,0.11558112473041168,0.36991074514605227,-3.8366281986236572,6.7986650466918945,1.7590219974517822
1761086061.244992,2c08d2cc-7a1c-9d34-25ea-6265acb43d72,1d0e9eb2-5d25-30e5-f9ed-9b083b572d0b,34,-66.0,-78.0,-74.0,-68.0,2.7409440360371824,-1.9217618099993161,0.6007074091682352,-1.7329893619253929,0.32255957451687534,0.24786594535769343,0.12848698646526063,0.2644518796001115,-3.847412347793579,6.766631126403809,1.7481306791305542
1761086062.248629,2c08d2cc-7a1c-9d34-25ea-6265acb43d72,8dd41678-312a-b2b4-9015-7014b7835400,19,-73.0,-76.0,-62.0,-60.0,2.716425909777477,-1.8866600152515265,0.5816844495017991,-1.6522987766893005,0.15388896595649298,0.250577226439719,0.12261072152000077,0.2675844061875604,-3.837033987045288,6.750021934509277,1.7485190629959106
1761086063.248699,2c08d2cc-7a1c-9d34-25ea-6265acb43d72,8e9b7653-5b75-0f5e-801e-34674dcaf756,26,-68.0,-72.0,-68.0,-58.0,2.6783624135814104,-1.6343358882947703,0.5570083977894519,-1.6115224514488242,0.10581240018064884,0.5360223555044913,0.13348090452948516,0.3665191429188092,-3.8160557746887207,6.73541784286499,1.75135862827301
1761086065.250235,2c08d2cc-7a1c-9d34-25ea-6265acb43d72,b328a81a-938b-be56-7b49-bd204152a4d6,26,-65.0,-78.0,-74.0,-66.0,2.691627086338877,-1.9420878543871276,0.6714686645960765,-1.6604517780504686,0.15796330281869161,0.1936941695054713,0.13638145314123135,0.3331753008065811,-3.781726837158203,6.7058539390563965,1.7709996700286865
1761086066.248144,2c08d2cc-7a1c-9d34-25ea-6265acb43d72,909e9d81-f97f-adf4-a741-69b6777f9f60,21,-66.0,-78.0,-69.0,-64.0,2.671145779659514,-1.9558007371560548,0.7433963845813726,-1.7232431244420843,0.13676214369667977,0.09140792776614187,0.14933263022650367,0.24715724490210972,-3.7700695991516113,6.688558101654053,1.783465027809143
1761086067.249712,2c08d2cc-7a1c-9d34-25ea-6265acb43d72,58543103-f5fe-cc6f-d91e-f2cf11fbb7b8,8,-61.0,-79.0,NaN,-64.0,2.7192014562655578,-1.9077882037596703,NaN,-1.7356730293558658,0.19445235482306006,0.1775452267084216,NaN,0.280769517007461,-3.7622129917144775,6.67244052886963,1.790924310684204
1761086068.250736,2c08d2cc-7a1c-9d34-25ea-6265acb43d72,8a2f9a68-9dbf-7f6c-dfaf-7974f18fb8f9,26,-63.0,-76.0,NaN,-61.0,2.7746378175166466,-1.698053881587679,NaN,-1.6889682412127647,0.1494655219648986,0.2032500575498664,NaN,0.29989630666689643,-3.754058361053467,6.6515960693359375,1.7844319343566895
1761086070.251522,2c08d2cc-7a1c-9d34-25ea-6265acb43d72,b0da7643-373f-e9ac-4e64-b755bcbbbebd,24,-63.0,-76.0,NaN,-64.0,2.7977593821007147,-1.9736520391009102,NaN,-1.7137980904780639,0.12654024899792632,0.17793106881610363,NaN,0.26980460036457543,-3.7318649291992188,6.6231865882873535,1.2498462200164795
1761086071.247178,2c08d2cc-7a1c-9d34-25ea-6265acb43d72,15c32a26-8fbe-2b65-9be3-6776ff6e5104,2,-59.0,-76.0,NaN,-63.0,2.7885411163035148,-1.9707091129383183,NaN,-1.7072516410444853,0.18243071250438786,0.16546707544036926,NaN,0.23391013236308072,-3.7252042293548584,6.61912965774536,1.2505903244018555
1761086072.249286,2c08d2cc-7a1c-9d34-25ea-6265acb43d72,5f8db553-a268-68e3-16b7-262774baebf4,17,-62.0,-78.0,-63.0,-68.0,2.7540878012811594,-1.978527354950464,0.5325589810858704,-1.6123621461405262,0.16690153722727,0.16797545693684446,0.37289205411785514,0.28299988113088875,NaN,NaN,NaN
1761086074.249569,2c08d2cc-7a1c-9d34-25ea-6265acb43d72,d97f0897-b342-3edd-8c43-56b9fbfc0db0,3,-75.0,-82.0,-67.0,-61.0,2.686844581653313,-1.9664338072823597,0.7016641176676129,-1.669953803661817,0.12211672178254787,0.11358159841684498,0.28218045975298495,0.29326450292038114,-3.7268643379211426,6.61763620376587,1.2521206140518188
1761086075.247869,2c08d2cc-7a1c-9d34-25ea-6265acb43d72,51b1dc45-a760-077e-5969-889d3e88b78a,4,-62.0,-74.0,-64.0,-62.0,2.6881378126786553,-2.013242725024083,0.6796280575438612,-1.4783402953369973,0.12427931677861152,0.14168706092153602,0.25612079598580073,0.22920662369335093,-3.7202749252319336,6.615840911865234,1.2526507377624512
1761086076.24774,2c08d2cc-7a1c-9d34-25ea-6265acb43d72,09e93e88-861f-7ee2-3078-54cc8cf79b4b,31,-65.0,-76.0,-67.0,-64.0,2.7832526110108353,-1.9136604739632948,0.8470764416114653,-1.5354129027618313,0.15978602020301225,0.10082535640098807,0.3620209972586381,0.19223870203547255,-3.7129924297332764,6.61614751815796,1.2484822273254395
1761086078.251095,2c08d2cc-7a1c-9d34-25ea-6265acb43d72,acf02182-26b6-62dc-1db2-b9cf15610251,31,-68.0,-93.0,-71.0,-66.0,2.744065260834755,-1.9049801667062907,0.8855375477582808,-1.6498128489697654,0.14377090125073896,0.25537489449873996,0.206084260160956,0.1593123104241144,-3.682525396347046,6.636983394622803,1.2192245721817017
1761086079.249215,2c08d2cc-7a1c-9d34-25ea-6265acb43d72,a79f7445-dea0-eec5-f516-1c6abd253d48,12,-63.0,-78.0,-66.0,-69.0,2.8047081020169498,-1.7671923398052805,0.841481406477318,-1.7159215619732384,0.15536813556019344,0.21144292310360208,0.2174495497842213,0.1680210635705121,-3.667029857635498,6.653084754943848,1.0926095247268677
1761086080.251353,2c08d2cc-7a1c-9d34-25ea-6265acb43d72,3a6e0a9c-0ec6-e65c-0374-f4425a9f5200,4,-64.0,-76.0,-62.0,-63.0,2.846439836298491,-1.7676432129778308,0.8354099318241553,-1.755711452345949,0.1967913592742062,0.14531856402872495,0.2117055107870839,0.2041147693110583,-3.653336763381958,6.671600341796875,1.5737979412078857
1761086082.249718,2c08d2cc-7a1c-9d34-25ea-6265acb43d72,2b2abbb6-65ea-afb3-05e8-6d3f474d4219,28,-69.0,NaN,-69.0,-65.0,2.845428900348697,NaN,0.8188735656675263,-1.7073933212144778,0.2856397062719161,NaN,0.2552388069670369,0.20248115300889008,NaN,NaN,NaN
1761086083.249511,2c08d2cc-7a1c-9d34-25ea-6265acb43d72,c114fa93-7f45-420b-0aa0-f4d6f9eaa59f,14,-69.0,-77.0,-74.0,-61.0,2.825031216927562,-1.7615401798657508,0.5488998712184876,-1.7304726746952679,0.23091683916637254,0.1489705901210642,0.34791226888318444,0.22255651071434132,-3.631810188293457,6.716675281524658,1.2686936855316162
1761086084.249676,2c08d2cc-7a1c-9d34-25ea-6265acb43d72,70498039-4fac-1f48-438c-b8a017e2d613,31,-68.0,-76.0,-72.0,-68.0,2.774060976824536,-1.7272204223720633,0.5639240945081696,-1.6961542487821255,0.1541357078314888,0.17698920860708348,0.30683221012038514,0.15756512694621114,-3.6321980953216553,6.72982931137085,1.2522900104522705
1761086085.248259,2c08d2cc-7a1c-9d34-25ea-6265acb43d72,5fb0066b-6f4f-1c33-8be3-98189e534b45,20,-70.0,-72.0,-65.0,-63.0,2.7610988391669022,-1.6929709723311535,0.8805094996202112,-1.735781686328341,0.1375938489051115,0.08950906894178018,0.3427357495143429,0.14948309882809316,-3.637857675552368,6.744168281555176,1.262408971786499
1761086087.251579,2c08d2cc-7a1c-9d34-25ea-6265acb43d72,55aae368-ea57-3a7d-bf9d-d1babb461d24,28,-68.0,NaN,-74.0,-63.0,2.656375888253934,NaN,0.9625021043132438,-1.7154234176913392,0.1435794033236055,NaN,0.3239938865009648,0.11411077684782212,-3.679222583770752,6.756783485412598,1.288995623588562
1761086088.249532,2c08d2cc-7a1c-9d34-25ea-6265acb43d72,eadba391-ec5c-0f88-3141-994d7540847e,2,-68.0,NaN,-67.0,-59.0,2.7271248931407612,NaN,0.5588169504857248,-1.7117023158582259,0.10356634837392485,NaN,0.37528646896443185,0.14405479422294146,-3.702690839767456,6.752521991729736,1.2929468154907227
1761086089.249569,2c08d2cc-7a1c-9d34-25ea-6265acb43d72,74f046d6-bdc3-dd89-ab46-83a4d05eb50a,1,-60.0,NaN,-58.0,-67.0,2.799417998827616,NaN,0.5016210387024199,-1.6715154813250392,0.1358076001829681,NaN,0.32016449388002627,0.1874443462830574,-3.7208919525146484,6.748037338256836,1.3398382663726807
1761086091.249728,2c08d2cc-7a1c-9d34-25ea-6265acb43d72,d81e41fa-c452-46df-d1fb-23a58928d415,2,-68.0,-83.0,-64.0,-60.0,2.7725712045107453,-1.7154459214025504,0.8435107352279584,-1.6799321356341257,0.1364557969475366,0.2859714362751991,0.13164591163701492,0.22416271310203856,-3.7247490882873535,6.763278484344482,0.943657636642456
1761086092.248401,2c08d2cc-7a1c-9d34-25ea-6265acb43d72,7178e315-f674-4ed2-053a-59df1bc9bcae,7,-71.0,-87.0,-66.0,-59.0,2.740199416196396,-1.775105656668342,0.7988921343247708,-1.6633339841402068,0.10550501313420485,0.25171850748011565,0.11687017792179409,0.24612288977947974,-3.7217679023742676,6.780335426330566,0.880396604537964
1761086093.249224,2c08d2cc-7a1c-9d34-25ea-6265acb43d72,fd032445-593c-cc03-31d7-bbbd200722f4,34,-72.0,-82.0,-76.0,-70.0,2.7034286183934544,-1.8230148594144313,0.7943442541312424,-1.7033807364000555,0.17935640927627083,0.3645816266467493,0.2000481389712641,0.24772211801407235,-3.72077751159668,6.78098964691162,1.0522555112838745
1761086095.247898,2c08d2cc-7a1c-9d34-25ea-6265acb43d72,e846d5fd-e7a3-6eaa-fbc6-f4f72f1a2583,13,-79.0,-70.0,-61.0,-67.0,2.7918572844928815,-1.8833104243904795,0.6992608810999253,-1.65002110816701,0.14945856445655079,0.34364794876672233,0.2432804979480382,0.26478375940620585,-3.707202434539795,6.782103061676025,1.074367880821228
1761086096.248545,2c08d2cc-7a1c-9d34-25ea-6265acb43d72,6985264b-143a-cdbf-cf92-ae6115488115,22,-80.0,NaN,-68.0,-63.0,2.8197538969114615,NaN,0.6256042369349498,-1.4820882950971206,0.17421406159316638,NaN,0.20536512344285052,0.2516384961341156,-3.6873536109924316,6.79307508468628,1.0714119672775269
1761086097.251354,2c08d2cc-7a1c-9d34-25ea-6265acb43d72,e5ad66e7-8701-1c7d-ddfb-561eb95c2c60,28,-68.0,NaN,-86.0,NaN,2.7898876105506587,NaN,0.8176341304962034,NaN,0.145075567224012,NaN,0.23593846242831235,NaN,-3.670539379119873,6.803470611572266,1.0625802278518677
1761086098.249751,2c08d2cc-7a1c-9d34-25ea-6265acb43d72,677a1054-3ed9-9f92-78ee-6e6516412ce3,12,-74.0,NaN,-63.0,NaN,2.83555762745221,NaN,0.6883445837916906,NaN,0.14071653844128393,NaN,0.28211804191493617,NaN,-3.660231351852417,6.818275451660156,1.0696829557418823
1761086100.248739,2c08d2cc-7a1c-9d34-25ea-6265acb43d72,7eab8eb4-7028-d434-600f-ae131b98f297,13,-70.0,NaN,-65.0,NaN,2.742371490381465,NaN,0.5769647954179606,NaN,0.10148392284905103,NaN,0.28593907886795467,NaN,NaN,NaN,NaN
1761086101.24988,2c08d2cc-7a1c-9d34-25ea-6265acb43d72,fe9c1482-b109-2d7d-d243-956047e5606f,36,-72.0,-80.0,-75.0,NaN,2.7417957149537897,-1.7239914727083967,0.5643131823434302,NaN,0.14913900177049805,0.37689029115190475,0.3814411674016594,NaN,-3.6180970668792725,6.851428985595703,0.9932793378829956
1761086102.248388,2c08d2cc-7a1c-9d34-25ea-6265acb43d72,5df5965d-c38a-6184-4f09-9c393625be3d,36,-78.0,NaN,-76.0,-66.0,2.722419087494591,NaN,0.5280901967767174,-1.4628544130723498,0.15457166730193475,NaN,0.34719704368293003,0.30965832337966365,-3.588836669921875,6.837581157684326,1.5266183614730835
1761086104.248571,2c08d2cc-7a1c-9d34-25ea-6265acb43d72,ada402a7-66bc-715b-54fb-6b707af9bd2d,19,-66.0,NaN,-66.0,-66.0,2.752594300541843,NaN,0.47974450192796403,-1.4970326235540998,0.11923251832199207,NaN,0.2932829453109299,0.18407674579513858,-3.5418624877929688,6.797901153564453,1.7245101928710938
1761086105.250981,2c08d2cc-7a1c-9d34-25ea-6265acb43d72,c7fb7cd7-83b6-acab-74a6-7d5cf41a7977,2,-60.0,NaN,-62.0,-64.0,2.73158941639217,NaN,0.49896320393452087,-1.4919153595195127,0.19812626877060843,NaN,0.21437366530420704,0.16494206652097373,-3.513948678970337,6.788970947265625,1.7892361879348755
1761086106.247981,2c08d2cc-7a1c-9d34-25ea-6265acb43d72,32ce639e-bba3-50c4-50b3-1c35319e5fc1,11,-74.0,NaN,-60.0,-66.0,2.6671744738419876,NaN,0.4960225414588554,-1.5136914951208726,0.182477517560546,NaN,0.20485085039159937,0.33185763527823714,NaN,NaN,NaN
1761086107.250173,2c08d2cc-7a1c-9d34-25ea-6265acb43d72,89be135c-c1fa-c51c-cd58-c21cd46b907a,32,-67.0,-79.0,-67.0,-66.0,2.703722631377799,-1.667046830173941,0.6118434172664015,-1.498532915354196,0.23630329885289642,0.31827055358130274,0.2480066934213041,0.28416964135019235,-3.4943861961364746,6.77060079574585,1.8317489624023438
1761086109.248745,2c08d2cc-7a1c-9d34-25ea-6265acb43d72,9615d7ce-0dcf-cd7c-7a0f-8f6669ae1405,19,-74.0,-72.0,-65.0,-60.0,2.7426165012017525,-1.6258653049736096,0.5474055715308442,-1.5722823706831608,0.2581471619697284,0.3352360215685708,0.2520441455024051,0.32114297255403496,-3.4689106941223145,6.730756759643555,1.8007445335388184
1761086110.250182,2c08d2cc-7a1c-9d34-25ea-6265acb43d72,3b9db650-1118-7722-db0a-38990dd4d955,19,-73.0,-75.0,NaN,-64.0,2.794345742215451,-1.9114704234408681,NaN,-1.585468746504579,0.19060886409310088,0.39801348623300453,NaN,0.3686853581494796,-3.453977108001709,6.72692060470581,1.7011170387268066
1761086111.245501,2c08d2cc-7a1c-9d34-25ea-6265acb43d72,02be8da9-a13f-ce52-f46d-c2e83a864e29,19,-67.0,-75.0,NaN,-63.0,2.8079651480301164,-1.8324906528890426,NaN,-1.5162965992991877,0.19810977381660674,0.37688796088595095,NaN,0.5029228917117915,-3.4174957275390625,6.72898292541504,1.6078221797943115
1761086113.252315,2c08d2cc-7a1c-9d34-25ea-6265acb43d72,36ffe664-589b-9a1c-764b-36e7a173294f,33,-64.0,-80.0,NaN,-69.0,2.840448789110249,-1.8472064821244933,NaN,-1.5898047722333914,0.23571723696551083,0.37389986085336846,NaN,0.538021124481623,-3.453347682952881,6.745721817016602,1.485131025314331
1761086114.249538,2c08d2cc-7a1c-9d34-25ea-6265acb43d72,1e9e0b4c-f7a6-6711-4188-27ec22296c57,25,-69.0,-85.0,NaN,-65.0,2.74746238912126,-1.6930804282519558,NaN,-1.6117875691353416,0.2483117918136863,0.22607178348470502,NaN,0.2659979611262002,-3.471849203109741,6.76362657546997,1.3673453330993652
1761086115.248412,2c08d2cc-7a1c-9d34-25ea-6265acb43d72,52771f04-7c4a-89d2-c87c-4e0bc7cfa1d9,3,-60.0,-78.0,NaN,-61.0,2.8161996421206417,-1.7399679092458367,NaN,-1.6376406048914494,0.27605971661965584,0.22421973803887987,NaN,0.3082310021934357,-3.4910831451416016,6.785508155822754,1.23769211769104
1761086116.244022,2c08d2cc-7a1c-9d34-25ea-6265acb43d72,7cb9a889-6a82-fe9a-b97e-a1000906fd83,7,-69.0,-95.0,-89.0,-63.0,2.741835662370141,-1.7236776191739305,-0.10150478705171612,-1.6294876035302808,0.2517442069846349,0.23492353173688316,0.27032927638883464,0.22191630343304306,NaN,NaN,NaN
1761086118.302989,2c08d2cc-7a1c-9d34-25ea-6265acb43d72,e0e23ce2-86e5-0dd2-b0e2-186220629818,16,-67.0,-79.0,-66.0,-60.0,2.7184957185766865,-1.7036968536214478,0.22318008988358337,-1.7508818097090904,0.21938681638492902,0.18810031614905756,0.4153463705821626,0.20912530716496064,-3.540360689163208,6.822295188903809,1.187804102897644
1761086119.249373,2c08d2cc-7a1c-9d34-25ea-6265acb43d72,fb1c55f8-9c00-8e07-f9fd-aae63ef61b69,7,-68.0,-74.0,-63.0,-60.0,2.7379746114217443,-1.2748099400824,0.6095187439508712,-1.7926063534556886,0.21531457676208884,0.6242893677257505,0.07592702228378172,0.2708618919620937,-3.577272891998291,6.840457439422607,1.20490837097168
1761086120.245916,2c08d2cc-7a1c-9d34-25ea-6265acb43d72,b96054b6-2046-fdd0-a14c-f30fe119ea12,10,-70.0,-73.0,-58.0,-62.0,2.7679112052353245,-1.4147886164541639,0.646612316877931,-1.677942088509564,0.1726729734941216,0.716673560413245,0.09453551918319572,0.3553670226960479,-3.6016392707824707,6.855934143066406,1.2319879531860352
1761086122.252215,2c08d2cc-7a1c-9d34-25ea-6265acb43d72,09944c68-b025-7da0-2d5f-8b1fb65826ba,11,-64.0,-73.0,-69.0,-68.0,2.7852084365153895,-1.4965689672083171,0.7043352682409624,-1.9656997069278794,0.22562473860622162,0.7016121194473292,0.08174562979144134,0.4015735999782224,-3.6836390495300293,6.850489616394043,1.4100483655929565
1761086123.248733,2c08d2cc-7a1c-9d34-25ea-6265acb43d72,c8cc6077-f7b7-e462-ecd3-e5fe93606a89,25,-78.0,-85.0,NaN,-63.0,2.8174960689392923,-1.4963788175064856,NaN,-1.7948002655616961,0.2832260167969501,0.6012834509120193,NaN,0.38092980718285063,-3.72915244102478,6.838633060455322,1.465388298034668
1761086124.252208,2c08d2cc-7a1c-9d34-25ea-6265acb43d72,66250af6-fb08-4cb3-00a2-2ed8964a7b9a,6,-69.0,-81.0,NaN,-68.0,2.8325413312015857,-1.4694308230681918,NaN,-1.6122917055296937,0.37558191339786245,0.5713001186213076,NaN,0.4130632758691513,-3.7718617916107178,6.82147216796875,1.5278743505477905
1761086126.24896,2c08d2cc-7a1c-9d34-25ea-6265acb43d72,ed062dc1-4eff-01b7-07dc-ac5bc582ba98,7,-73.0,-69.0,NaN,-60.0,2.7568628151370222,-1.5083105781383674,NaN,-1.5918548736405345,0.38741057640604476,0.5548506048057288,NaN,0.4739461011550754,-3.840585231781006,6.780389785766602,1.6720759868621826
1761086127.249313,2c08d2cc-7a1c-9d34-25ea-6265acb43d72,ca83007c-bd70-d17b-101f-101923bea31f,36,-73.0,-77.0,NaN,-62.0,2.7346568453357234,-1.536331959654018,NaN,-1.6338025902864817,0.3186805472311205,0.4556006163804419,NaN,0.3927853681180427,NaN,NaN,NaN
1761086128.250084,2c08d2cc-7a1c-9d34-25ea-6265acb43d72,51321816-85a6-a24d-38ff-fd7e662cb00b,28,-71.0,-81.0,-67.0,-69.0,2.7696736852447392,-1.5478517292652647,0.6724329952267942,-1.6720076334944858,0.30719939345567987,0.4279744146810458,0.3492822322374348,0.35827389631538303,-3.867244005203247,6.75724697113037,1.6590564250946045
1761086129.250702,2c08d2cc-7a1c-9d34-25ea-6265acb43d72,dc2f8a18-4e69-b239-ed06-c24705e0e6ee,35,NaN,-79.0,-69.0,-68.0,NaN,-1.6377087818153553,0.6705594613999235,-1.6309077341815654,NaN,0.3666758366594467,0.3531078964328473,0.38493916291445124,-3.8452768325805664,6.735787868499756,1.6246637105941772
1761086131.250337,2c08d2cc-7a1c-9d34-25ea-6265acb43d72,a7ef1cd8-6732-4b8d-0210-793be5ce7cec,20,NaN,-72.0,-62.0,-61.0,NaN,-1.8534562554126366,0.5447365514863668,-1.6425952829414874,NaN,0.2472636881219288,0.22143412147292743,0.36219044088299446,-3.7745232582092285,6.686723709106445,1.180810809135437
