create_time,idppe,idbeacon,bluetooth_channel,rssi_1,rssi_2,rssi_3,rssi_4,az_1,az_2,az_3,az_4,el_1,el_2,el_3,el_4,x,y,z
1755132472.214964,72828ff7-3ccc-0c5d-596b-8331ba7d4f39,02a02468-7279-5ad9-0a91-fb194d9c9f29,25,-90.0,-82.0,-67.0,-71.0,2.5988425539605164,0.9270351901800046,1.3502647506153969,3.1101822664289624,0.1531009199451817,0.16806415684590092,0.5483247282915714,0.157553741932551,NaN,NaN,NaN
1755132473.216325,72828ff7-3ccc-0c5d-596b-8331ba7d4f39,23f47eb7-3a5c-07d2-136a-1d757fe17d09,30,-74.0,-88.0,-67.0,-68.0,2.6408842801929433,0.943319621297512,1.413014684852062,3.139252267623832,0.18378592860410192,0.17380563255048914,0.6827863668596135,0.1556566724195467,-1.946016550064087,4.72105360031128,1.6565539836883545
1755132474.215641,72828ff7-3ccc-0c5d-596b-8331ba7d4f39,d4f6573c-acde-bc49-3491-08614fbd700e,10,-71.0,-76.0,-68.0,-68.0,2.451743383782208,0.9716569868765002,1.444435724657253,-3.1406421713967436,0.11064346594421506,0.1823046950505567,0.679114600085694,0.13190569467897373,NaN,NaN,NaN
1755132475.21688,72828ff7-3ccc-0c5d-596b-8331ba7d4f39,8a33aeca-a2db-5886-5fdf-9ee2f82de5bb,30,-77.0,-80.0,-68.0,NaN,2.4508954332911266,0.975920441465608,1.4607598368750025,NaN,0.201680273890076,0.19580232782437806,0.6611909933172427,NaN,-1.9674378633499146,4.710131645202637,1.6610491275787354
1755132476.217458,72828ff7-3ccc-0c5d-596b-8331ba7d4f39,a5cffd01-12fd-4f98-5744-e3df6d11c792,33,-73.0,-78.0,-67.0,NaN,2.5202505396634063,1.004861811979826,1.5176225872059386,NaN,0.24790001717488963,0.23991174897189924,0.6677569504058058,NaN,-1.9917595386505127,4.69806671142578,1.6611772775650024
1755132477.217057,72828ff7-3ccc-0c5d-596b-8331ba7d4f39,cf81c5ad-1090-4b94-7774-f4f5fdf673c1,3,-70.0,-81.0,-71.0,NaN,2.4336179094031283,0.9984830085368683,1.5689187982263908,NaN,0.3093963016179134,0.2678130052776301,0.5046511501011984,NaN,-2.029625177383423,4.678106307983398,1.6569784879684448
1755132478.217118,72828ff7-3ccc-0c5d-596b-8331ba7d4f39,fcbb723f-82c9-ead5-9135-83536f87fa2b,16,NaN,-74.0,-80.0,NaN,NaN,1.0582805623890714,1.5899513792514006,NaN,NaN,0.35133732707162174,0.4496770803258332,NaN,-2.115123748779297,4.644420623779297,1.6462433338165283
1755132479.216334,72828ff7-3ccc-0c5d-596b-8331ba7d4f39,b3eeeb07-1956-f74e-bcba-050d68aaebeb,33,NaN,-83.0,-74.0,NaN,NaN,1.1978240782387164,1.6072044020573697,NaN,NaN,0.32823517027399773,0.5092202357149065,NaN,NaN,NaN,NaN
1755132480.216027,72828ff7-3ccc-0c5d-596b-8331ba7d4f39,19ea1d96-647c-65cb-3832-8ef87fad2913,5,NaN,-90.0,-69.0,-68.0,NaN,1.1858885891813082,1.6231567369869446,3.1133753965759676,NaN,0.28994963302204585,0.38754716328045213,0.6881321301157295,-2.3433048725128174,4.63301134109497,1.602023720741272
1755132481.216268,72828ff7-3ccc-0c5d-596b-8331ba7d4f39,bcef8ede-8e36-f89d-3596-d727cdc993f9,8,NaN,-74.0,-68.0,-87.0,NaN,1.0068314859220486,1.5971296636536,3.0209248245983025,NaN,0.24736299074107515,0.4122368969828997,0.7078685506381978,-2.582028388977051,4.622434616088867,1.5538570880889893
1755132482.217796,72828ff7-3ccc-0c5d-596b-8331ba7d4f39,501440f5-c30a-03a1-7b42-f5aaa940bc12,5,NaN,NaN,-68.0,NaN,NaN,NaN,1.58321624485459,NaN,NaN,NaN,0.437294779416537,NaN,NaN,NaN,NaN
1755132483.216691,72828ff7-3ccc-0c5d-596b-8331ba7d4f39,283c729f-5dea-3332-d4c5-1cd4732ad0a3,30,-74.0,-78.0,-71.0,NaN,2.6784716031861038,1.0782537379324477,1.5600153180700378,NaN,0.1471061110418997,0.17489170293253706,0.46674647817464154,NaN,-2.94481348991394,4.70570707321167,1.515221118927002
1755132484.21762,72828ff7-3ccc-0c5d-596b-8331ba7d4f39,5200d74d-98db-9067-9bd6-cb99240c48b5,22,-73.0,-82.0,-67.0,NaN,2.680993084106191,1.1848353089701817,1.552732105120889,NaN,0.11387242393026004,0.16823082079586943,0.5997704425177179,NaN,-3.299896001815796,4.76775884628296,1.4865907430648804
1755132485.217628,72828ff7-3ccc-0c5d-596b-8331ba7d4f39,6a1c4f68-aaf7-8cd6-fe4b-2ddba0b48021,9,-71.0,-75.0,-69.0,NaN,2.678444438942985,1.2045757242342852,1.6244856543708939,NaN,0.16293619023268294,0.17496703710187267,0.6233268347287686,NaN,-3.6788816452026367,4.855670928955078,1.4384407997131348
1755132486.216147,72828ff7-3ccc-0c5d-596b-8331ba7d4f39,f4badd2e-2f55-ecb3-38bc-d396995c3b6b,17,-76.0,-75.0,-67.0,NaN,2.612830541270049,1.2241225276871397,1.6170682181028053,NaN,0.1776956287309838,0.1738573145203935,0.7029719960789508,NaN,-4.062018394470215,4.891478538513184,1.373481273651123
1755132487.194771,72828ff7-3ccc-0c5d-596b-8331ba7d4f39,8b07a1e0-a4be-598d-3277-14f59eacd583,9,-71.0,-74.0,-69.0,-70.0,2.854543835495602,1.2158853704355248,1.5824966587280507,-1.9246485434629073,0.200714811415895,0.17755106901806295,0.6384057859788518,0.8412134258926287,-4.434383392333984,4.908128261566162,1.1987816095352173
1755132488.2174,72828ff7-3ccc-0c5d-596b-8331ba7d4f39,2ec66e3f-75d8-ec2e-ef75-8d9061d424c3,5,-71.0,-74.0,-67.0,-68.0,2.565880076516388,1.2571736883955682,1.4817269041371963,-2.539472970095489,0.2367664225664612,0.14833709067676157,0.6431059989867326,0.8706915565245523,-4.776867866516113,4.888532638549805,1.0361367464065552
1755132489.2163,72828ff7-3ccc-0c5d-596b-8331ba7d4f39,1900abd2-4191-0d3f-b9e9-2d4f99c16c10,26,-74.0,-85.0,-72.0,-88.0,2.554997867670106,1.2375656322376418,1.4744793775466547,-2.076569499952859,0.2579234065038913,0.14089818267238416,0.6254657525582658,0.8384039241006497,-5.114288330078125,4.859325885772705,0.882217824459076
1755132490.195651,72828ff7-3ccc-0c5d-596b-8331ba7d4f39,678d8bfc-46e2-f83d-53e2-49cc7100ee21,25,-73.0,-83.0,-72.0,-81.0,2.5866037308549483,1.2045493589394936,1.5394754218466926,-2.6515449140365304,0.24665087811034475,0.17349615658706513,0.501702032089072,0.7213872889636579,-5.4107513427734375,4.831215858459473,0.779790759086609
1755132491.195038,72828ff7-3ccc-0c5d-596b-8331ba7d4f39,de2a91eb-c0db-66e6-a8fe-938a80b03806,11,-73.0,-77.0,-67.0,-71.0,2.5574644874717376,1.1702004398318695,1.5319376106973324,-2.6659004175764935,0.2102245934839181,0.24080643794011136,0.6742169802620109,0.8246050212285131,-5.555875301361084,4.804548263549805,0.724661409854889
1755132492.195122,72828ff7-3ccc-0c5d-596b-8331ba7d4f39,0ea46095-0788-c9c7-8b86-e7b10ea7a25a,25,-73.0,-85.0,-72.0,-77.0,2.601047118710884,1.1646930226975856,1.5539965740064587,-2.8125116966431,0.19266274386004045,0.23990281073749067,0.6669620633994444,0.6736575832750399,-5.698761463165283,4.80149507522583,0.7010223865509033
1755132493.217235,72828ff7-3ccc-0c5d-596b-8331ba7d4f39,e36c207c-df25-22f4-dab1-a4b1773cf5cd,6,-69.0,-74.0,-66.0,-73.0,2.611367933199377,0.9425915130554843,1.5317389388800124,-2.791466066128749,0.20222798625776442,0.20071323016399778,0.5750812747370022,0.6140968510227718,NaN,NaN,NaN
1755132494.195581,72828ff7-3ccc-0c5d-596b-8331ba7d4f39,5b5e367d-7c19-7142-5f6f-790124799c3d,8,-69.0,-76.0,-68.0,-84.0,2.574289273974422,1.0415415296734876,1.5785519845214253,-2.8639842089277154,0.23921931044372183,0.17513739618785368,0.6511524073252708,0.6576295479914797,-5.724964141845703,4.688718795776367,0.6441531777381897
1755132495.217127,72828ff7-3ccc-0c5d-596b-8331ba7d4f39,5e733033-e9d2-13fb-8f3d-645d61037649,5,-66.0,-79.0,-75.0,-66.0,2.5676452196868924,1.109420978485754,1.5364937466902397,-2.8182140571691776,0.2592618113992243,0.11559529774083795,0.6141747484846568,0.574917690067044,-5.730828762054443,4.5579252243042,0.5710617899894714
1755132496.195055,72828ff7-3ccc-0c5d-596b-8331ba7d4f39,922119f4-e109-a326-c4a5-adc76b2fc112,24,-78.0,-84.0,-68.0,-80.0,2.5733284054531214,1.081150191934018,1.5613117448886884,-2.8079022974283907,0.2657721583552751,0.1276779930275002,0.5086157647264858,0.5371534998879889,-5.717830181121826,4.44139814376831,0.5418559908866882
1755132497.195098,72828ff7-3ccc-0c5d-596b-8331ba7d4f39,347d5e27-7bd8-0e7a-9a94-f6f084a8e56a,17,-74.0,NaN,-73.0,-63.0,2.6016559173360765,NaN,1.5957261777591283,-2.762368368058543,0.20294118079768764,NaN,0.571241063024135,0.5116138849026697,-5.708337306976318,4.419495105743408,0.5474112033843994
1755132498.195185,72828ff7-3ccc-0c5d-596b-8331ba7d4f39,8762ad6e-31b7-b8c9-0119-8323eb00f9d8,36,-75.0,NaN,-75.0,-73.0,2.63775240275101,NaN,1.574844331651817,-2.7568135466568555,0.2257846780744377,NaN,0.743158897191165,0.41471603364165444,-5.70699691772461,4.43494176864624,0.652012526988983
1755132499.216712,72828ff7-3ccc-0c5d-596b-8331ba7d4f39,e21d5ba1-d18b-62cd-60d6-c7c48ae93a9a,23,-90.0,NaN,-67.0,-75.0,2.6298662501310677,NaN,1.565132315788516,-2.762673832635575,0.22302316311635045,NaN,0.5158480114302731,0.39972333552137623,-5.729187965393066,4.496121883392334,0.7502251267433167
1755132500.196113,72828ff7-3ccc-0c5d-596b-8331ba7d4f39,74aea65f-a527-dc43-3454-2aa6b0238077,34,-71.0,NaN,-70.0,-77.0,2.55305322744213,NaN,1.5203661757609381,-2.765994261882686,0.28645210356244477,NaN,0.6838955068746042,0.3475656584673106,-5.74384355545044,4.573580741882324,0.788515567779541
1755132501.195736,72828ff7-3ccc-0c5d-596b-8331ba7d4f39,14927a79-01c5-c804-a38b-40a9aebb28a7,16,-79.0,NaN,-68.0,-75.0,2.5698726876226345,NaN,1.5264376504141008,-2.9038293598930447,0.26105293703511384,NaN,0.6559263233163196,0.3242412608767195,-5.750981330871582,4.623107433319092,0.740359604358673
1755132502.217302,72828ff7-3ccc-0c5d-596b-8331ba7d4f39,8db91120-3641-eff0-7bda-3a331e2ff84d,36,-74.0,-84.0,-74.0,-78.0,2.6057092485151765,-1.0683576976378222,1.5487384287502064,-2.9024362603268243,0.29976554545737355,0.2556331545454504,0.8201564103646174,0.3332034304455951,-5.755237102508545,4.709513187408447,0.7083390951156616
1755132503.196104,72828ff7-3ccc-0c5d-596b-8331ba7d4f39,61a5f2b5-3499-a8d4-24c8-b64f273d3870,21,-85.0,NaN,-66.0,-75.0,2.586626634040323,NaN,1.5674588533168092,-3.009408250780364,0.2973634074436357,NaN,0.7254973454739773,0.3522643401575647,-5.76025915145874,4.735922813415527,0.644965946674347
1755132504.218016,72828ff7-3ccc-0c5d-596b-8331ba7d4f39,c316bf14-1e84-ae7a-b731-18ab472ce377,28,-72.0,NaN,-70.0,NaN,2.472051584990716,NaN,1.5505930541333375,NaN,0.24567378095115153,NaN,0.6839163461101341,NaN,NaN,NaN,NaN
1755132505.216849,72828ff7-3ccc-0c5d-596b-8331ba7d4f39,ec1980b3-3d77-16d7-19ee-38d70193cc48,35,-76.0,NaN,-73.0,-75.0,2.4870244092713594,NaN,1.537210669655689,-3.0099818956791675,0.26101042632621346,NaN,0.6203760522409608,0.3948609360031096,-5.746374607086182,4.801696300506592,0.6288516521453857
1755132506.195124,72828ff7-3ccc-0c5d-596b-8331ba7d4f39,2b1efbf8-995e-a121-42fc-c1f1c7e22531,1,-74.0,NaN,-70.0,-69.0,2.5307838744068873,NaN,1.5242698372867762,-3.0207131032916417,0.2393477413872909,NaN,0.6229808901031673,0.37994154139183584,NaN,NaN,NaN
1755132507.217809,72828ff7-3ccc-0c5d-596b-8331ba7d4f39,26d04d0f-36e4-533b-4807-d8c057751e91,36,-73.0,NaN,-72.0,-81.0,2.5631551300890187,NaN,1.5348090309846558,-3.0164195549822157,0.24155952996211533,NaN,0.6472104628587627,0.3688936173467238,NaN,NaN,NaN
1755132508.216598,72828ff7-3ccc-0c5d-596b-8331ba7d4f39,e3b5ba14-a538-8995-f00f-d7e4b225a01a,31,-73.0,-79.0,-73.0,-76.0,2.6637496486801457,-0.9950809534023466,1.407777312252312,-3.013732958074544,0.24839752895603004,0.21369202922320127,0.8594669317411137,0.44142607463654965,-5.7165069580078125,4.903244972229004,0.6527183651924133
1755132509.217289,72828ff7-3ccc-0c5d-596b-8331ba7d4f39,2006a936-fd99-74dd-ce26-98b9a712b5e6,13,-73.0,-78.0,-69.0,-70.0,2.6406440630626182,-0.9993360190340207,1.6769318183500423,-2.9822099191996028,0.22793002078006463,0.18955478493364752,0.6071077176369952,0.4027218551717237,-5.731382369995117,4.96390962600708,0.6543264389038086
1755132510.217327,72828ff7-3ccc-0c5d-596b-8331ba7d4f39,f4e721c7-098a-4283-c2f6-0d4bd09a14ef,33,-74.0,-88.0,-69.0,-72.0,2.634012259316103,-0.8989023553727343,1.639815874869826,-3.0612488119276287,0.22549202996015158,0.3172213346908388,0.6593215208110343,0.5016612191453665,-5.74507474899292,4.96856689453125,0.6369565725326538
1755132511.196432,72828ff7-3ccc-0c5d-596b-8331ba7d4f39,3248486d-cc03-a6d0-d0ac-f992e4d8df96,18,-82.0,-84.0,-67.0,-68.0,2.6343073375648838,-0.8891980626765947,1.6461680467018833,3.0972265203579448,0.19484463845162875,0.36164442628050086,0.6326220658814722,0.5030145044532902,NaN,NaN,NaN
1755132512.21651,72828ff7-3ccc-0c5d-596b-8331ba7d4f39,0644bee8-db29-d23e-6a33-2cb6d295a5ee,14,-74.0,-77.0,-67.0,-72.0,2.5321681855415106,-0.8167931042239563,1.6439134145230219,3.0960973400557514,0.17062648399920702,0.28688716421602284,0.6362203294093055,0.4557350394364637,-5.7648515701293945,4.925538539886475,0.6533623337745667
1755132513.195492,72828ff7-3ccc-0c5d-596b-8331ba7d4f39,6ea96f06-2c54-24b0-facd-9d634841dcd6,28,NaN,-93.0,-68.0,-73.0,NaN,-0.8941033390884117,1.6021891370925327,2.992386922989232,NaN,0.1780314699891996,0.7070206001471165,0.5470862252266301,-5.768484592437744,4.853853225708008,0.610969066619873
1755132514.21784,72828ff7-3ccc-0c5d-596b-8331ba7d4f39,b9f2aae0-e890-3486-7242-131f4563563d,9,-74.0,-88.0,-67.0,-79.0,2.735260317638735,-0.987833426811805,1.6218464617306254,-3.0875850782635315,0.09197004617085196,0.15169929826347298,0.6461772229348394,0.46026727355858776,-5.792236328125,4.803147315979004,0.628089964389801
1755132515.217257,72828ff7-3ccc-0c5d-596b-8331ba7d4f39,c7bd5e27-55b2-5180-f134-ee80d069bf88,13,-75.0,-94.0,-66.0,-71.0,2.7621188298644026,-0.9940015742125374,1.6024107120952271,-3.1210021573057367,0.09522152451286492,0.2022116910408445,0.6515200567137562,0.3500747556883288,-5.815741539001465,4.814749717712402,0.7358163595199585
1755132516.19665,72828ff7-3ccc-0c5d-596b-8331ba7d4f39,72ccd199-a348-3e01-0c00-569e1c5d4760,34,-75.0,-82.0,-72.0,-75.0,2.699935616307706,-1.0094207442918781,1.6184019291767169,-2.8615407586275676,0.20627291183467444,0.19550278878077137,0.6708023416913387,0.4571606961470103,-5.8333158493042,4.8115458488464355,0.8128376603126526
1755132517.196243,72828ff7-3ccc-0c5d-596b-8331ba7d4f39,d7cf50d2-fe5a-811a-381a-8414a603e99c,36,-78.0,-84.0,-70.0,-74.0,2.7032682960958314,-0.9923627980357572,1.5634614485206002,-2.9109554463378786,0.19343422833832274,0.14651850119213053,0.6464131124283929,0.48845972988476194,-5.85069990158081,4.855494499206543,0.8872554898262024
1755132518.195528,72828ff7-3ccc-0c5d-596b-8331ba7d4f39,08959819-ec79-6923-1798-f3fcd2343aa6,35,-74.0,-88.0,-70.0,-73.0,2.8046218155976312,-1.519733009211772,1.5775692780791861,-2.8431998345163008,0.4408408782765184,0.1337384072397606,0.6503393442444696,0.5305106440229497,-5.86568784713745,4.901774883270264,0.883573055267334
1755132519.218084,72828ff7-3ccc-0c5d-596b-8331ba7d4f39,12551b9e-2c08-a9f3-0bc0-8004ca8243f4,34,-75.0,-80.0,-69.0,-76.0,2.7654451180659114,-1.4688435960478292,1.5672415393718586,-2.8270142066752353,0.6259491162961152,0.1475895912930468,0.7166716296214547,0.45594239981684,-5.903679370880127,4.953769207000732,0.8616374731063843
1755132520.196082,72828ff7-3ccc-0c5d-596b-8331ba7d4f39,8a8df230-ad0c-aadf-8ef6-4c83d04b4da5,35,-74.0,-91.0,-70.0,-76.0,2.784256090109577,-1.5676752351553782,1.530615617532217,-2.780791051215275,0.8817579895392403,0.18472450979602992,0.6828310413868995,0.4968545462729098,-5.88465452194214,5.016400337219238,0.852095663547516
1755132521.217012,72828ff7-3ccc-0c5d-596b-8331ba7d4f39,6e0b5558-b051-8a4c-cb8c-1038aac427ed,3,-71.0,NaN,-67.0,-69.0,2.7828217115464606,NaN,1.5652377769676833,-2.7811955853848582,0.6670344348020674,NaN,0.5459089748667605,0.4128009877912921,-5.86512851715088,5.097412109375,0.866835594177246
1755132522.196109,72828ff7-3ccc-0c5d-596b-8331ba7d4f39,0b011e9a-cd65-175c-b31b-f51979f683d1,18,-81.0,-75.0,-65.0,-74.0,2.753930142144627,-1.4217162973977868,1.5691196005725825,-2.7968379283635474,0.4996989687646825,0.24353268265851188,0.5252803288000886,0.43571772199801934,-5.843281269073486,5.207642555236816,0.8520321249961853
1755132523.218723,72828ff7-3ccc-0c5d-596b-8331ba7d4f39,82104563-9a1c-8aeb-c6d2-6881ee5520e0,5,-71.0,-80.0,-67.0,-70.0,2.745073000991241,-1.3077074363959307,1.562038255234062,-2.773760039621357,0.42773130136303517,0.22983592865893665,0.5866541078329687,0.3455258768093917,-5.84226417541504,5.339045524597168,0.904504358768463
1755132524.217823,72828ff7-3ccc-0c5d-596b-8331ba7d4f39,b6cf2966-5d22-07f3-f0d2-6abb8916bdde,18,-86.0,-85.0,-67.0,-72.0,2.714678343470167,-1.24373630964141,1.5966044882866366,-2.7861128460215805,0.3455585338222588,0.2319221824778775,0.5965227841473936,0.30162310031770384,-5.8398308753967285,5.44063901901245,0.9572356343269348
1755132525.196764,72828ff7-3ccc-0c5d-596b-8331ba7d4f39,2148b724-12a0-b197-0d46-d2e4bf8f4874,0,-69.0,-74.0,-67.0,-66.0,2.715143331396495,-1.243078642010215,1.6279610795934474,-2.765538062387955,0.4036566912933689,0.2530781011508716,0.5077287656359214,0.27296022987448076,NaN,NaN,NaN
1755132526.218172,72828ff7-3ccc-0c5d-596b-8331ba7d4f39,59edb803-d3e3-0fd0-7101-cf45fe419fde,30,-76.0,-85.0,-68.0,NaN,2.735823309893178,-1.2711337125136546,1.598512376891569,NaN,0.384982172966056,0.28520168285162534,0.6737194351913569,NaN,-5.833322048187256,5.559439182281494,0.9266520142555237
1755132527.218345,72828ff7-3ccc-0c5d-596b-8331ba7d4f39,8301cd3a-262b-252a-ba31-c8969ecb2b42,17,-77.0,NaN,-67.0,NaN,2.9047662599645347,NaN,1.576287232330422,NaN,0.35442599472486835,NaN,0.6771397329793457,NaN,-5.827280044555664,5.624874114990234,0.7314725518226624
1755132528.216774,72828ff7-3ccc-0c5d-596b-8331ba7d4f39,a6112b3f-36cc-2bd7-94f0-1d384e6067b5,5,-74.0,-74.0,-67.0,NaN,2.7747209081426574,-1.3249159844116958,1.596454286001156,NaN,0.2549284155419882,0.30379963529759835,0.5617790514081653,NaN,-5.82484769821167,5.55692958831787,0.598168671131134
1755132529.218588,72828ff7-3ccc-0c5d-596b-8331ba7d4f39,8240ad2a-6558-aef9-1eb6-6cfd50a4bac9,5,-70.0,-86.0,-68.0,NaN,2.7121041319604964,-1.2300916037963887,1.566708907153843,NaN,0.2447950043704526,0.32579568142597154,0.6584340889567927,NaN,-5.8226470947265625,5.474745750427246,0.5508403778076172
1755132530.218253,72828ff7-3ccc-0c5d-596b-8331ba7d4f39,623b7546-dfbd-8440-bdd5-9f9af03ca518,29,-84.0,-86.0,-68.0,NaN,2.7326850408646286,-1.2242664715440585,1.5808737283597563,NaN,0.2703139465678099,0.3665459742667917,0.7180719863016456,NaN,-5.825741291046143,5.386693000793457,0.5111948251724243
1755132531.196371,72828ff7-3ccc-0c5d-596b-8331ba7d4f39,1ba8c79f-2604-a7b3-dd4d-cafcef405402,9,-74.0,-76.0,-67.0,-74.0,2.7531034969422663,-1.1392406595274804,1.5533526216548776,3.122975559673485,0.18405846985215793,0.293197491129452,0.6848346040539934,0.3870583067728545,-5.829279899597168,5.31244659423828,0.4994814991950989
1755132532.217249,72828ff7-3ccc-0c5d-596b-8331ba7d4f39,1fa7c022-7830-acac-068e-f484ca5ccc76,2,-70.0,-73.0,-68.0,-78.0,2.7852771460715138,-1.185885526546055,1.5959898307070461,-2.9633835008216147,0.16830119482767478,0.27620847081129357,0.6386826215741656,0.39068273585839786,-5.83626890182495,5.26698350906372,0.5016579627990723
1755132533.196031,72828ff7-3ccc-0c5d-596b-8331ba7d4f39,2647d473-301c-f515-3e0c-ed6a5c1b15e7,6,-75.0,-80.0,-68.0,-80.0,2.764563079112877,-1.201241712865615,1.5849110805723166,3.054124323379449,0.13571847583261293,0.2211003275197996,0.5733077426090639,0.3279431546604706,-5.841095924377441,5.203149795532227,0.5083273649215698
1755132534.217879,72828ff7-3ccc-0c5d-596b-8331ba7d4f39,98f8dc1c-912e-ff37-3ab0-581684839806,31,-73.0,-81.0,-70.0,-75.0,2.7614359953609062,-1.167055246584486,1.5658076934409602,3.1389268293386237,0.174293939781112,0.20758600005489483,0.6224025846724566,0.3350366173819512,-5.841640949249268,5.152291774749756,0.49953457713127136
1755132535.218617,72828ff7-3ccc-0c5d-596b-8331ba7d4f39,fd81b1d1-330d-9b76-e66f-135a0352f3a9,14,-72.0,-76.0,-68.0,-67.0,2.702756436534318,-1.185711755284927,1.557876799714704,3.0301169914168202,0.19302904502322404,0.2117580083500721,0.6300782809872557,0.3253276308643901,-5.834621906280518,5.12557029724121,0.4943847060203552
1755132536.19596,72828ff7-3ccc-0c5d-596b-8331ba7d4f39,ad39b7de-090e-7c3b-e591-d9d13d2c9c2e,20,-76.0,-82.0,-66.0,-74.0,2.7184642932758236,-1.0796790617478582,1.5369528756621698,-3.106556106288711,0.19389703580150808,0.1772753486214557,0.7095484060747925,0.3070586453920692,-5.82472324371338,5.0718412399292,0.5214234590530396
1755132537.218751,72828ff7-3ccc-0c5d-596b-8331ba7d4f39,bc7c49be-4382-21d4-8284-c46aa8378bcb,23,-82.0,-79.0,-66.0,-75.0,2.881976525252291,-1.012559146478482,1.5688719265912052,-3.065602813993799,0.3130185335955575,0.1550400341138957,0.7161798103471444,0.30763185752719513,-5.822406768798828,5.00049924850464,0.714685618877411
1755132538.218221,72828ff7-3ccc-0c5d-596b-8331ba7d4f39,e050d0c6-d93e-313f-0e44-97493a6031f7,14,-72.0,-76.0,-67.0,NaN,2.6923429440398907,-1.0390607951180786,1.5440954737057622,NaN,0.28290716983544034,0.202622766599855,0.6995726041055191,NaN,NaN,NaN,NaN
1755132539.217826,72828ff7-3ccc-0c5d-596b-8331ba7d4f39,91089062-461e-4611-4d9a-0b35f869bdac,20,-85.0,-77.0,-66.0,NaN,2.8258983421784922,-1.0872028913014957,1.5627743529593598,NaN,0.3204698252990038,0.15684539101686037,0.6760592885251006,NaN,-5.8053436279296875,5.10348129272461,0.8125154972076416
1755132540.217907,72828ff7-3ccc-0c5d-596b-8331ba7d4f39,a001c942-e311-8cc7-b48c-59101c78986b,3,-69.0,-80.0,-66.0,NaN,2.7852840702903476,-1.0380952660648703,1.5564466822093317,NaN,0.3291675429716345,0.1433609242456781,0.5499181641507931,NaN,NaN,NaN,NaN
1755132541.218216,72828ff7-3ccc-0c5d-596b-8331ba7d4f39,c33e9757-37b4-8ce3-821b-04bcbde76e36,9,-75.0,-80.0,-68.0,NaN,2.771071844817031,-1.143037395135552,1.5309298705408465,NaN,0.31945129934010297,0.1353504519370992,0.4594336375583657,NaN,-5.797659397125244,5.247910976409912,0.8961992263793945
1755132542.217399,72828ff7-3ccc-0c5d-596b-8331ba7d4f39,21590ed3-ec26-abeb-bddf-d8a34d54b8a8,3,-72.0,-79.0,-67.0,NaN,2.746322023542488,-1.1338620062319016,1.4999461217866465,NaN,0.2008419440684327,0.15333206568304378,0.5533641281537875,NaN,NaN,NaN,NaN
1755132543.218334,72828ff7-3ccc-0c5d-596b-8331ba7d4f39,003ca5b2-52fe-b514-fb3e-37aa085dfd84,17,-75.0,-85.0,-67.0,-71.0,2.7809058334582573,-1.131788735323275,1.546948251865455,-2.9780042552061494,0.20673746699732515,0.1804149991648205,0.559674688093812,0.47877128299710825,-5.789923667907715,5.32896614074707,0.958223581314087
1755132544.19575,72828ff7-3ccc-0c5d-596b-8331ba7d4f39,89e3975d-1e0a-5535-1c7e-068574ba299c,22,NaN,-86.0,-65.0,-70.0,NaN,-1.2052266008047003,1.5863854065517844,-2.9247868397753147,NaN,0.21275394737397765,0.7026837088909498,0.5827512452554576,-5.79646396636963,5.386836051940918,0.9621625542640686
1755132545.218005,72828ff7-3ccc-0c5d-596b-8331ba7d4f39,91597c11-64d3-5574-613b-34bfe0e5a175,16,-78.0,-80.0,-67.0,-67.0,2.783342093223462,-1.268847788191985,1.589323938498578,-2.9715431600855085,0.16290676230263748,0.19363098600860917,0.7709739503013612,0.5506704072901996,-5.795587539672852,5.3909010887146,0.941096842288971
1755132546.219447,72828ff7-3ccc-0c5d-596b-8331ba7d4f39,bd0d68e7-6c9d-388e-3e75-0784589ef874,8,-75.0,-75.0,-69.0,-85.0,2.717911421033523,-1.2491337382226735,1.5996159908472982,-3.034266462711273,0.13950619830487018,0.19337429056903915,0.7093756334990735,0.36296462181188044,-5.798832893371582,5.38922119140625,0.952648937702179
1755132547.197791,72828ff7-3ccc-0c5d-596b-8331ba7d4f39,bc876e9c-a928-964a-d6c9-fbe0178ad07f,10,-79.0,-83.0,-68.0,-70.0,2.735525035851089,-1.1619433088720788,1.577733861434553,-2.9775248862099355,0.12660026166861557,0.18958720891991926,0.6741816267985402,0.2459219709199901,NaN,NaN,NaN
1755132548.196894,72828ff7-3ccc-0c5d-596b-8331ba7d4f39,0ffca2d4-2e77-6cf7-af21-d3cbaac156bb,33,-75.0,-89.0,-70.0,-73.0,2.719786819073157,-1.0322620111712153,1.5497227330890995,-2.9579269500641514,0.15200622757910465,0.17339708699451417,0.7081355325374782,0.2395760908060084,-5.796236515045166,5.378303050994873,0.921708881855011
1755132549.218728,72828ff7-3ccc-0c5d-596b-8331ba7d4f39,7b4b9457-27e6-5558-93a1-f964c999e8be,1,-72.0,-76.0,-69.0,-64.0,2.6704272587974103,-1.0856404146899459,1.5587620344610467,-2.8720583807206177,0.25466413009331146,0.14093192159444407,0.584867526215689,0.3265882381663791,-5.794623851776123,5.3713154792785645,0.8942155838012695
1755132550.217975,72828ff7-3ccc-0c5d-596b-8331ba7d4f39,e6ebae30-039f-23c8-a45b-8e96b3c48e51,16,-74.0,-82.0,-67.0,NaN,2.5636195853831287,-1.1053695115194166,1.5589362051963378,NaN,0.20451432669835426,0.16785301810572806,0.7019820991017683,NaN,-5.794238567352295,5.313902378082275,0.8617107272148132
1755132551.218857,72828ff7-3ccc-0c5d-596b-8331ba7d4f39,917390d0-f20d-10ac-e3ff-cc38131ce65e,14,-73.0,-80.0,-67.0,NaN,2.5382817381398968,-1.0290845936746418,1.5836178495469742,NaN,0.25378495403844903,0.1949354189552868,0.8091917766825977,NaN,-5.797632694244385,5.277047634124756,0.8201611638069153
1755132552.217861,72828ff7-3ccc-0c5d-596b-8331ba7d4f39,0d8bacb1-a985-a9bb-abeb-a5b878550ceb,4,-68.0,-75.0,-69.0,NaN,2.5626118452266424,-0.9640110513868826,1.5955402891150408,NaN,0.17880117347850294,0.19676587615152552,0.7629652256922473,NaN,-5.805662155151367,5.187747955322266,0.8369784355163574
1755132553.218507,72828ff7-3ccc-0c5d-596b-8331ba7d4f39,1c086257-e4f8-be17-09b6-e601c702e6ae,7,-71.0,-74.0,-72.0,NaN,2.686484522273934,-1.0814684396842824,1.6211561703760768,NaN,0.18232347033624174,0.20632089866856632,0.7189674076391575,NaN,-5.827463150024414,5.02447271347046,0.778821051120758
1755132554.218359,72828ff7-3ccc-0c5d-596b-8331ba7d4f39,3039523a-41bb-fb42-29b2-dbee6620ed76,36,-76.0,-82.0,-72.0,NaN,2.645174100076843,-1.0114753730728745,1.6395676682562308,NaN,0.24103914828511386,0.21309030461965467,0.6288527608326285,NaN,NaN,NaN,NaN
1755132555.218675,72828ff7-3ccc-0c5d-596b-8331ba7d4f39,5aefe91e-291d-e3f9-22c3-7a397af267c1,1,-70.0,-75.0,-67.0,-75.0,2.664198657639933,-1.0935448099633556,1.6541394204767081,-2.4731440136698666,0.19752392831105978,0.2136315921112133,0.6093635482383469,0.42130103233201166,-5.857004642486572,4.916051387786865,0.725146234035492
1755132556.218742,72828ff7-3ccc-0c5d-596b-8331ba7d4f39,785dec1d-22e8-1c37-9cd5-1b9441f04330,16,-74.0,-84.0,-66.0,-69.0,2.6671036337569918,-1.0543518671489864,1.5998040100202577,-2.55654836005675,0.17888393120937715,0.2039230217125726,0.5954388110047041,0.4063751795550944,-5.866580963134766,4.806904315948486,0.7264625430107117
1755132557.219573,72828ff7-3ccc-0c5d-596b-8331ba7d4f39,50fa8f02-7121-f9d0-0f12-394e71e1f6b6,18,-77.0,-91.0,-66.0,-63.0,2.634679114853059,-1.0243530885239525,1.6273725209925398,-2.499813441458138,0.19508858400748,0.3015454358824144,0.6147398712679716,0.40344227353610373,-5.876855373382568,4.75616979598999,0.7269148230552673
1755132558.19615,72828ff7-3ccc-0c5d-596b-8331ba7d4f39,de3f3e6c-451e-0ad9-2047-586976aa4739,11,-74.0,-82.0,-66.0,-69.0,2.6491549932742937,-1.0973677777081645,1.5946246943322715,-2.5932693567473075,0.156293134630562,0.2000679462318716,0.5991967976189149,0.3715187285227286,-5.880635738372803,4.740655899047852,0.7115265130996704
1755132559.196611,72828ff7-3ccc-0c5d-596b-8331ba7d4f39,34fe55de-b2f2-6411-e4d6-2ed94d3cbe6c,19,-74.0,-79.0,-66.0,-71.0,2.66194988441547,-1.0344243648183051,1.5816582956168939,-2.7755622007310135,0.08916126010341582,0.204745588949514,0.5804330301055708,0.3769641272931272,-5.89228868484497,4.726049423217773,0.760723114013672
1755132560.219011,72828ff7-3ccc-0c5d-596b-8331ba7d4f39,329f5d1b-b8f6-190d-1464-fa9564b12bc4,23,-92.0,-77.0,-66.0,-73.0,2.610958871655941,-1.024741910043104,1.598803194082606,-2.8560895341922845,0.16107320918163157,0.22385112325449927,0.6095191434250349,0.3443448314449688,NaN,NaN,NaN
1755132561.197862,72828ff7-3ccc-0c5d-596b-8331ba7d4f39,10b34391-7ddb-8dba-ae73-8a9f505a1910,18,-75.0,-78.0,-65.0,-70.0,2.7003856905319297,-0.9985630365276252,1.5775868549423806,-2.928873460468041,0.2608909669065666,0.187902060450658,0.6557411670415318,0.3209638749707271,-5.89773941040039,4.715055465698242,0.785845398902893
1755132562.221492,72828ff7-3ccc-0c5d-596b-8331ba7d4f39,d5f04ccd-7eb7-7b71-2f91-af9b7bd909ca,6,-74.0,-77.0,-69.0,NaN,2.6759810149346617,-1.020250089390522,1.6378680388485423,NaN,0.2391338396174871,0.13934223080550534,0.6043640625029684,NaN,NaN,NaN,NaN
1755132563.219334,72828ff7-3ccc-0c5d-596b-8331ba7d4f39,02985ece-84d5-b5ce-19b1-79a264dc9f6d,3,-69.0,-80.0,-68.0,NaN,2.6951403284489097,-1.0599702049426722,1.6607547126244653,NaN,0.0952184285880977,0.20593027951567894,0.5792543815861291,NaN,-5.924943923950195,4.75480318069458,0.8366323709487915
1755132564.21931,72828ff7-3ccc-0c5d-596b-8331ba7d4f39,9d35bbd5-177d-8c2b-0a96-544d23efe85e,12,-71.0,-95.0,-68.0,NaN,2.671023806881588,-1.0597207999065863,1.628958167105573,NaN,0.11522535137591233,0.21067165500715831,0.5834180342133863,NaN,-5.937128067016602,4.81767177581787,0.902915894985199
1755132565.220052,72828ff7-3ccc-0c5d-596b-8331ba7d4f39,50c20e6f-a7fa-b2af-bbc7-de7bbaa9b725,13,-72.0,-86.0,-67.0,NaN,2.6131032489656727,-1.0546927517685167,1.620920746935714,NaN,0.1350220259180436,0.16890824575340158,0.5681564566915509,NaN,-5.94577980041504,4.864177703857422,0.945245087146759
1755132566.220233,72828ff7-3ccc-0c5d-596b-8331ba7d4f39,272f9762-62b4-26fd-86f1-8b681e53fbba,5,-73.0,-74.0,-68.0,NaN,2.691207904783299,-1.002908915952471,1.624656096680659,NaN,0.1257194627499639,0.13446842962882177,0.5834971300977615,NaN,NaN,NaN,NaN
1755132567.21844,72828ff7-3ccc-0c5d-596b-8331ba7d4f39,e739c424-26f8-6fb1-92a3-1fc89a60e993,11,-70.0,-82.0,-72.0,NaN,2.6969150589993385,-1.0341892076940513,1.6324314617992546,NaN,0.152184209963706,0.18677319639884382,0.5618558836056141,NaN,-5.95390224456787,4.935014724731445,1.048312783241272
1755132568.219396,72828ff7-3ccc-0c5d-596b-8331ba7d4f39,0e710ae1-3e7b-5422-ad26-296e0302413e,4,-75.0,-80.0,-68.0,NaN,2.6684874122593967,-1.0786304420686395,1.655303754505291,NaN,0.15234829397636854,0.22226337990210768,0.47944536235852087,NaN,-5.95380449295044,4.967171669006348,1.147771954536438
1755132569.17924,72828ff7-3ccc-0c5d-596b-8331ba7d4f39,02064330-24d0-0e54-1ea6-c7497dfba5b4,6,-69.0,-82.0,-73.0,NaN,2.601274552667977,-1.0735266269975572,1.635406212736873,NaN,0.31198149866708064,0.23905041609634037,0.5019082273364713,NaN,-5.965129852294922,4.977633476257324,1.1456503868103027
1755132570.219564,72828ff7-3ccc-0c5d-596b-8331ba7d4f39,0adffa91-4825-534d-c933-c04899cf0a01,24,-73.0,-89.0,-69.0,NaN,2.5990129962702815,-1.064953378816374,1.5672830846848638,NaN,0.2908275107858769,0.15896120592390103,0.5183438261353545,NaN,-5.964489936828613,4.957438945770264,1.1338223218917847
1755132571.219905,72828ff7-3ccc-0c5d-596b-8331ba7d4f39,073f9d5f-b705-199d-043d-d377ace84f37,28,-72.0,NaN,-67.0,-75.0,2.617777096678762,NaN,1.5148901839275173,-2.615692640493557,0.26451058565739094,NaN,0.5488413149640196,0.4109989265501764,NaN,NaN,NaN
1755132572.219325,72828ff7-3ccc-0c5d-596b-8331ba7d4f39,1a81e060-403b-a5ff-f50b-ed14da7545be,15,-74.0,-79.0,-72.0,-68.0,2.6121461088698985,-1.0230445443223422,1.5131729776566338,-2.488080885275794,0.4022182514095897,0.14678220407431883,0.6570194177857426,0.4294948466368857,-5.950383186340332,4.923559188842773,1.0281305313110352
1755132573.198248,72828ff7-3ccc-0c5d-596b-8331ba7d4f39,d6ae1856-e6b5-4465-d780-7ebb1be9df3f,15,-72.0,-89.0,-66.0,-68.0,2.567042280016098,-0.9999323008020895,1.6061252891836697,-2.531164972758878,0.19518813629797854,0.19600995452086337,0.6436113338035752,0.5382862088786268,NaN,NaN,NaN
1755132574.220282,72828ff7-3ccc-0c5d-596b-8331ba7d4f39,b61089c9-1857-a4a5-e34c-6747a93064b3,16,-79.0,-78.0,-72.0,-69.0,2.552457744622388,-1.0004790477738827,1.6057428592511342,-2.5797498194735202,0.1612705827079201,0.2068110534671954,0.6397221199266507,0.5787833349683211,-5.949190139770508,4.867021560668945,0.9376485347747803
1755132575.219164,72828ff7-3ccc-0c5d-596b-8331ba7d4f39,534582e2-199f-1a00-cbd4-9e3943d75c19,14,-79.0,-79.0,-70.0,-70.0,2.536509670750558,-1.018067362561093,1.5609873718679166,-2.6365145654763413,0.18422546669726272,0.213660454119527,0.7383935698946316,0.6406090191486743,-5.954922199249268,4.78722620010376,0.8515321016311646
1755132576.21928,72828ff7-3ccc-0c5d-596b-8331ba7d4f39,1cd2500a-80cf-647b-a5ee-0c7c5c53812c,7,-67.0,-77.0,-75.0,-63.0,2.5306613689967437,-0.9490524750180711,1.5715915466963941,0.04172534269492547,0.21153342064639433,0.1863872544226209,0.7767267111510685,0.544290338845724,NaN,NaN,NaN
1755132577.220266,72828ff7-3ccc-0c5d-596b-8331ba7d4f39,9e3af9b8-4012-b7c0-2c94-a583b3c4a9d6,1,-68.0,-73.0,NaN,-61.0,2.534734940200129,-0.9490022744315231,NaN,-0.4245337104212043,0.3319956868912441,0.14459648118866353,NaN,0.5335972144368378,NaN,NaN,NaN
1755132578.220457,72828ff7-3ccc-0c5d-596b-8331ba7d4f39,88534641-b94e-d413-c691-fed2e7a69153,18,-75.0,-80.0,-71.0,-71.0,2.5461045075258952,-0.9135679840216372,1.543042992442963,-0.10375196237952497,0.29198099243301745,0.1411222543886007,0.6637950322311222,0.5606008689419143,-5.940535068511963,4.705719947814941,0.744891107082367
1755132579.217101,72828ff7-3ccc-0c5d-596b-8331ba7d4f39,26990f7b-8d5a-999c-8978-0d72c40c41be,36,-70.0,-77.0,-76.0,-65.0,2.5508065847465393,-0.851296486674805,1.61904534889608,-2.3953019455357225,0.3294065949689827,0.17949043285812907,0.4936544919070706,0.5025897302594227,NaN,NaN,NaN
1755132580.196788,72828ff7-3ccc-0c5d-596b-8331ba7d4f39,11cc7055-3225-f57b-ce41-74649fa80a82,22,-71.0,-80.0,-71.0,-67.0,2.483990003525323,-0.8589115294957775,1.556059458586834,-2.4625627420267637,0.31996196047912573,0.1609804645966696,0.3679535547714395,0.5443318508692155,-5.9275994300842285,4.61119556427002,0.6429683566093445
1755132581.217999,72828ff7-3ccc-0c5d-596b-8331ba7d4f39,a559c7ac-293d-0855-7f6d-eca947c94c09,2,-68.0,-80.0,-75.0,-59.0,2.3769149487375976,-0.9074034318883762,1.596753092675463,-2.494044501904808,0.36370431480464993,0.11720398019730031,0.3897582194859769,0.5914276909288813,-5.920923233032227,4.504444122314453,0.5476781129837036
1755132582.218782,72828ff7-3ccc-0c5d-596b-8331ba7d4f39,c9a25ea2-cdbf-c60a-75a9-06ceaef64137,15,-69.0,-78.0,-70.0,-65.0,2.4530360821753323,-0.939669625865504,1.5599295642829374,-2.5568050887858336,0.534877662288948,0.1054871366653877,0.3585264305657498,0.575662509644912,-5.8892240524292,4.36647367477417,0.446192979812622
1755132583.220583,72828ff7-3ccc-0c5d-596b-8331ba7d4f39,d30fec11-73b8-03bb-d6db-8c1856e6d344,12,-69.0,-81.0,-67.0,NaN,2.726347250102458,-0.9541269953171626,1.5712016599128067,NaN,0.5063883633697708,0.12252729799885405,0.44719950827421884,NaN,-5.863623142242432,4.28031873703003,0.18978670239448547
1755132584.220047,72828ff7-3ccc-0c5d-596b-8331ba7d4f39,ae93c7ae-7d33-dbb6-f05c-b749d8e566fd,5,-69.0,-74.0,-71.0,NaN,2.7049530118014156,-0.9797395476268361,1.5824141007342583,NaN,0.576334425187939,0.11369415858479286,0.4223045780097807,NaN,NaN,NaN,NaN
1755132585.219978,72828ff7-3ccc-0c5d-596b-8331ba7d4f39,2997b7f9-bd6a-a99d-14da-3c49d7469f1e,12,-69.0,-74.0,-75.0,NaN,2.7207407633756233,-1.0143597096914847,1.5525877617898067,NaN,0.576487690108673,0.14059038782939823,0.3244832090617532,NaN,-5.843127250671387,4.2018084526062,-0.004105761647224426
1755132586.218657,72828ff7-3ccc-0c5d-596b-8331ba7d4f39,71cd8dc4-f1d5-c1f6-701c-bfaf79479e4b,1,-67.0,-78.0,-72.0,NaN,2.640005437033217,-0.9993270974443691,1.6151896242698633,NaN,0.4209007925096864,0.12179681787898052,0.5196497071758748,NaN,NaN,NaN,NaN
1755132587.220036,72828ff7-3ccc-0c5d-596b-8331ba7d4f39,50838e5d-2716-2624-4295-8a8eaedb1adb,22,-69.0,-85.0,-70.0,NaN,2.662120859357453,-0.9619400441651824,1.6520339253188916,NaN,0.34723662491463136,0.12025010385213293,0.3894404377889032,NaN,-5.83869457244873,4.128192901611328,-0.1786770224571228
1755132588.220264,72828ff7-3ccc-0c5d-596b-8331ba7d4f39,37d12f43-03cf-3654-78dd-57dee9a58599,36,-77.0,-79.0,-70.0,-69.0,2.6987584991058915,-0.96089515291149,1.4886505903391845,-2.812628609414954,0.2986427900313098,0.11852755461431289,0.5850974901758175,0.5552850662480616,-5.828928470611572,4.111962795257568,-0.17471058666706085
1755132589.197461,72828ff7-3ccc-0c5d-596b-8331ba7d4f39,055ed5bc-8909-9cb4-e008-8a5f1b2dd3bb,20,-73.0,-79.0,-73.0,-69.0,2.6853846367437315,-0.9654468946885989,1.5432965253787383,-2.7965399206375676,0.33814396045234196,0.11505874568259263,0.4933804193413877,0.6822555322753334,-5.814178466796875,4.14685821533203,-0.1451723873615265
1755132590.219837,72828ff7-3ccc-0c5d-596b-8331ba7d4f39,ea192be4-5c04-d41c-b066-de1e9d800bb8,23,-74.0,NaN,-70.0,-68.0,2.8077185393131754,NaN,1.5619610235624495,-2.745800043968833,0.36819004347623857,NaN,0.434331912835283,0.5128359429478799,-5.8032546043396,4.210149765014648,-0.08481280505657196
1755132591.220924,72828ff7-3ccc-0c5d-596b-8331ba7d4f39,3aee8a57-c131-f676-d43a-394b436aab8e,16,-72.0,NaN,-72.0,-66.0,2.7350909405934063,NaN,1.6350759807617032,-2.733105021368534,0.4133825223048246,NaN,0.3179283706707413,0.6668801046168972,-5.809375286102295,4.29142189025879,-0.02731546387076378
