create_time,idppe,idbeacon,bluetooth_channel,rssi_1,rssi_2,rssi_3,rssi_4,az_1,az_2,az_3,az_4,el_1,el_2,el_3,el_4,x,y,z
1755132841.205681,72828ff7-3ccc-0c5d-596b-8331ba7d4f39,981ab681-bd0b-9fa3-3b5d-ecacc6262dbf,3,-75.0,-85.0,-66.0,-74.0,2.6880227641195638,-0.9247327542595765,1.8699982142075549,-3.0789540394866934,0.25300639553852117,0.2043249759448496,0.621632465064233,0.2524972490723685,-3.0616769790649414,4.598848819732666,1.137769103050232
1755132842.226719,72828ff7-3ccc-0c5d-596b-8331ba7d4f39,96996e13-0e29-3931-5434-0247d104d4a0,17,-72.0,-80.0,-68.0,-69.0,2.658313604263076,-0.9195226790609999,1.8816463481833434,-2.7876686647304045,0.30130215611683564,0.15474840132977516,0.5940780688457281,0.3276177829542901,-3.467740297317505,4.589908123016357,1.089206337928772
1755132843.227805,72828ff7-3ccc-0c5d-596b-8331ba7d4f39,e2bd6e4c-2043-4332-e5e2-cca828c3fc37,20,-78.0,-89.0,-70.0,-74.0,2.6627642790768165,-0.9335913601515615,1.859008946285452,-2.6414888177603912,0.36682084578080154,0.1280565031198061,0.6543228340239828,0.352773703005556,-3.840705394744873,4.602898120880127,0.960638403892517
1755132844.204159,72828ff7-3ccc-0c5d-596b-8331ba7d4f39,f2ee5676-3cc9-09f5-fce0-5b654f8b5f35,0,-73.0,-79.0,-71.0,-68.0,2.6743319855876844,-0.8819550634599062,1.8608918011761377,-2.5414647482747594,0.4266515892780899,0.15022126050323586,0.6549145218391713,0.26227933936185216,-4.200645446777344,4.611326694488525,0.8068866729736328
1755132845.227971,72828ff7-3ccc-0c5d-596b-8331ba7d4f39,f7692b36-3f53-914a-6428-d78d902a161f,29,-81.0,NaN,-72.0,-78.0,2.697571261891934,NaN,1.8548426970761318,-2.7602628729007264,0.5006117339387935,NaN,0.7241167627648802,0.15618264673483734,-4.530831813812256,4.618219375610352,0.630892038345337
1755132846.227342,72828ff7-3ccc-0c5d-596b-8331ba7d4f39,c0f8a786-c1ad-f5ec-606a-599c0ee5d33b,24,-76.0,-92.0,-69.0,-78.0,2.7226688920048407,-0.8815617145669015,1.891647583341027,-2.9002716429928084,0.5070101116157635,0.17603080350979122,0.713362851704113,0.14227457090276432,-4.930060863494873,4.60745620727539,0.4458778202533722
1755132847.206196,72828ff7-3ccc-0c5d-596b-8331ba7d4f39,7f9a8bfc-a34b-5a12-7851-53a22f49400e,36,-76.0,-94.0,-73.0,-81.0,2.7311611800888853,-0.8840973102407659,1.8809901452907478,-2.8999808258017716,0.5357169242169727,0.1994299859927431,0.7543433082421434,0.16032769052397755,-5.330251693725586,4.593803882598877,0.2886386513710022
1755132848.227151,72828ff7-3ccc-0c5d-596b-8331ba7d4f39,4fe56b59-4fdd-fd2d-1850-cc2fa50d7e88,9,-78.0,-80.0,-77.0,-68.0,2.7631627890117136,-0.8917709426057202,1.936386559125486,-2.921854433099028,0.43402258667467025,0.2820463695920995,0.5448005006420422,0.19162928755427838,-5.735637664794922,4.563868045806885,-0.28962770104408264
1755132849.228764,72828ff7-3ccc-0c5d-596b-8331ba7d4f39,c169c7d0-0731-dd13-990e-4787a287cf06,30,NaN,NaN,-70.0,NaN,NaN,NaN,1.9826222314425697,NaN,NaN,NaN,0.6074886162519039,NaN,NaN,NaN,NaN
1755132850.206708,72828ff7-3ccc-0c5d-596b-8331ba7d4f39,fb01660b-58ad-d395-b20b-3e45c8ea87c6,1,-69.0,-70.0,-68.0,-64.0,2.750243794563739,-0.8945190585345729,1.9455073532267895,-2.879436934836791,0.42417964315427825,0.23492398114531715,0.658773708574805,0.14369351977631536,-6.101572513580322,4.54941177368164,-0.5382768511772156
1755132851.227509,72828ff7-3ccc-0c5d-596b-8331ba7d4f39,6cf21d8b-ff92-f383-6de7-c579223acceb,18,-73.0,-87.0,-71.0,-77.0,2.739442013182378,-0.9176358294286788,1.887441919347574,-2.8688953442939304,0.4810028122535128,0.23140839212457393,0.5399942272437491,0.18757357617495352,-6.3633074760437,4.55138349533081,-0.7088916897773743
1755132852.227359,72828ff7-3ccc-0c5d-596b-8331ba7d4f39,ed56ea6c-edda-6e6d-36e0-51ed846e03d6,10,-70.0,-72.0,-71.0,-74.0,2.7425824127397993,-0.9328655155964605,1.9022187349719875,-2.734600918952832,0.49635500383143816,0.2007506642220702,0.6842703467980329,0.22283784039399457,-6.590285778045654,4.638012886047363,-0.747181534767151
1755132854.2283,72828ff7-3ccc-0c5d-596b-8331ba7d4f39,40312c3b-04c6-91f7-0ba7-03d33bead2a7,14,-72.0,-74.0,-69.0,-68.0,2.7264425912694827,-0.9753772897612863,1.9106423134999082,-2.7614546374885367,0.5726705813182623,0.22311743901893924,0.6890276180322686,0.28133956663879245,NaN,NaN,NaN
1755132855.202877,72828ff7-3ccc-0c5d-596b-8331ba7d4f39,531f7758-eeb4-cfd2-a129-46d84ee0d38b,4,-71.0,-86.0,-68.0,-80.0,2.7675250468772634,-1.061004576710059,1.8655150488285155,-2.7353101187511197,0.3792935942986194,0.1688001713474147,0.6469123219747284,0.41606349328469366,-6.653716087341309,4.743215560913086,-0.73089337348938
1755132856.227788,72828ff7-3ccc-0c5d-596b-8331ba7d4f39,87b7059f-2ca5-84f5-cfc3-76920008765c,25,-79.0,-79.0,-68.0,-72.0,2.781970565262071,-1.0318163311627906,1.8419125173515791,-2.7065668874220035,0.44130163843461573,0.19607759881255135,0.6663699761100925,0.3627494716853157,-6.6941399574279785,4.844977855682373,-0.6874501705169678
1755132857.22751,72828ff7-3ccc-0c5d-596b-8331ba7d4f39,872c8175-74d1-ca47-740b-5557f204a933,3,-69.0,-90.0,-70.0,-71.0,2.7634797051814326,-0.9303668047036936,1.8634766653301689,-2.691951991991867,0.5071456665152484,0.2524240953661754,0.7142251166860533,0.3746397535832197,-6.722278594970703,4.943737030029297,-0.7447105646133423
1755132858.226597,72828ff7-3ccc-0c5d-596b-8331ba7d4f39,83dc9fc1-be87-e842-0854-35a361e51b7b,9,-72.0,-73.0,-74.0,-72.0,2.7316330922340475,-0.9443734341408564,1.8790753324669809,-2.6538203188718943,0.5023293729733538,0.2458432245755078,0.6824539377765443,0.3776726613011429,-6.744041919708252,5.037548065185547,-0.736812710762024
1755132859.206716,72828ff7-3ccc-0c5d-596b-8331ba7d4f39,36896b4f-66bc-cded-4687-51407c3fae72,20,-80.0,-81.0,-68.0,-72.0,2.7430937396690944,-0.9302919698770624,1.950392655930431,-2.7007670552000294,0.5236814667501458,0.1952160495551539,0.6411481095323336,0.2987777457195495,-6.7221245765686035,5.12742805480957,-0.776414930820465
1755132860.206587,72828ff7-3ccc-0c5d-596b-8331ba7d4f39,24e92520-0316-824c-636f-c9afdc094a1c,25,-75.0,-92.0,-68.0,-69.0,2.7604330488943822,-0.905140011277918,1.8798588344596823,-2.70886040175278,0.5074261972465747,0.34049037182026987,0.702868199375465,0.24831557017348288,-6.67603302001953,5.252736568450928,-0.758866310119629
1755132861.206235,72828ff7-3ccc-0c5d-596b-8331ba7d4f39,4529f716-6b2b-982e-0b9a-efb5539eaeb9,0,-71.0,-75.0,-75.0,-71.0,2.8003687473367744,-0.9102153305253365,1.8411444616932005,-2.69854411463814,0.49124233374973125,0.29936314181666257,0.7347681421236794,0.2345968450949145,-6.552294731140137,5.413543224334717,-0.3501850664615631
1755132862.227794,72828ff7-3ccc-0c5d-596b-8331ba7d4f39,d5d9e514-7676-f993-019b-c2fdcc81967d,18,-71.0,-78.0,-69.0,-69.0,2.739778636744164,-0.93495010493972,1.8202988345767142,-2.7460818064121635,0.4778538905806031,0.314770061354989,0.6692288795402926,0.2003456639992964,-6.473206043243408,5.539133548736572,-0.23326829075813293
1755132863.226836,72828ff7-3ccc-0c5d-596b-8331ba7d4f39,46fd7352-0e91-9227-6c89-81667c25a923,19,-79.0,-79.0,-68.0,-70.0,2.7103166182368352,-0.939895062451779,1.845505654294314,-2.7737517838219774,0.5214459760416197,0.30784008343492564,0.6267070519423517,0.21665581126608002,-6.434664249420166,5.638172149658203,-0.2118716537952423
1755132864.228529,72828ff7-3ccc-0c5d-596b-8331ba7d4f39,3623897a-272c-acd3-0054-6166032c1c88,15,-71.0,-80.0,-72.0,NaN,2.7123699154372862,-0.9496374383515069,1.8832671480227654,NaN,0.5823552332013628,0.1736341749105585,0.5851866394933078,NaN,-6.442448616027832,5.634014129638672,-0.316831111907959
1755132865.228024,72828ff7-3ccc-0c5d-596b-8331ba7d4f39,b308ebd5-f23a-95b8-3303-8cd8e8f52a8a,3,-69.0,-71.0,-69.0,NaN,2.7015894393446453,-0.9203622405946474,1.8608491905986966,NaN,0.5128338124190078,0.10326747512059073,0.5742487040012161,NaN,-6.46107006072998,5.590912818908691,-0.410681813955307
1755132866.228034,72828ff7-3ccc-0c5d-596b-8331ba7d4f39,2afbf546-eed7-e4ed-6a55-09633e9fe42d,27,-84.0,-84.0,-69.0,NaN,2.6967781725193083,-0.9325419415240158,1.8949046293541938,NaN,0.5084474862351065,0.11076128585531585,0.64574619031241,NaN,-6.488522052764893,5.531956672668457,-0.4882602095603943
1755132867.228201,72828ff7-3ccc-0c5d-596b-8331ba7d4f39,f5759b46-792a-e060-803e-8425c8029dab,29,-75.0,-85.0,NaN,NaN,2.7036491281317128,-0.9485199759581098,NaN,NaN,0.5166759216341514,0.10215048710276263,NaN,NaN,-6.471157550811768,5.43723201751709,-0.4579041004180908
1755132868.229166,72828ff7-3ccc-0c5d-596b-8331ba7d4f39,1213811a-af4b-c88b-0806-8a95c65e31c1,10,-77.0,-91.0,NaN,NaN,2.7565112778731318,-0.9510732816532232,NaN,NaN,0.35655848767823567,0.16459500669666602,NaN,NaN,-6.5420379638671875,5.416430950164795,-0.42222440242767334
1755132869.228862,72828ff7-3ccc-0c5d-596b-8331ba7d4f39,91fbd709-6f74-5801-1465-6dc755f2a8c1,4,-75.0,-79.0,NaN,-71.0,2.678213809192584,-0.9285468004147335,NaN,0.10581484695990036,0.3378544082628231,0.17556817913893083,NaN,0.6289303919784044,-6.616703987121582,5.402403831481934,-0.32271891832351685
1755132870.228675,72828ff7-3ccc-0c5d-596b-8331ba7d4f39,ca81efab-1649-3922-8e07-7dde7cce8983,25,-78.0,-88.0,NaN,-77.0,2.6984245387051953,-0.8804541058695374,NaN,0.14814685775114586,0.39940488803403007,0.12063175148109813,NaN,0.5751704906335198,-6.71938133239746,5.33748722076416,-0.27625152468681335
1755132871.228695,72828ff7-3ccc-0c5d-596b-8331ba7d4f39,b36fdcf9-648b-8b10-2b7f-d873de5fd468,34,-79.0,-88.0,NaN,NaN,2.7201522047747155,-0.8646237437178885,NaN,NaN,0.40483860218514595,0.102024419714661,NaN,NaN,-6.944089889526367,5.192015171051025,-0.2760654091835022
1755132872.228194,72828ff7-3ccc-0c5d-596b-8331ba7d4f39,f0913553-abb6-f4b5-405f-da04623307fb,36,-76.0,-89.0,-71.0,NaN,2.7539178916036127,-0.8510911569547599,1.8807754945068875,NaN,0.43655242326267746,0.1090559140065268,0.6797828537822221,NaN,-6.921919345855713,5.261624813079834,-0.29041558504104614
1755132873.22844,72828ff7-3ccc-0c5d-596b-8331ba7d4f39,a3edf0ee-943d-7282-8258-3eb6ddbc9367,2,-80.0,-81.0,-71.0,NaN,2.6181435476447565,-0.8578204323971721,1.7338057539575567,NaN,0.482122505044323,0.12700959785053917,0.6820017996024761,NaN,-6.9167160987854,5.1794891357421875,-0.30980384349823
1755132874.227556,72828ff7-3ccc-0c5d-596b-8331ba7d4f39,074f8169-473f-fab4-c294-65cefb89fd36,3,-74.0,-80.0,-68.0,NaN,2.5970220170393383,-0.8547111918245046,1.8412264870547748,NaN,0.47413152374597217,0.16478628824196095,0.5695575457410414,NaN,-6.929139137268066,5.089654445648193,-0.3161509335041046
1755132875.229281,72828ff7-3ccc-0c5d-596b-8331ba7d4f39,05ae5b43-f10f-e68e-f0f0-65a6aa6ab5cb,28,-75.0,-86.0,-71.0,NaN,2.7167795775702395,-0.8875785944177175,1.8460862234119513,NaN,0.5126565457589495,0.16642434869419825,0.7004250153914262,NaN,-6.94468069076538,5.011089324951172,-0.374420553445816
1755132876.227682,72828ff7-3ccc-0c5d-596b-8331ba7d4f39,f45bd459-d4e1-98d5-8e52-eaaf67599b18,16,-73.0,-82.0,-71.0,-73.0,2.7121797657354545,-0.932363642889035,1.9254686639205971,-0.43721887932546977,0.4862436136731662,0.11668134315575066,0.6724616242085125,0.62312376869565,-6.961954593658447,4.939844608306885,-0.3864511251449585
1755132877.206174,72828ff7-3ccc-0c5d-596b-8331ba7d4f39,aaf7d5a4-7fd2-3a85-bb33-bc29cb1ec457,3,-79.0,NaN,-76.0,-77.0,2.607325254664637,NaN,1.9448420955864878,-1.3910254963634958,0.46405924876621074,NaN,0.6719484330664542,0.52968712803487,-7.01477861404419,4.921778678894043,-0.4168994128704071
1755132878.207016,72828ff7-3ccc-0c5d-596b-8331ba7d4f39,a524c634-0b7f-f196-e71e-99f701adf8cb,25,-78.0,NaN,NaN,-77.0,2.635099361673073,NaN,NaN,0.13296098058329606,0.4879374174159702,NaN,NaN,0.46833448784314213,NaN,NaN,NaN
1755132879.206762,72828ff7-3ccc-0c5d-596b-8331ba7d4f39,0a4c0991-fbd0-541c-8c10-a62ab18f77b5,7,-74.0,NaN,NaN,-69.0,2.7291888429855726,NaN,NaN,0.17631111785927886,0.4426444375457473,NaN,NaN,0.4855040871279647,NaN,NaN,NaN
1755132880.206621,72828ff7-3ccc-0c5d-596b-8331ba7d4f39,8995b8fd-3112-a0c4-75d7-b1d022e42dda,10,-73.0,NaN,NaN,-70.0,2.814069113248578,NaN,NaN,0.03609195804108086,0.3393083277704383,NaN,NaN,0.47563121633482297,-6.97935962677002,4.838165760040283,-0.4757934510707855
1755132881.227973,72828ff7-3ccc-0c5d-596b-8331ba7d4f39,e499bdaa-8352-7555-a953-16e40944d9e6,21,-74.0,NaN,NaN,-72.0,2.6995143042232557,NaN,NaN,0.15185690746573524,0.5019590271342645,NaN,NaN,0.47282783981335114,-7.002861499786377,4.762507438659668,-0.5835391879081726
1755132882.228013,72828ff7-3ccc-0c5d-596b-8331ba7d4f39,47dff6ad-0327-7da6-da3c-024bcd6cfd1f,20,-75.0,-79.0,NaN,-72.0,2.694882001823172,0.9871049190956138,NaN,0.056240902216402364,0.6124592732684824,0.1004063246482209,NaN,0.4973881771763344,NaN,NaN,NaN
1755132883.227922,72828ff7-3ccc-0c5d-596b-8331ba7d4f39,b7c3f8ed-a040-b78c-e2d5-65ea9234b9d6,24,-89.0,-81.0,-70.0,-92.0,2.7024608256533194,0.9661495697422162,1.575958598251906,0.06735320818086699,0.6001581321934062,0.10246290918814256,0.6953128779419374,0.4539483912401568,NaN,NaN,NaN
1755132884.22936,72828ff7-3ccc-0c5d-596b-8331ba7d4f39,5f154d3e-e9a1-d827-97c4-74b5a0a91ed2,33,-78.0,-91.0,-70.0,-70.0,2.735690151838674,0.9847751857740125,1.5393694280353076,0.06674094744625778,0.6380683634687387,0.09335887635694987,0.6819615858700161,0.5350243691754977,-7.018208026885986,4.7114715576171875,-0.6783424019813538
1755132885.204281,72828ff7-3ccc-0c5d-596b-8331ba7d4f39,1b059fd9-9c00-833a-5d4e-cf2c33dcacd7,20,-87.0,-87.0,-70.0,-75.0,2.7321657244520634,0.9126376086948181,1.5790878125327494,0.11680118540480423,0.5970126060508864,0.08815097329913744,0.736493937089078,0.5297843001251441,-6.923062324523926,4.724745750427246,-0.747593343257904
1755132886.207121,72828ff7-3ccc-0c5d-596b-8331ba7d4f39,ad87db15-b7c8-f28a-1fd8-24b789cc90af,31,-84.0,-81.0,-69.0,-78.0,2.7651116902974335,0.8999867945686146,1.593366617033318,0.11075980447195947,0.7376368992499127,0.10044699611149345,0.7189847181862429,0.5520925353123018,-7.053387641906738,4.57878589630127,-0.848171591758728
1755132887.228262,72828ff7-3ccc-0c5d-596b-8331ba7d4f39,368657b2-2002-8534-2c9d-811b3e52f31f,11,-73.0,-84.0,-67.0,NaN,2.8336998062757703,0.9355178908841248,1.7879856358063468,NaN,0.6301439279081262,0.10125964307337433,0.670903142338598,NaN,-7.107486724853516,4.60262632369995,-1.002123236656189
1755132888.228329,72828ff7-3ccc-0c5d-596b-8331ba7d4f39,95553a5a-eb2d-5a21-29cc-9db1f66e0912,14,-75.0,-81.0,-68.0,NaN,2.7977881442404877,0.864675675359145,1.7964401070029121,NaN,0.8696743621461965,0.1035315441874289,0.640867345774412,NaN,NaN,NaN,NaN
1755132889.228559,72828ff7-3ccc-0c5d-596b-8331ba7d4f39,3663a93b-658d-c5d6-5997-83e5dadd165a,10,-76.0,-78.0,-73.0,NaN,2.796580667002246,0.9416141329354253,1.8137575783072615,NaN,0.6721431767211663,0.0979752913366557,0.5405752957040907,NaN,-7.0865936279296875,4.698296070098877,-1.043681025505066
1755132890.230345,72828ff7-3ccc-0c5d-596b-8331ba7d4f39,e01ebbaf-dc62-bf06-bbf9-8323bce3e7d2,7,-73.0,-78.0,-69.0,NaN,2.824302576053317,0.9373117961944022,1.8193571408152622,NaN,0.7133983383256383,0.11922453716110026,0.5845587326872944,NaN,-7.0682110786438,4.805516242980957,-1.0943461656570435
1755132891.229048,72828ff7-3ccc-0c5d-596b-8331ba7d4f39,33522f5a-95d9-5cca-8a51-0dd747f5d433,20,-74.0,-98.0,-74.0,NaN,2.7975564492256506,0.9600330876666313,1.848697186544665,NaN,0.7049563839861962,0.13463200597640146,0.5894133424593727,NaN,-7.029470920562744,4.921416282653809,-1.1659657955169678
1755132892.206522,72828ff7-3ccc-0c5d-596b-8331ba7d4f39,11d63d7a-8b97-1d4f-f86b-4dddde0b23e0,14,-78.0,-82.0,-68.0,-72.0,2.7209772520804227,0.9687538749722047,1.8974527418851816,-1.8547715906750268,0.6422358111005492,0.10736375809464725,0.5411747066864403,0.3689195498778385,-7.06575584411621,5.005970001220703,-1.1302634477615356
1755132893.229552,72828ff7-3ccc-0c5d-596b-8331ba7d4f39,65eea506-43c3-a8f9-a0e8-be6c364870cc,5,-75.0,-83.0,-69.0,-74.0,2.7433653821002824,0.9881608624678301,1.9690986994271475,-2.0643336063244897,0.5919876205480704,0.176628683174514,0.6776083161731452,0.382256693906469,-7.129759788513184,5.074474811553955,-1.0894701480865479
1755132894.22959,72828ff7-3ccc-0c5d-596b-8331ba7d4f39,da2cb88c-8227-5aa2-8654-517bfd29fd89,16,-75.0,-82.0,-71.0,-77.0,2.6998519930494775,1.1177641295487541,2.0110360297448433,-2.2049109613093036,0.5186936656340501,0.2378148258638413,0.5388351529583193,0.2521706789436975,-7.111741065979004,5.148654460906982,-1.016352653503418
1755132895.229113,72828ff7-3ccc-0c5d-596b-8331ba7d4f39,30dded96-715a-df5d-9b55-84667cd16bcd,17,-72.0,-89.0,-69.0,-76.0,2.756177850104654,1.1161569118308916,1.9467025799240172,-2.2185564661026516,0.511826505026199,0.227431993011463,0.5530712803024197,0.21733298655225988,-7.11557912826538,5.19232988357544,-0.9337957501411438
1755132896.207216,72828ff7-3ccc-0c5d-596b-8331ba7d4f39,accc5ce2-c3b9-4c7f-6c74-dc82f2b14df8,9,-78.0,-86.0,-72.0,-85.0,2.737262482146257,1.0673547511712984,1.96549011615009,-2.245260248668985,0.30998153126745837,0.25731698807892345,0.5631234151264374,0.23421191844885716,-7.066689491271973,5.239676475524902,-0.814513921737671
1755132897.22886,72828ff7-3ccc-0c5d-596b-8331ba7d4f39,67562005-7a03-c621-5b15-77fbdfe29156,13,-69.0,-76.0,-74.0,-67.0,2.721222795532928,1.0280270524057713,1.878543232881183,-2.240217020512702,0.352279087412101,0.24517445489151848,0.4977179098087998,0.24534562957058328,-7.03129482269287,5.212341785430908,-0.6525848507881165
1755132898.228635,72828ff7-3ccc-0c5d-596b-8331ba7d4f39,3848398a-1486-ee2a-c257-1a3926d81b4a,7,-70.0,-91.0,-70.0,-79.0,2.751216380993836,0.9880146549239849,1.8843276187688351,-2.5225557719029785,0.3927320716067275,0.23277825561028345,0.45408674245878644,0.243951181779061,-7.027342319488525,5.187154293060303,-0.48552197217941284
1755132899.206744,72828ff7-3ccc-0c5d-596b-8331ba7d4f39,cb343b00-3359-3edb-d8e5-9aebd3e3cc79,29,-78.0,-93.0,-72.0,-73.0,2.7596868311569422,1.0110784289123982,1.9189050370979879,-2.618460996446694,0.38783148901633185,0.24629111833658868,0.6538863419213189,0.17477510641106203,-7.078476905822754,5.1289644241333,-0.38804757595062256
1755132900.20641,72828ff7-3ccc-0c5d-596b-8331ba7d4f39,6751c24f-744f-a9a5-1452-9f3d06ae1187,35,-80.0,-85.0,-67.0,-77.0,2.734677085360008,0.954141909019267,1.9493843831417268,-2.548445426124075,0.43497922742774026,0.2314807135929264,0.7451055347899581,0.16375589457145248,-7.132473468780518,5.077458381652832,-0.22032606601715088
1755132901.207517,72828ff7-3ccc-0c5d-596b-8331ba7d4f39,61fecb8a-0d17-50fc-8276-04ab6dce8bec,0,-74.0,-93.0,-74.0,-75.0,2.788730733373128,1.0367156154621548,1.9262500353844265,-2.7229890039678684,0.5239562051061011,0.2663298076427809,0.669735479358653,0.1429464032220073,-7.167169570922852,5.030834197998047,-0.22397415339946747
1755132902.228093,72828ff7-3ccc-0c5d-596b-8331ba7d4f39,350b24d6-42e8-fb26-5654-8adb80758cf3,20,-72.0,-81.0,-80.0,-69.0,2.767342354026484,1.0087340482048013,1.9916386296291422,-2.8653735800684097,0.40884482870246575,0.31563302541671556,0.6328660114373234,0.15074413889375932,-7.148338794708252,5.040820121765137,-0.19531169533729553
1755132903.207917,72828ff7-3ccc-0c5d-596b-8331ba7d4f39,983f0448-b5ca-cdde-8791-87e417111585,24,-79.0,-81.0,-69.0,-88.0,2.7658105037674705,0.9288160460009405,1.9720308397873247,-2.8167676943811553,0.4532217810262423,0.1733773962472044,0.6464485324708911,0.11681228745759852,-7.11465072631836,5.040010452270508,-0.2078903317451477
1755132904.207534,72828ff7-3ccc-0c5d-596b-8331ba7d4f39,8c6b8f78-2c9d-feb7-c78f-0056d1cf2e4d,4,-76.0,-78.0,-67.0,-72.0,2.756659882261958,0.9783218138205325,1.9599182505174264,-2.8005029706557143,0.49133720886356536,0.29961747370076514,0.6762055626479732,0.162603028780314,NaN,NaN,NaN
1755132905.22846,72828ff7-3ccc-0c5d-596b-8331ba7d4f39,61a69cba-a98d-d907-b2e4-6e66b72fd49f,24,-80.0,-80.0,-71.0,-86.0,2.865238557801143,1.0035352914408575,1.920180691260136,-2.918283134077232,0.5646287003535774,0.24904257986156086,0.7506271998360741,0.1433733412342606,-7.072210788726807,4.98871898651123,-0.18523558974266052
1755132906.228449,72828ff7-3ccc-0c5d-596b-8331ba7d4f39,80e6a537-bfc2-e182-1d51-3bd9bc4a7c98,22,-74.0,-81.0,-77.0,-73.0,2.8000651469725057,0.9922677231848414,1.9167042007731465,-2.9689793349040894,0.7338625341949979,0.17764985564974808,0.6875643441713246,0.11231481591007836,-6.95875358581543,5.025954723358154,-0.2113943248987198
1755132907.229789,72828ff7-3ccc-0c5d-596b-8331ba7d4f39,445c47f1-8725-dd46-1378-d473baf86158,13,-75.0,-85.0,-68.0,-71.0,3.051402572745388,1.1772000261249247,1.8476239326253632,-2.8794182927091603,0.7875851512846214,0.17679476455799406,0.5222364688321824,0.20466417944394166,-6.929566383361816,4.980493545532227,-0.22202247381210327
1755132908.207041,72828ff7-3ccc-0c5d-596b-8331ba7d4f39,72ce4ee7-aa4d-79fc-2cf7-d5bb34cca0f8,16,-81.0,-83.0,-71.0,-75.0,3.0473657531650455,1.1034736071393891,1.8800335378271913,-2.8463799151739644,0.7741234046064888,0.13308178822824476,0.3880597219217516,0.1465950504287135,-6.916255950927734,4.955846309661865,-0.382448136806488
1755132909.228607,72828ff7-3ccc-0c5d-596b-8331ba7d4f39,33340b8e-fbda-a379-e3e0-3a7d4b5d93b6,29,-76.0,-92.0,-70.0,-73.0,2.95697700050332,0.9861834653584464,1.8960007864588704,-2.828294388211236,0.7198559047578352,0.11207228515855619,0.40410833012473263,0.18545067060151044,-6.910269260406494,4.96531343460083,-0.42338892817497253
1755132910.229656,72828ff7-3ccc-0c5d-596b-8331ba7d4f39,e03294d4-abe1-9c0f-d225-264a17d2816e,34,-75.0,-87.0,-76.0,NaN,2.9231308862095036,1.0161315107647144,1.9780820744162027,NaN,0.6478347078182773,0.11685802724932061,0.345728343631265,NaN,-6.904054164886475,4.9397196769714355,-0.4552466869354248
1755132911.230252,72828ff7-3ccc-0c5d-596b-8331ba7d4f39,3fa7acab-57d9-da9a-06f7-9a82227bd1c9,25,-85.0,-88.0,-70.0,NaN,2.944165065131167,1.0170660139912233,2.1049944835317107,NaN,0.6669466836441492,0.14892326907744483,0.5445002625186495,NaN,-6.895944595336914,4.88373041152954,-0.4938535690307617
1755132912.228543,72828ff7-3ccc-0c5d-596b-8331ba7d4f39,dc749a5d-58e7-2e31-4bb9-4719bf97cdcb,9,-77.0,-80.0,-73.0,NaN,3.0089358060029845,1.0693811504447397,2.0124560272380734,NaN,0.6118826323134529,0.16555041573773194,0.4072096477931571,NaN,-6.971429824829102,4.79823875427246,-0.35657957196235657
1755132913.226911,72828ff7-3ccc-0c5d-596b-8331ba7d4f39,ef4759a7-a8a5-841d-ccbb-0dd9ecedb9ef,13,-76.0,-85.0,-68.0,NaN,3.05612382472588,1.1259980910070615,1.9638725121039757,NaN,0.6772485231098754,0.16694031951064428,0.4464110461439873,NaN,-7.016212463378906,4.678514003753662,-0.3307100534439087
1755132914.23068,72828ff7-3ccc-0c5d-596b-8331ba7d4f39,48220233-fb4c-ee32-0c6b-328d30f2f64a,18,-81.0,NaN,-73.0,NaN,2.965344652648349,NaN,1.9539857928731657,NaN,0.7309433767451347,NaN,0.4512970812169284,NaN,NaN,NaN,NaN
1755132915.204506,72828ff7-3ccc-0c5d-596b-8331ba7d4f39,65b38c50-6a26-4dfa-da9f-0bc3b0952bf6,10,-82.0,NaN,-72.0,-72.0,2.8928091993022966,NaN,1.8843531851152997,-2.3430717639209795,0.50856163597733,NaN,0.5035292269129753,0.32390710073894186,-6.9685211181640625,4.598066806793213,-0.6747430562973022
1755132916.229304,72828ff7-3ccc-0c5d-596b-8331ba7d4f39,bf6cb4d6-ebdb-9f3f-2c2f-e273306721df,15,-77.0,NaN,-69.0,-70.0,2.874758826065958,NaN,1.8900779161945342,-2.3719492185690356,0.760951143538848,NaN,0.42935196804440295,0.25185086658629263,-6.9451003074646,4.580096244812012,-0.9054606556892395
1755132917.209272,72828ff7-3ccc-0c5d-596b-8331ba7d4f39,566f14e1-fa61-d43d-8a98-5b6205aed29e,6,-75.0,NaN,-68.0,-74.0,2.903920972634544,NaN,1.9241258980989793,-2.3472137783643796,0.6718692706030518,NaN,0.400780410737056,0.22267735164880367,-6.996540069580078,4.482721328735352,-1.0352327823638916
1755132918.208473,72828ff7-3ccc-0c5d-596b-8331ba7d4f39,fd3179e1-a25c-6f7a-df62-ed040849f993,32,-81.0,NaN,-73.0,-75.0,2.895095256782021,NaN,1.8943331149842628,-2.4386241196202594,0.7112027617439498,NaN,0.4891089086899824,0.2207013027647217,-6.969450950622559,4.46980905532837,-1.1128530502319336
1755132919.207227,72828ff7-3ccc-0c5d-596b-8331ba7d4f39,bacad55f-692d-9aca-2775-eb4384f8f7e5,20,-78.0,-98.0,-76.0,-75.0,2.8081920493549912,-1.1087085828941579,1.9338054233969815,-2.448372620790494,0.7782180813615129,0.3168889721867969,0.5795031208319424,0.21627338133354462,-6.943815231323242,4.471710205078125,-1.0835040807724
1755132920.229419,72828ff7-3ccc-0c5d-596b-8331ba7d4f39,7640c9f0-4248-a315-8395-2aa6dff56a69,28,-83.0,-83.0,-69.0,-76.0,2.7618178926612234,-1.121282964297076,1.9419232710317607,-2.290624268361286,0.5915125791886275,0.2049628363154372,0.6326947036002041,0.2540827287378335,-6.963294506072998,4.423887252807617,-1.1962875127792358
1755132921.208459,72828ff7-3ccc-0c5d-596b-8331ba7d4f39,a7f6ae24-4ed7-dacc-98e8-11bd4642751e,29,-87.0,-95.0,-71.0,-91.0,2.862063004517332,-1.059945570702589,1.9573067547524945,-2.3398434800475854,0.7277314047334175,0.17779666240483868,0.6822450793680548,0.2283038786628413,-6.971665382385254,4.421722888946533,-1.283186435699463
1755132922.229839,72828ff7-3ccc-0c5d-596b-8331ba7d4f39,b204c729-39cd-8b24-581b-f7c31fdd370e,5,-73.0,-84.0,-71.0,-74.0,2.7988544739409553,-1.0245568203473436,1.969788990781696,-2.2915912621530934,0.6209622805759145,0.21080025239829553,0.8304758932725655,0.17996903619552995,-6.948144435882568,4.480641841888428,-1.4138611555099487
1755132923.228311,72828ff7-3ccc-0c5d-596b-8331ba7d4f39,aefdcb2a-6fc8-d555-9c06-6b4fb2829889,31,-82.0,-87.0,-72.0,-78.0,2.8082314641391246,-1.0230236385077849,1.93973841367346,-2.866528593033177,0.6013877802477231,0.2449307423622626,0.8231041967961988,0.19632555575479455,NaN,NaN,NaN
1755132924.208314,72828ff7-3ccc-0c5d-596b-8331ba7d4f39,532aa004-e639-b357-2552-4da45025c832,1,-76.0,-83.0,-70.0,-73.0,2.8685041259297974,-0.9725932211577175,1.948688765464998,-2.8660146029427915,0.6993361819797475,0.21890075619647592,0.772750012432335,0.2112645412448372,-6.855746269226074,4.57387924194336,-1.5473558902740479
1755132925.228803,72828ff7-3ccc-0c5d-596b-8331ba7d4f39,d69b9640-36f9-be5d-3911-3d85e6d74c95,3,-77.0,-83.0,-71.0,-75.0,2.8905449797435114,-0.9570242482670597,1.9334677345707592,-2.886867154278112,0.7053021288747157,0.2771790931600866,0.7002373956926302,0.21912284718663172,NaN,NaN,NaN
1755132926.207962,72828ff7-3ccc-0c5d-596b-8331ba7d4f39,1bc59a89-f408-895c-b430-714df1838e6e,21,-86.0,-80.0,-73.0,-81.0,2.9003880231324444,-1.0461569210006492,1.9120489951876878,-2.9718749899573322,0.712602985266086,0.2176817607865194,0.7007222907481063,0.15917812039468807,-6.788774490356445,4.673181533813477,-1.7201972007751465
1755132927.230754,72828ff7-3ccc-0c5d-596b-8331ba7d4f39,42f446bd-e4cc-0e52-8b2d-21584b50fb49,11,-76.0,-84.0,-76.0,-76.0,3.0739174692331352,-1.052939992297081,1.8990554322291915,-2.7522454264390426,0.5120234457888103,0.15411819754732153,0.5555584730234718,0.14527760128220812,-6.796568393707275,4.7157621383667,-1.4375395774841309
1755132928.230358,72828ff7-3ccc-0c5d-596b-8331ba7d4f39,2ab7b20e-7e9f-0cb2-1dfb-895b91d3ed29,25,NaN,-80.0,-73.0,NaN,NaN,-1.054499406273377,1.8714485717372122,NaN,NaN,0.12743234970645403,0.5583805249620879,NaN,-6.787283897399902,4.731962203979492,-1.2414238452911377
1755132929.207554,72828ff7-3ccc-0c5d-596b-8331ba7d4f39,2292c3fa-c0b0-ace7-cca9-eedec98182ba,26,-82.0,-91.0,-74.0,-80.0,2.945215948497312,-1.0296554422543003,1.7965466334465152,-2.7545434681436722,0.6147314823105379,0.1361763398030248,0.5891496229324275,0.1316817644431901,-6.707059860229492,4.75075340270996,-1.0603872537612915
1755132930.229969,72828ff7-3ccc-0c5d-596b-8331ba7d4f39,13255ab6-bfd0-4de7-b9d8-c5b0340f857c,28,-83.0,-82.0,-72.0,-76.0,2.9475344965423353,-1.0514696610592484,2.0893574668752013,-2.7228047132204347,0.5577390360345151,0.10956746564003897,0.6314627918589605,0.12913666461318543,-6.675748348236084,4.757460117340088,-0.9849287271499634
1755132931.20859,72828ff7-3ccc-0c5d-596b-8331ba7d4f39,b827b65b-f06b-9f56-8444-f59b65f8c01f,19,-77.0,-83.0,-72.0,-83.0,2.6385385679048015,-1.0230707764590794,2.052537666908202,-2.705436641855374,0.4883626909525422,0.11454596233707628,0.5713623700117882,0.15179084442594448,-6.647381782531738,4.79098892211914,-0.9081703424453735
1755132932.230526,72828ff7-3ccc-0c5d-596b-8331ba7d4f39,4217324f-f9c5-2ab2-98a4-6b2906cf8a94,24,-77.0,NaN,-74.0,NaN,2.6526597132688376,NaN,2.103727351485051,NaN,0.5105741535235893,NaN,0.4255127550169447,NaN,NaN,NaN,NaN
1755132933.231874,72828ff7-3ccc-0c5d-596b-8331ba7d4f39,44cfa15d-9fc4-32a6-d9db-34c6d0c0ad47,20,-83.0,-87.0,-74.0,-85.0,2.7494038335559283,-1.0712316479281812,2.0453226308829593,-2.6732491442884583,0.5299687906096594,0.10278788142015949,0.4971368746379718,0.16934064324588952,-6.621740341186523,4.813651084899902,-0.757256031036377
1755132934.230199,72828ff7-3ccc-0c5d-596b-8331ba7d4f39,5220f9b6-6934-a1d4-c927-1379edb9d652,12,-78.0,-83.0,-72.0,-73.0,2.9359966174356757,-1.010663375256509,2.005895063576554,-2.697480448098762,0.45534591831168947,0.10083851408124873,0.4070046509682483,0.2279010089689396,NaN,NaN,NaN
1755132935.23336,72828ff7-3ccc-0c5d-596b-8331ba7d4f39,adf235d0-0cb2-acf6-d4e3-a6693731d3d3,0,-76.0,NaN,-74.0,-72.0,2.902428004527445,NaN,1.9498898511166238,-2.6215678401743805,0.6376541753402041,NaN,0.49484262793789574,0.2162664404699536,-6.596832275390625,4.813735485076904,-0.6655184030532837
1755132936.207819,72828ff7-3ccc-0c5d-596b-8331ba7d4f39,a1d3dbcc-ee45-4cfc-a645-7b935df1dc77,35,-83.0,NaN,-74.0,-73.0,2.8039373831974808,NaN,1.9390795476197742,-2.636436534856402,0.6108304173667626,NaN,0.5479634704897022,0.1777690321085291,-6.593379020690918,4.786439418792725,-0.545173943042755
1755132937.208125,72828ff7-3ccc-0c5d-596b-8331ba7d4f39,fa7fdfcd-a9dd-6c5d-7a68-3ce6405d9bad,18,-81.0,NaN,-69.0,-74.0,2.806295878658855,NaN,1.8964343490843356,-2.6988293391908873,0.6353994100032885,NaN,0.6568784034060229,0.1086824389531568,-6.63226842880249,4.73079013824463,-0.5020410418510437
1755132938.190837,72828ff7-3ccc-0c5d-596b-8331ba7d4f39,e83507be-abd4-1d1b-d188-9691587816e1,4,-74.0,NaN,-74.0,NaN,2.7870215165855154,NaN,1.8868245986068934,NaN,0.6339698917091613,NaN,0.6051042215489287,NaN,-6.62554693222046,4.64884853363037,-0.37252098321914673
1755132939.23073,72828ff7-3ccc-0c5d-596b-8331ba7d4f39,2f344f97-7666-3bc8-810a-3ed7aa345138,11,-72.0,NaN,-69.0,NaN,2.8346558811071088,NaN,1.8121085489602844,NaN,0.7245818838492626,NaN,0.5536688936510334,NaN,-6.601771354675293,4.614355564117432,-0.6633213758468628
1755132940.230994,72828ff7-3ccc-0c5d-596b-8331ba7d4f39,f30e87e7-6ae0-6299-0443-938cc59518ac,29,-83.0,-82.0,NaN,NaN,2.787826323866937,0.9282546516431517,NaN,NaN,0.7009447978571826,0.18951918179882452,NaN,NaN,-6.583402633666992,4.602747440338135,-0.985000193119049
1755132941.2299,72828ff7-3ccc-0c5d-596b-8331ba7d4f39,faf452d5-9187-03b5-6f4c-dab3b152b250,22,-82.0,-99.0,NaN,NaN,2.7804722708327927,0.9395150293642247,NaN,NaN,0.6657621095912819,0.2128843923331211,NaN,NaN,NaN,NaN,NaN
1755132942.230192,72828ff7-3ccc-0c5d-596b-8331ba7d4f39,d068cb5a-f66c-1ffd-019e-bbeea78c776d,27,-83.0,-87.0,NaN,NaN,2.776046097101081,0.9645713804802354,NaN,NaN,0.6848029124370215,0.2559898516839529,NaN,NaN,-6.616755962371826,4.60491943359375,-1.32100248336792
1755132943.228621,72828ff7-3ccc-0c5d-596b-8331ba7d4f39,8fb82a4f-0cc5-52bf-3209-6d53bb2a4c73,12,-78.0,-83.0,NaN,-71.0,2.846706685039717,0.9670236192119802,NaN,-2.469365254399153,0.6764973119453914,0.2663579539265517,NaN,0.23179295258598137,NaN,NaN,NaN
1755132944.229378,72828ff7-3ccc-0c5d-596b-8331ba7d4f39,5efe48a7-da4e-809c-ee5b-deedd1711259,9,-80.0,-75.0,NaN,-67.0,2.7926093611847196,0.9882660573308882,NaN,-2.4860765902394,0.7039517730439909,0.4455413576005082,NaN,0.22562019458761165,-6.653136730194092,4.60564661026001,-2.5208654403686523
1755132945.230293,72828ff7-3ccc-0c5d-596b-8331ba7d4f39,d29b5a84-73f3-a020-13fd-088ca662de1b,15,-75.0,-85.0,-67.0,-71.0,2.916141686244699,1.0414640316857662,1.9294974940176692,-2.4584295160149607,0.6979519374241515,0.22491590499258338,0.5837752972736203,0.27171070798052926,-6.651348114013672,4.63098955154419,-2.875699520111084
1755132946.228433,72828ff7-3ccc-0c5d-596b-8331ba7d4f39,399c36db-fba0-60f4-47ca-8d34854ff475,13,-75.0,-81.0,-69.0,-71.0,2.854721202024202,0.9912354819463267,1.8624018135142129,-2.524453806811878,0.6066700271118408,0.298969693055117,0.6932583157399685,0.26794824392673566,-6.621257781982422,4.694669723510742,-3.09913158416748
1755132947.208651,72828ff7-3ccc-0c5d-596b-8331ba7d4f39,c37f72db-f95b-6467-5e3f-e7c3fc008fd3,3,-74.0,-77.0,-73.0,-79.0,2.793789674179843,1.0236964861571933,1.8463988785239267,-2.5185005765111153,0.6447799954689292,0.27483457929443533,0.8458165666787762,0.30523497925661014,-6.590839862823486,4.757495403289795,-3.3978817462921143
1755132948.229883,72828ff7-3ccc-0c5d-596b-8331ba7d4f39,f12317f4-6ec9-9d1a-49ad-3eb42ca8512f,4,-73.0,-73.0,-75.0,NaN,2.854990713926518,1.2311008086914745,1.8409298109093402,NaN,0.6024168256929298,0.2537513815639572,0.8201957585697234,NaN,-6.55147933959961,4.808409690856934,-4.6209540367126465
1755132949.231048,72828ff7-3ccc-0c5d-596b-8331ba7d4f39,9cfb38f4-679d-7c5c-7293-537a511f8fbe,21,-74.0,-88.0,-75.0,NaN,2.825933495904881,1.2167977694249859,1.8530482591336364,NaN,0.661797994308699,0.2928639634924332,0.7282406011338406,NaN,-6.52510929107666,4.84349536895752,-5.017515182495117
1755132950.229985,72828ff7-3ccc-0c5d-596b-8331ba7d4f39,72d26828-5fe5-0e6a-9228-a189adcb3a89,18,-76.0,-86.0,-75.0,NaN,2.774276160240614,0.9919627912400273,1.8588209271124925,NaN,0.6886371320374358,0.21201322240628576,0.6132690739769482,NaN,NaN,NaN,NaN
1755132951.23157,72828ff7-3ccc-0c5d-596b-8331ba7d4f39,033e2996-7906-c1d1-c12d-d73ca5d747c0,35,-82.0,-86.0,-74.0,NaN,2.797458977529754,1.0221622390531988,1.897803746516854,NaN,0.7261355054501876,0.2463449141906083,0.6597239244517452,NaN,-6.556665420532227,4.90409803390503,-5.102633953094482
1755132952.230467,72828ff7-3ccc-0c5d-596b-8331ba7d4f39,c27d8216-0907-a7c6-cbac-e4a73295a58d,33,-79.0,-83.0,-71.0,NaN,2.817056647359429,1.0242261888980102,1.9346810707633995,NaN,0.8375525115001513,0.2235486214441799,0.6543198379677565,NaN,-6.58015012741089,4.97876739501953,-4.904111862182617
1755132953.230323,72828ff7-3ccc-0c5d-596b-8331ba7d4f39,a87b9fa0-5b7d-494f-3e66-0f5f5d133e57,30,NaN,-83.0,-72.0,-75.0,NaN,1.0985129369768987,2.0202921124295226,-2.9224978528183914,NaN,0.22706382763551636,0.6748293075756475,0.3492759405193595,-6.665703296661377,5.02854347229004,-4.51980209350586
1755132955.230357,72828ff7-3ccc-0c5d-596b-8331ba7d4f39,d34fe1a9-862e-51c1-c76e-e55ec4ff632d,28,-76.0,-80.0,-69.0,-78.0,2.8196111514770332,1.0099990497225888,1.9862084441664707,-2.837593347789466,0.7055430117953133,0.23168111646495487,0.6903464154040759,0.3399865683210541,-6.70952558517456,5.059166431427002,-4.22159194946289
1755132956.208855,72828ff7-3ccc-0c5d-596b-8331ba7d4f39,04164681-8f05-323c-11c1-710d8f742c42,29,-75.0,-82.0,-71.0,-75.0,2.7507583172863423,1.146527068269937,1.960345421556275,-2.8972681299154166,0.5253433458493825,0.191693852565956,0.7951812856618544,0.30631805358243175,NaN,NaN,NaN
1755132957.208467,72828ff7-3ccc-0c5d-596b-8331ba7d4f39,f20773a7-b39f-8e8f-f979-c5d5486fd79a,18,-80.0,-81.0,-69.0,-75.0,2.8077616825228344,1.0945410985271544,1.9599241094718245,-2.915695340446002,0.6122414266913138,0.1933584447605532,0.8365994327250392,0.2626374013704133,-6.731293678283691,5.10814619064331,-3.056330919265747
1755132958.230906,72828ff7-3ccc-0c5d-596b-8331ba7d4f39,3e70a74c-9b17-8076-e33a-0e34cd80a572,13,-73.0,-80.0,-73.0,NaN,2.8347554833318775,1.0198546099686452,1.9753826943352983,NaN,0.7598661717107495,0.16388978499525625,0.6812280847267809,NaN,-6.762774467468262,5.139464378356934,-2.7488865852355957
1755132959.23061,72828ff7-3ccc-0c5d-596b-8331ba7d4f39,c17ca067-021b-1be9-5ba6-71f0190cd83c,14,-70.0,-75.0,-72.0,NaN,2.784547439932832,1.0456145682446547,1.8961062476380375,NaN,0.6866112653962125,0.16258769895928923,0.6348260314205945,NaN,-6.765512943267822,5.1823577880859375,-2.5858876705169678
1755132960.229043,72828ff7-3ccc-0c5d-596b-8331ba7d4f39,b6e8607d-95f5-cd68-c11a-54064c6efc98,21,-77.0,-81.0,-69.0,NaN,2.7632240417167853,1.2000845693719757,1.8720344671770293,NaN,0.728166165781373,0.142414253701939,0.7207846821880003,NaN,-6.748565673828125,5.243546962738037,-2.3818249702453613
