create_time,idppe,idbeacon,bluetooth_channel,rssi_1,rssi_2,rssi_3,rssi_4,az_1,az_2,az_3,az_4,el_1,el_2,el_3,el_4,x,y,z
1751122869.043735,d500a44f-2051-d64b-3d63-8985cc792954,4aee327b-5e19-e7e1-3c2c-8f7cfffe6e67,14,-67.0,-78.0,-68.0,-68.0,-3.1021943810553787,-1.4217537148111026,0.3996659111103714,-1.49706484780329,0.810402782609284,0.5876271603162563,0.1349912331179395,0.3865730455327285,-1.6907610893249512,8.008259773254395,0.8094698190689087
1751122870.043509,d500a44f-2051-d64b-3d63-8985cc792954,70dc46c7-1ce4-b20a-c331-ff36b69cf8b7,17,-67.0,-75.0,-74.0,-68.0,-2.8864394506070457,-1.4030928118948627,0.36667919890032297,-1.5353125015887352,0.8433468176628641,0.5626247382123201,0.15159863077426802,0.34746152886868853,-1.6865694522857666,7.998162746429443,0.5812440514564514
1751122870.99655,d500a44f-2051-d64b-3d63-8985cc792954,8abc185a-dff8-c87a-4556-cfa6bdf8af4c,32,-85.0,-77.0,-74.0,-75.0,-2.910381002490749,-1.7982517223344385,0.4241371657348916,-1.525372385978069,0.7851717947047915,0.4385452667063837,0.10137804555096357,0.2854598430297949,-1.6867049932479858,7.989835739135742,0.3649965524673462
1751122872.022255,d500a44f-2051-d64b-3d63-8985cc792954,d95f5f97-7aee-4d56-19fa-8f772f48817b,36,-84.0,-85.0,-74.0,-74.0,-3.034812410734739,-1.4429478165562257,0.3444782891050954,-1.5237731577434765,0.8041176558576697,0.3573451188852178,0.07746124442064115,0.2681133099800502,-1.6885333061218262,7.983211994171143,-0.793721318244934
1751122873.040667,d500a44f-2051-d64b-3d63-8985cc792954,de19ab55-3e60-5f4a-5d8b-40e9b6c203b0,0,-74.0,-73.0,-69.0,-64.0,-2.6033518183182385,-1.543987615681614,0.3810501487746085,-1.5285205087026517,0.6903956173052151,0.44774409142762644,0.12315700243860328,0.2725820609996895,-1.6966487169265747,7.96168088912964,-1.2494187355041504
1751122874.044456,d500a44f-2051-d64b-3d63-8985cc792954,6be3a2e1-0376-0d78-72fc-77244aad5bb5,20,-66.0,-79.0,-77.0,-68.0,-2.577140986869679,-1.7677083272664833,0.26228461574976186,-1.5851654124564194,0.7013157761970306,0.2950562111227592,0.14000494179801476,0.23572004992941223,-1.7085318565368652,7.926217555999756,-1.3521603345870972
1751122874.985147,d500a44f-2051-d64b-3d63-8985cc792954,aeed172c-5c50-8182-1cb2-e6c41e066828,17,-76.0,-78.0,-66.0,-66.0,-2.613717373913045,-1.7454213973680461,0.25539421906139986,-1.602130547548551,0.7264657374253574,0.2958151121648908,0.12898747765787055,0.337714592305594,-1.7260702848434448,7.879542350769043,-1.420958161354065
1751122876.038125,d500a44f-2051-d64b-3d63-8985cc792954,7622d523-bcee-9496-a1ce-d279c7e4f924,16,-73.0,-81.0,-63.0,-76.0,-2.6376613226417294,-1.9109468459705587,0.3060459450980529,-1.5553755588189018,0.6622193063931495,0.40689616044334115,0.20593813584089468,0.4432159519156783,-1.7664326429367065,7.823338508605957,-1.411713719367981
1751122877.021157,d500a44f-2051-d64b-3d63-8985cc792954,1ba0d578-7885-c13f-4166-e53b2a935f16,22,-73.0,-78.0,-68.0,-63.0,-2.484394271378797,-1.8633642799321675,0.32699623444537923,-1.6177160320379673,0.4832980909285113,0.4203028462659363,0.17414432006211997,0.38958305006527694,-1.9032403230667114,7.751736164093018,-1.4258861541748047
1751122878.041778,d500a44f-2051-d64b-3d63-8985cc792954,986329af-a896-f2f7-3334-df9de6931843,33,-83.0,-80.0,-73.0,-69.0,-2.481332168757424,-1.8368506470676655,0.4955096166329061,-1.6409565067647072,0.5103794764479044,0.3682662431729284,0.22335261278795007,0.3335326970248697,-2.0685224533081055,7.671435356140137,-1.3871031999588013
1751122879.044644,d500a44f-2051-d64b-3d63-8985cc792954,e0774777-cacd-bde2-3c20-fa769411b9a4,15,-66.0,-82.0,-66.0,-71.0,-2.456659046522276,-1.8369674266814655,0.4312515342709292,-1.568781512272197,0.3919381167067476,0.2643041074491258,0.21767884795407713,0.25843936067558054,-2.2462100982666016,7.576470375061035,-1.1996690034866333
1751122880.039763,d500a44f-2051-d64b-3d63-8985cc792954,13804ca6-fcc0-cd05-8b99-f4c9a3ab36aa,22,-73.0,-83.0,-72.0,-70.0,-2.462183774203645,-1.8028520668014414,0.44944625083835055,-1.6160787205997864,0.3588177138099772,0.3625947420259821,0.17968034953336537,0.23975483884942317,-2.447312831878662,7.474730491638184,-0.9738450050354004
1751122880.997906,d500a44f-2051-d64b-3d63-8985cc792954,24b751c4-a887-09cd-aec1-85c36aaead23,5,-68.0,-79.0,-67.0,-66.0,-2.4205242115876446,-1.8336194337170724,0.38897864565588347,-1.566756178263192,0.42925536187586033,0.38896935788158177,0.16842100378721475,0.2917139106651961,-2.6414175033569336,7.377089977264404,-0.8306701183319092
1751122881.997843,d500a44f-2051-d64b-3d63-8985cc792954,001f300f-bb6a-f068-25ec-efaecded2052,34,-80.0,-80.0,-70.0,-67.0,-2.4582537473830155,-1.8137615730488967,0.4266669024543578,-1.5866049841836616,0.4589354932764664,0.32377863650585914,0.22196146065827674,0.24784297559329146,-2.8320298194885254,7.274335861206055,0.2988024055957794
1751122883.041876,d500a44f-2051-d64b-3d63-8985cc792954,baaa8750-18c7-2a4a-0f3e-918c8edc6d78,8,-91.0,-80.0,-69.0,-66.0,-2.4951830032708173,-1.7509799471952596,0.380259189930855,-1.556513394394638,0.46320650458516727,0.25099527615183426,0.17516675753887181,0.2753919955553457,-3.007171630859375,7.194234371185303,0.8112357258796692
1751122884.044282,d500a44f-2051-d64b-3d63-8985cc792954,654524ec-539d-d19e-d623-7ccc0a85d525,29,-71.0,-76.0,-73.0,-66.0,-2.599935515271885,-1.709079368500607,0.3594588365529001,-1.5315704939410648,0.6065228208825866,0.28561407334642414,0.18426403259879842,0.3275108903260371,-3.16454267501831,7.136838912963867,0.819288194179535
1751122885.039348,d500a44f-2051-d64b-3d63-8985cc792954,765d7ffa-6c60-b363-2074-2e6bd44d3b19,2,-72.0,-79.0,-69.0,-67.0,-2.5396596576879036,-1.767126426568301,0.38697408430338076,-1.5502164831552003,0.6461402049956871,0.3478119342891157,0.15698061302120914,0.3822567937750099,,,
1751122885.996937,d500a44f-2051-d64b-3d63-8985cc792954,922818d9-b787-6c7a-2240-97357b3b569e,17,-68.0,-74.0,-72.0,-67.0,-2.567599945948361,-1.7360430755893324,0.39017413866922007,-1.5368615292367798,0.5465320546932982,0.3132120122487517,0.07209207863644601,0.42711810852204446,-3.3104822635650635,7.09715986251831,0.7308902740478516
1751122887.021739,d500a44f-2051-d64b-3d63-8985cc792954,6c2d9bbd-ed81-d804-17d7-a7e342e352ae,27,-97.0,-77.0,-69.0,-65.0,-2.5729560955327284,-1.7039567781438396,0.3966133958689226,-1.558690794901887,0.5874842151447464,0.20644981231008294,0.09681287145510656,0.4271799937278752,-3.44242000579834,7.053269863128662,0.7019089460372925
1751122888.042295,d500a44f-2051-d64b-3d63-8985cc792954,cf85e0a3-d811-4ba8-7d1b-b8252ecce5a3,17,-67.0,-75.0,-66.0,-69.0,-2.6038852494845814,-1.6971468089203978,0.4058479069487723,-1.4797769375870404,0.6831504209806275,0.12974119385825503,0.10141979892342896,0.42883977558775344,-3.450085401535034,7.00447416305542,0.8250457048416138
1751122889.039909,d500a44f-2051-d64b-3d63-8985cc792954,70610337-22c3-35b7-044f-14d721a71eab,36,-75.0,-79.0,-77.0,-78.0,-2.82132462932239,-1.6622336991358408,0.3558132353366906,-1.5000137660783344,0.7864140927742863,0.13969368484561173,0.1439480513974997,0.46511825477368074,-3.428593158721924,6.966297149658203,0.999775767326355
1751122890.045094,d500a44f-2051-d64b-3d63-8985cc792954,c847f29c-7df1-bf76-1979-a4225271acb6,13,-69.0,-78.0,-67.0,-71.0,-2.775475381679477,-1.6700009416131116,0.34104680604052834,-1.470859875309128,0.833584334896906,0.2528622352997638,0.08048592130632025,0.4549752728669777,-3.409121513366699,6.942065715789795,1.0268391370773315
1751122890.998407,d500a44f-2051-d64b-3d63-8985cc792954,feb1390c-af37-1abb-ed1c-b3d38947bbc5,17,-72.0,-74.0,-73.0,-66.0,-2.8101673159355034,-1.6791359836262467,0.35202009499609077,-1.497004926678763,0.7914910099183589,0.19769784937499876,0.08569850986317551,0.5400640020643092,,,
1751122892.021817,d500a44f-2051-d64b-3d63-8985cc792954,edef09b7-85a5-84a4-7376-387eb78180bb,0,-69.0,-70.0,-67.0,-67.0,-2.64841490080736,-1.7507260147853205,0.35263129046626396,-1.4434265197621674,0.9436156316526744,0.23409364080694403,0.09196647587051557,0.40558838190054414,-3.3096814155578613,6.916751384735107,1.0205588340759277
1751122893.042149,d500a44f-2051-d64b-3d63-8985cc792954,21f6e6c3-b047-caf4-5788-5cea617c8764,17,-73.0,-76.0,-74.0,-68.0,-2.551945618744766,-1.6965257597541914,0.36369459426667117,-1.5043138391324309,0.6210332538189651,0.4499884704362907,0.10927281183255692,0.41443869870363625,-3.2441554069519043,6.89024543762207,1.0052367448806763
1751122894.044404,d500a44f-2051-d64b-3d63-8985cc792954,944c0e9f-ad52-eb43-8f6d-db6b10c93026,2,-69.0,-71.0,-63.0,-68.0,-2.486141837686107,-1.7143702706382673,0.3489446765692673,-1.5027064882565138,0.5033260277218022,0.47110244432211607,0.08894612662160786,0.3525171074345268,-3.221924066543579,6.873724937438965,1.068676233291626
1751122894.984591,d500a44f-2051-d64b-3d63-8985cc792954,ba91f5fe-8561-beb2-4c4e-e6303448ad96,10,-72.0,-72.0,-67.0,-66.0,-2.5024995057335917,-1.7733888498716224,0.33878738017170507,-1.4754948408703017,0.4941343602459892,0.30333647829452,0.10386484712023071,0.38610692576293726,-3.189426898956299,6.85130500793457,1.037415862083435
1751122895.996741,d500a44f-2051-d64b-3d63-8985cc792954,c04c3f16-ea92-b8f0-7c58-450b09623a6e,32,-82.0,-74.0,-71.0,-69.0,-2.5047136578638836,-1.7550957295019225,0.2910307765560771,-1.5676872193802835,0.5391051642033398,0.2681637103036799,0.1034908144675075,0.4056462390752261,-3.120840549468994,6.83020782470703,1.1536064147949219
1751122897.021688,d500a44f-2051-d64b-3d63-8985cc792954,c6b2cea7-c2d5-2df8-e966-6243985d8d98,4,-67.0,-78.0,-64.0,-66.0,-2.4949126924201743,-1.7814220089837371,0.3725251038091559,-1.5300731316181677,0.5344434005836969,0.3944598972324573,0.13538809405463179,0.3715768187240059,-3.108006238937378,6.793562412261963,1.3381261825561523
1751122897.985301,d500a44f-2051-d64b-3d63-8985cc792954,5d9a7112-897a-c693-8d1c-6b2a8e2f9dab,1,-68.0,-76.0,-67.0,-65.0,-2.4953020465715436,-1.7559300978714443,0.35325233963247044,-1.5317831473541077,0.5953877448908018,0.44932171476787575,0.1938344015816208,0.3348631790159597,-3.088151454925537,6.7729878425598145,1.294677495956421
1751122898.986291,d500a44f-2051-d64b-3d63-8985cc792954,e46cffc9-2f6a-6ee0-7c70-5c97e8997220,4,-69.0,,-68.0,-65.0,-2.5452203380439893,,0.49061472654934046,-1.4713737322414588,0.7497161990061851,,0.19460773362790937,0.37636694670819054,,,
1751122900.003246,d500a44f-2051-d64b-3d63-8985cc792954,00a8d5d9-a23e-b603-954c-6419e6a7da0d,8,-67.0,,-68.0,-65.0,-2.529821141672824,,0.35373170862868475,-1.4543022038637783,0.6836012275741505,,0.15787345442141504,0.4562902419447179,-3.073740243911743,6.77737045288086,1.1860209703445435
1751122900.997542,d500a44f-2051-d64b-3d63-8985cc792954,5e0e0aa8-635c-b9df-3b76-8d0128139634,28,-75.0,,-70.0,-69.0,-2.5110269475440257,,0.3612229144589686,-1.4542332279915453,0.6476054096484215,,0.12016771230590861,0.33971209628120785,-3.0586490631103516,6.783021926879883,1.170858383178711
1751122901.985347,d500a44f-2051-d64b-3d63-8985cc792954,d380bede-127f-6712-dea0-dc82efee4def,24,-81.0,,-69.0,-69.0,-2.5484603398261796,,0.391485745506084,-1.4511203921514064,0.6298881978644513,,0.12799564156651938,0.3573275420220234,-3.0474469661712646,6.791424751281738,1.1359519958496094
1751122902.998416,d500a44f-2051-d64b-3d63-8985cc792954,6556bd00-b095-630a-1cde-b5387de9aea7,30,-81.0,,-70.0,-72.0,-2.537493975089451,,0.2650870601648523,-1.5071286672465902,0.6582340189799004,,0.0972550893541142,0.2831578065835304,-3.1223576068878174,6.819457054138184,1.1052138805389404
1751122903.984988,d500a44f-2051-d64b-3d63-8985cc792954,c55b04a2-3e01-2376-84c7-65e097277ce5,9,-64.0,-87.0,-75.0,-68.0,-2.5666928732810796,-1.4563858611006566,0.22473191385077257,-1.5456129428948893,0.5870645009569498,0.5183015484530494,0.08491362635565872,0.17550990584532852,-3.17624306678772,6.8501410484313965,1.1954163312911987
1751122905.039045,d500a44f-2051-d64b-3d63-8985cc792954,e99405ff-aedc-dd8c-46ab-dadb14c59c03,20,-66.0,-82.0,-73.0,-75.0,-2.5686694714421368,-1.3764892973435707,0.2546341528862912,-1.5498867838122483,0.590238389765079,0.5394445840842703,0.08788830239187159,0.2760308379665853,-3.189068555831909,6.876256942749023,1.1828358173370361
1751122905.984874,d500a44f-2051-d64b-3d63-8985cc792954,e2c3d9d8-ec81-9ac0-4bdf-2a75680e725a,3,-63.0,-74.0,-71.0,-64.0,-2.550399653731975,-1.188824591125066,0.29819734304948037,-1.5468923254825633,0.536820238567079,0.5383945662454793,0.1421362363288915,0.17745058462118288,-3.2195730209350586,6.903990268707275,1.1905245780944824
1751122907.022854,d500a44f-2051-d64b-3d63-8985cc792954,e61a6e79-925a-7639-94e0-bb51511e0638,18,-64.0,-83.0,-73.0,-72.0,-2.6505646044392726,-1.1962765153292714,0.32164248170599297,-1.519901587308774,0.44181096799309333,0.38140491512132074,0.2593506444663352,0.24588528587597425,-3.2935192584991455,6.916193962097168,1.22748863697052
1751122908.042713,d500a44f-2051-d64b-3d63-8985cc792954,4cad8cb1-b4db-da4c-3b20-192e6b63bc20,20,-86.0,-79.0,-69.0,-67.0,-2.762152652010246,-1.1819329960142138,0.28324928616697465,-1.5508770802635947,0.47353454289811725,0.4282129007566624,0.11621146999329822,0.23259855881573038,-3.3184685707092285,6.938202381134033,1.2609038352966309
1751122909.045259,d500a44f-2051-d64b-3d63-8985cc792954,1757aed7-7267-d74d-002b-e58e2119bfa1,35,-67.0,-76.0,-89.0,-69.0,-2.981672226975516,-1.145784845274132,0.3523766922660524,-1.529574321545996,0.45567485199582786,0.42242808210533317,0.20879512512406123,0.19977311765444297,,,
1751122910.039857,d500a44f-2051-d64b-3d63-8985cc792954,c1a45d77-486e-72a1-ee93-02cb91ead9ac,22,-62.0,-79.0,-73.0,,3.140133241312429,-1.1174076654368472,0.4079496736810629,,0.33096271328342963,0.5193811939589676,0.17848483987527197,,-3.3144607543945312,6.950952053070068,1.3328174352645874
1751122911.042835,d500a44f-2051-d64b-3d63-8985cc792954,54ae9f10-221a-e94e-92af-c85555e54265,32,-66.0,-81.0,-82.0,,3.1170409715003524,-1.1735064880090937,0.42455395044548894,,0.20540773402029175,0.5150208335956945,0.12278414324123539,,-3.2954354286193848,6.953347206115723,1.3804166316986084
1751122912.039068,d500a44f-2051-d64b-3d63-8985cc792954,721e63d5-0284-1cee-b20e-181a6dde61a5,20,-63.0,-78.0,-72.0,,3.0531751727669443,-1.1979162236124334,0.314249546519933,,0.20900166991135372,0.6212397819615008,0.23086563989441578,,,,
1751122912.998685,d500a44f-2051-d64b-3d63-8985cc792954,1abca1b3-7e3d-af23-4438-23d8888ca710,30,-64.0,-82.0,-72.0,,3.0150930344432476,-1.227010859047385,0.27216547602617386,,0.15477706360100715,0.665992539604601,0.31193895466866656,,-3.2625327110290527,6.942331314086914,1.3140931129455566
1751122913.997401,d500a44f-2051-d64b-3d63-8985cc792954,9098208e-76aa-57f7-f11e-b67222d18637,25,-63.0,-73.0,-88.0,,2.9469571232180063,-1.2606656252168802,0.3121722808696712,,0.08237248797777555,0.5665670155739644,0.29645773293592703,,,,
1751122914.989147,d500a44f-2051-d64b-3d63-8985cc792954,9651cde1-5a82-703a-ba45-e57217303642,6,-63.0,-83.0,-69.0,-66.0,2.945891858781974,-1.352373308408467,0.2882517679585795,-1.3501824589377134,0.11865528647809581,0.5382290840732445,0.3138654521117164,0.07656393390323096,-3.23572039604187,6.92266035079956,1.2832585573196411
1751122916.045872,d500a44f-2051-d64b-3d63-8985cc792954,808264a8-ea5c-4620-69c1-2b120256cf06,8,-63.0,-79.0,-68.0,-69.0,2.884034616142704,-1.420560618642747,0.26575045359239097,-1.3866093094858718,0.10989293721476029,0.5603683749787504,0.2912596752517695,0.11075781542352035,-3.204038619995117,6.907679080963135,1.289394736289978
1751122917.023769,d500a44f-2051-d64b-3d63-8985cc792954,ff6c5567-ce76-12cc-e813-eb857e2dafaf,5,-62.0,-87.0,-68.0,-65.0,2.890143375051127,-1.4241730635033851,0.23702479912646932,-1.4007273922146544,0.15620673169794574,0.748126624730544,0.24380720463262862,0.11418680177456546,-3.1645102500915527,6.902772426605225,1.2730543613433838
1751122918.04333,d500a44f-2051-d64b-3d63-8985cc792954,779d4b22-27be-4bc3-f6cb-439561eddcaa,10,-60.0,-87.0,-69.0,-68.0,2.8808670523421633,-1.5022637377252879,0.24628407760445678,-1.427705480373266,0.14562206452445306,0.4096149816002031,0.1919273618592855,0.09287124323897795,,,
1751122919.041833,d500a44f-2051-d64b-3d63-8985cc792954,c532db1c-85be-22e8-83ff-e839c8c43e1f,9,-60.0,-84.0,-70.0,-69.0,2.8942307946921813,-1.5287848274408422,0.24635518400556192,-1.4399203350290235,0.10088466999189118,0.2623444702952614,0.12377306650014426,0.11538693867505286,-3.126140594482422,6.90984010696411,1.28260612487793
1751122919.999045,d500a44f-2051-d64b-3d63-8985cc792954,24622ef1-a006-d336-f85b-1ca6428d8093,0,-61.0,-81.0,-66.0,-65.0,2.8837949316445965,-1.564289691619615,0.24703988272182129,-1.4647718890572068,0.16572518568426842,0.44893878549263594,0.17938781793237696,0.1112890744490991,-3.0934348106384277,6.9192304611206055,1.3080977201461792
1751122920.98607,d500a44f-2051-d64b-3d63-8985cc792954,7b5ef4e0-fac8-58dd-2a3c-6c71d9d1d074,14,,-80.0,-74.0,-64.0,,-1.5648042143422183,0.2866924871403381,-1.450219311596578,,0.5330774985501089,0.14924779190102783,0.21168433865641778,-3.0691277980804443,6.931164741516113,1.330969214439392
1751122922.016121,d500a44f-2051-d64b-3d63-8985cc792954,1b15652a-b43c-b726-3250-d52562b200be,2,,-87.0,-73.0,-64.0,,-1.630913726294018,0.2800817223664344,-1.462449213112494,,0.6078932835795414,0.1488339033781159,0.09680341723323677,-3.0420920848846436,6.94253921508789,1.3578370809555054
1751122923.043069,d500a44f-2051-d64b-3d63-8985cc792954,8e039a44-b69d-1cad-810b-d692e68c1c61,2,,-90.0,-74.0,-61.0,,-1.5797096606472827,0.30613249783348045,-1.4745795124036416,,0.39959324010212594,0.12458253431347384,0.08598225303256665,-3.04187273979187,6.957221031188965,1.4543921947479248
1751122923.985813,d500a44f-2051-d64b-3d63-8985cc792954,a2dc306f-f223-3b1a-ad33-e5df745aa6f8,29,,,-87.0,-69.0,,,0.33316677869109285,-1.489329030626882,,,0.14492571447842464,0.10827134674938944,-3.0656590461730957,6.97780704498291,1.5380507707595825
1751122924.98526,d500a44f-2051-d64b-3d63-8985cc792954,2b67ecdf-fb49-9fdc-396c-73487a03a472,4,,-77.0,-70.0,-61.0,,-1.6439779961794565,0.3706728752710058,-1.4941122011027188,,0.3770511793712592,0.13086208507155575,0.13119701919052526,-3.108330249786377,7.00462007522583,1.59503436088562
1751122926.040918,d500a44f-2051-d64b-3d63-8985cc792954,800cb045-05c6-f085-db51-85346c84e410,20,,-75.0,-70.0,-62.0,,-1.7133606662690182,0.3729767759300333,-1.4970222372258484,,0.2760049387249843,0.17626830754475584,0.15260552204815653,-3.147413969039917,7.026793479919434,1.6320812702178955
1751122927.022804,d500a44f-2051-d64b-3d63-8985cc792954,ba706eed-753a-c83f-1084-3ddb1770e9ca,16,-71.0,-81.0,-72.0,-64.0,1.88865632080465,-1.6801614338039816,0.36659664090653055,-1.5087645139461716,0.924766443247366,0.2675899322468223,0.18113663259644794,0.16615836548032656,-3.1829819679260254,7.036789894104004,1.6198164224624634
1751122927.983737,d500a44f-2051-d64b-3d63-8985cc792954,88e016f0-90ae-63f6-d785-20f4368f34df,25,-71.0,-83.0,-74.0,-67.0,1.9925813886550299,-1.7214126006668184,0.33473351636038645,-1.514795508550765,0.8280153321624141,0.34637382730047295,0.2795759880754283,0.10222889222973026,-3.21780252456665,7.022701740264893,1.5974239110946655
1751122929.041009,d500a44f-2051-d64b-3d63-8985cc792954,18c4d1ec-8072-0de5-bc33-f2969d34abf6,5,-62.0,-75.0,-68.0,-62.0,2.1196035200074497,-1.6776776366133195,0.35546675807887135,-1.5222676727792548,0.7036445108332231,0.271369473821106,0.22561523445008141,0.15483655196185678,-3.251070261001587,6.99632167816162,1.576478123664856
1751122929.985307,d500a44f-2051-d64b-3d63-8985cc792954,d551da22-b2ff-c0c1-db34-3b2f1d1ab906,6,-64.0,-79.0,-67.0,-65.0,2.3863728990329047,-1.7160414042222922,0.3670041045533126,-1.5169900864470447,0.579725228466855,0.3248814848027746,0.14822332376394476,0.1489538122061967,-3.274225950241089,6.97211742401123,1.5817397832870483
1751122930.997584,d500a44f-2051-d64b-3d63-8985cc792954,564ba6d5-5962-2fbb-182f-953e663d4f2b,22,-72.0,-76.0,-69.0,-64.0,2.7312959360400435,-1.743781822242939,0.3584518953447412,-1.4990482370251261,0.5105326747896112,0.26782585502988976,0.2089949787191149,0.16998243177908495,-3.293145179748535,6.950368881225586,1.5611484050750732
1751122932.023475,d500a44f-2051-d64b-3d63-8985cc792954,87f98f48-89a6-b5a7-7072-f70e792b8424,16,-69.0,-79.0,-71.0,-64.0,2.982709528220102,-1.757832660154197,0.3510752054413307,-1.5095090006289031,0.3892876056318462,0.24085126227020875,0.178130323199912,0.24173181983988665,-3.3101508617401123,6.922893524169922,1.5282684564590454
1751122933.043675,d500a44f-2051-d64b-3d63-8985cc792954,88281aba-e6f6-6bb8-8206-3ebc387e6f83,28,-69.0,-83.0,-81.0,-68.0,2.969512499754323,-1.7489335742136427,0.4123673252972863,-1.486800359171852,0.33224532495392545,0.25638125314041044,0.14238136366247653,0.17031336283404097,-3.3225345611572266,6.8934149742126465,1.491858720779419
1751122934.00021,d500a44f-2051-d64b-3d63-8985cc792954,c227590e-e7bb-b205-8689-acd9e039e1ff,35,-69.0,-87.0,-74.0,-70.0,2.960895575731263,-1.7549413993167526,0.4076628512316614,-1.4735121174387382,0.3756267210832031,0.26673677194685863,0.14307554989011928,0.12956626578652886,-3.3307313919067383,6.865975379943848,1.4601649045944214
1751122935.046099,d500a44f-2051-d64b-3d63-8985cc792954,a34c7194-25e9-e259-e6ca-1aa0daac0fb2,32,-66.0,-83.0,-73.0,-70.0,2.9733447885629474,-1.7167941467044032,0.3886753116077234,-1.484178876552832,0.2834551152297241,0.22453788592060345,0.1332337215684338,0.10637788082623513,-3.3310511112213135,6.848544597625732,1.470655083656311
1751122935.997889,d500a44f-2051-d64b-3d63-8985cc792954,6096db91-2254-1f6c-9c46-d56e364c3cea,22,-70.0,-78.0,-75.0,-66.0,2.9656977878088937,-1.672795529702986,0.3913589790381963,-1.5388920564099107,0.280246239142774,0.13056351974622266,0.12194080334779134,0.14914284670932185,-3.335310459136963,6.8479814529418945,1.524542212486267
1751122937.024226,d500a44f-2051-d64b-3d63-8985cc792954,534f0a19-bd87-1e1b-823f-2e648b67f14d,6,-72.0,-80.0,-70.0,-64.0,3.0143819704321966,-1.8196727254044365,0.3753917304065172,-1.5319794223264462,0.2583533072828573,0.10630830574275682,0.17350158277778613,0.11271543023943192,-3.336974859237671,6.845989227294922,1.583709478378296
1751122937.985225,d500a44f-2051-d64b-3d63-8985cc792954,3758a16b-ff20-659b-4df1-fcb0467e83ad,11,-69.0,-76.0,-69.0,-64.0,2.9930521806295336,-1.760769461046282,0.3672352669359315,-1.605629941220915,0.29970985210107726,0.13797112728541328,0.12199791150841674,0.12552677472271823,,,
1751122939.043655,d500a44f-2051-d64b-3d63-8985cc792954,6e655749-000f-2a2c-a3a7-b0c18bcf024b,29,-67.0,-87.0,-73.0,-78.0,2.937615819378444,-1.826488020950058,0.4034009945392075,-1.5754131828606577,0.20503535752087143,0.17747465293953446,0.11476712122085056,0.12206087030106187,,,
1751122940.041125,d500a44f-2051-d64b-3d63-8985cc792954,2f277c35-1743-e2f3-3956-fc09463fec96,30,-73.0,-92.0,-87.0,-69.0,2.984363883889259,-1.8417288923944182,0.4165402324093315,-1.5890565571251338,0.2008920614311966,0.17420169453885434,0.10578627623483086,0.11566371601371778,-3.34072470664978,6.846980571746826,1.6068916320800781
1751122940.998707,d500a44f-2051-d64b-3d63-8985cc792954,bd6f7f3e-e0f8-16fa-72ed-6f7ef0aa6c2d,12,-69.0,-80.0,-74.0,-66.0,3.07461148901321,-1.8098704283801819,0.39525704792574523,-1.5814391174591804,0.22660205214725346,0.14405714113365203,0.09018148382751154,0.08564724401219148,-3.345986843109131,6.851917266845703,1.62559449672699
1751122942.044832,d500a44f-2051-d64b-3d63-8985cc792954,e4ff6463-c1b2-fea3-5172-eaf62cfd8a80,29,-69.0,-80.0,-81.0,-67.0,2.9912380352949715,-1.8063237635984686,0.4475074695647729,-1.5171338971459085,0.16034238784424337,0.15881433258978322,0.08555293482008905,0.06620243962908694,-3.3472139835357666,6.839605331420898,1.631113052368164
1751122943.043288,d500a44f-2051-d64b-3d63-8985cc792954,6efb45f5-ff9c-82fc-6d72-456370a01371,1,-69.0,-84.0,-68.0,-67.0,-3.123483690809472,-1.87062365758956,0.4787263754432267,-1.5371940248988762,0.13463990391350925,0.12289443972225668,0.08700579738564657,0.07604038972243503,-3.349080801010132,6.830188274383545,1.6491273641586304
1751122944.046979,d500a44f-2051-d64b-3d63-8985cc792954,23ca040d-cbf6-4b40-4dec-d05816ba26a8,25,-67.0,-78.0,-75.0,-64.0,-3.036889410068892,-1.78244000231042,0.4015202701773936,-1.5188110228423861,0.16507650622175235,0.09445062260107105,0.12264287919016349,0.1267976684844177,-3.34941291809082,6.822361946105957,1.686179280281067
1751122945.040656,d500a44f-2051-d64b-3d63-8985cc792954,a9080bd4-bd81-d429-a77e-c1a6b550163b,31,,-84.0,-75.0,-71.0,,-1.7828107143341592,0.4452400542126794,-1.579006319803393,,0.10832141417788294,0.16585235162631964,0.11971446725551237,,,
1751122945.984811,d500a44f-2051-d64b-3d63-8985cc792954,19adebd3-8a54-c93d-1068-f2458b8ec45a,7,,-86.0,-67.0,-64.0,,-1.7731005626836214,0.4154549942651242,-1.5258974281869782,,0.1417203171456484,0.13519261803062,0.07072211528219562,,,
1751122947.023255,d500a44f-2051-d64b-3d63-8985cc792954,755f7e43-b0ce-825b-1b7d-8d9c2f79e9bc,8,,-79.0,-73.0,-65.0,,-1.9635059279799265,0.39626825019164835,-1.5191750769634003,,0.12354286119104214,0.14618365861932353,0.10549216338194523,-3.3525803089141846,6.816565036773682,1.7183072566986084
1751122948.04133,d500a44f-2051-d64b-3d63-8985cc792954,36feb9d1-7bbe-564b-cf78-8e0f7af81df3,15,,-86.0,-75.0,-63.0,,-1.7317752267844257,0.45173869990469073,-1.518045497187043,,0.19151773439411768,0.0879016514868356,0.18070117246870637,-3.343479633331299,6.803081512451172,1.714538335800171
1751122948.984149,d500a44f-2051-d64b-3d63-8985cc792954,6325dd11-1264-6b8f-adc0-dff092d2b5a3,15,,,-70.0,-68.0,,,0.4174052271313892,-1.60092014083311,,,0.0862584810942567,0.21627018554023655,,,
1751122949.999575,d500a44f-2051-d64b-3d63-8985cc792954,928a00c5-829a-eb8d-7e2a-b603f5dfedc2,4,-82.0,-79.0,-69.0,-66.0,-2.9800820534886294,-1.8187154521506073,0.37667457510360836,-1.5561036670609294,0.8268370831171358,0.27023944463631494,0.1050677969846195,0.2357375602135795,-3.34467625617981,6.789443492889404,1.6945629119873047
1751122950.999019,d500a44f-2051-d64b-3d63-8985cc792954,ede2730f-72b7-845f-3d4d-4fdb5f619042,21,-66.0,-80.0,-77.0,-67.0,-2.9632500764510015,-1.8551086137109762,0.3803958100947761,-1.5929064227969525,0.7029169352234134,0.25065509061209024,0.09605927176801979,0.24546660366310016,-3.344555377960205,6.776576042175293,1.6608344316482544
1751122952.040971,d500a44f-2051-d64b-3d63-8985cc792954,cc8b16aa-4e68-70b1-d003-6f5011c894d5,17,-64.0,-75.0,-79.0,-66.0,-2.9609168810199833,-1.8280548917774064,0.43540553293923484,-1.5697551639667302,0.7084983216569742,0.15359159073127202,0.16189469450938015,0.3386471647403124,-3.3490958213806152,6.761713027954102,1.6389071941375732
1751122952.985715,d500a44f-2051-d64b-3d63-8985cc792954,c996a659-257d-996f-a1f4-bb5eead63726,26,-69.0,-91.0,-77.0,-65.0,2.8981142161937345,-1.7887092166745213,0.47698040703257083,-1.600738113772603,0.5619769242771582,0.13498648936224783,0.11874630000834926,0.2734441761788186,-3.3547160625457764,6.74202299118042,1.644991397857666
1751122953.9846,d500a44f-2051-d64b-3d63-8985cc792954,92a8d3b4-fb6b-8323-b063-0d406ba8c477,2,-64.0,-81.0,-76.0,-61.0,2.8262477489135103,-1.8091999775757546,0.4277454826958399,-1.5645405613943002,0.5574659954437547,0.18225008360345324,0.07852946330100714,0.1831153279968632,-3.358706474304199,6.722674369812012,1.6620502471923828
1751122955.00114,d500a44f-2051-d64b-3d63-8985cc792954,9dfd0743-6530-c5b5-b559-7968f83eca51,24,-69.0,,-74.0,-64.0,2.9375263371658176,,0.43076950211362486,-1.5832059916843932,0.5224334428843075,,0.09338968580181073,0.13517223652590246,-3.3711979389190674,6.718816757202148,1.654235601425171
1751122956.04701,d500a44f-2051-d64b-3d63-8985cc792954,1e68e1e9-783d-d6c3-5828-59b5e3187b87,14,-65.0,-75.0,-72.0,-66.0,2.906846721408105,-1.8053328013568501,0.4332379861280193,-1.5422550962344628,0.5047226226869534,0.059907821204900076,0.12696874329494168,0.15141928351960798,-3.3823673725128174,6.716460704803467,1.6787409782409668
1751122957.046707,d500a44f-2051-d64b-3d63-8985cc792954,d37dabd8-47cd-3443-02b6-1cb5c3e9853f,23,-85.0,-80.0,-80.0,-66.0,-3.118065489571706,-1.8095311416573057,0.4309194380829963,-1.5092221781795014,0.47532971320991246,0.14744895974273384,0.10637123956826676,0.17036043420630814,-3.3907086849212646,6.718042850494385,1.6949394941329956
1751122958.044185,d500a44f-2051-d64b-3d63-8985cc792954,168a4967-7cc3-99c9-4d39-b4e475561368,17,-68.0,-76.0,-78.0,-71.0,3.058764615262803,-1.7818864642778471,0.43956565687804755,-1.5057467529569482,0.6483899103265316,0.08148320023314924,0.18935002113533406,0.24065978098783208,-3.3949790000915527,6.722254753112793,1.6899945735931396
1751122958.985209,d500a44f-2051-d64b-3d63-8985cc792954,4c8bde40-e20b-a09d-f585-975cd0a2eb43,24,-75.0,-80.0,-74.0,-67.0,3.0200230782532023,-1.776334838669468,0.28486209652312666,-1.4669313132270976,0.6079179843986519,0.1200630417526901,0.11415555956602748,0.3435942860707572,-3.407764434814453,6.74339485168457,1.6889973878860474
1751122960.04033,d500a44f-2051-d64b-3d63-8985cc792954,3564d305-817e-ed1b-1cc0-6d91927c5019,10,-70.0,-73.0,-64.0,-67.0,3.062129785616227,-1.7389507148674808,0.3592292720669353,-1.4773164430559158,0.6332218763379852,0.12349102941832647,0.1607274310035985,0.4228586153850581,-3.410372734069824,6.760088920593262,1.69163179397583
1751122961.000238,d500a44f-2051-d64b-3d63-8985cc792954,c933e61c-681d-dab7-9841-c735b328364b,18,-75.0,-76.0,-93.0,-66.0,2.9769496434144784,-1.652665760287513,0.18229284398370582,-1.5275647001874224,0.4430375534121566,0.12579309083172616,0.20503943548629064,0.3922699798680851,-3.4090094566345215,6.78289556503296,1.6646244525909424
1751122962.00076,d500a44f-2051-d64b-3d63-8985cc792954,1c2ae55d-f6af-9165-59ca-da188abea0ef,10,-64.0,-78.0,-67.0,-69.0,2.9328636747293064,-1.7267867265885437,0.28746400490813406,-1.5303983035872666,0.35150500635175574,0.19212187248740215,0.18848740661350058,0.2927728833831525,-3.40522313117981,6.81287956237793,1.6715822219848633
1751122963.046667,d500a44f-2051-d64b-3d63-8985cc792954,9932a5ac-268b-6766-0e69-a7175aa3de4f,25,-69.0,-77.0,-75.0,-83.0,2.9365484244135405,-2.067839125267361,0.3413834296023143,-1.535904255982951,0.2637090074587907,0.23744917384617345,0.19836675221704259,0.356290274066951,-3.398085117340088,6.85724401473999,1.6450576782226562
1751122964.041697,d500a44f-2051-d64b-3d63-8985cc792954,198f132e-b9fe-c7af-8a38-a6a9b6ac7b1e,14,-65.0,-79.0,-74.0,-69.0,2.8889992810468295,-1.9515965379012012,0.40412670593625416,-1.5434565813602519,0.26192195978832034,0.18325045013267108,0.22102620841771134,0.36286132445109903,-3.3920042514801025,6.893410682678223,1.5849076509475708
1751122965.000453,d500a44f-2051-d64b-3d63-8985cc792954,9fa3ab1c-4bd6-a1c6-582d-3c16a5414133,8,-63.0,-78.0,-74.0,-66.0,2.870084978352869,-1.958054570386589,0.32397620976922936,-1.5338175361108195,0.19815523064746307,0.17323286982379715,0.11686715689843255,0.2325610748233875,-3.384223699569702,6.925904273986816,1.5767295360565186
1751122965.99839,d500a44f-2051-d64b-3d63-8985cc792954,ac959288-9916-324f-5580-feb7938c3cf0,28,-68.0,-82.0,-72.0,-70.0,2.8937929710089723,-1.7228094286585651,0.39422187721003144,-1.5234406620813803,0.19040225272678116,0.12591435620748725,0.12877446638255627,0.15220649729307859,-3.3754849433898926,6.956840991973877,1.5578888654708862
1751122967.023204,d500a44f-2051-d64b-3d63-8985cc792954,39514d19-017e-74ac-f26d-b9eebe70304b,30,-67.0,-86.0,-73.0,-74.0,2.9061052973606265,-1.968309338480048,0.3767105277783244,-1.5218796502084302,0.1889928579436408,0.11060961883123582,0.15901688263544053,0.191144409143559,-3.3715367317199707,6.98730754852295,1.5374321937561035
1751122968.043615,d500a44f-2051-d64b-3d63-8985cc792954,ba0aee87-e784-4f52-e9cd-3bcaceae0d85,25,-65.0,-85.0,-75.0,-67.0,2.9194525281118855,-1.7668673009942362,0.43341934739825366,-1.552614792874871,0.20780639327985567,0.0811339682680774,0.1336739587413807,0.11305425090911728,-3.373516798019409,7.018146991729736,1.5513916015625
1751122969.046297,d500a44f-2051-d64b-3d63-8985cc792954,8b20c30e-9b4d-9894-a213-7236f33693b7,29,,-88.0,-77.0,-67.0,,-1.7709208984894458,0.42638833580433555,-1.5670834807611624,,0.17467698556964942,0.1650544186294615,0.12717099373497637,-3.3821215629577637,7.038723945617676,1.5790144205093384
1751122970.04053,d500a44f-2051-d64b-3d63-8985cc792954,fd2b1aed-045a-2843-cb7d-d0047a0081cb,18,-75.0,-79.0,-72.0,-74.0,2.883537670283295,-1.6724473213904578,0.5190082848273293,-1.585357160054905,0.21783830472434562,0.15923125045843511,0.17784446614640562,0.12433143983457141,-3.3973374366760254,7.057121753692627,1.6229339838027954
1751122971.046951,d500a44f-2051-d64b-3d63-8985cc792954,fd864058-1c7a-a269-6f85-e6b612c77f99,15,-69.0,-75.0,-72.0,-70.0,2.872921777546021,-1.648907241041084,0.5079258062670735,-1.6106101856174178,0.19685299480868473,0.20897615349915938,0.24441515437522326,0.12923916302563987,-3.4151711463928223,7.06324577331543,1.670480728149414
1751122972.045699,d500a44f-2051-d64b-3d63-8985cc792954,ddef8e78-a4fa-8332-5a2f-52c3a9c9b287,36,-68.0,-83.0,-71.0,-72.0,2.900281496688841,-1.6345412180148151,0.512346121044387,-1.5402274985385311,0.1999362862054808,0.25942075218203153,0.28348527552906927,0.14951953420075675,-3.4310927391052246,7.064774990081787,1.703099012374878
1751122973.044526,d500a44f-2051-d64b-3d63-8985cc792954,b00fabca-2c98-8123-ae20-87236ef892a9,8,-64.0,-79.0,-63.0,-62.0,2.9079529985249235,-1.6255882030621867,0.40768575441703603,-1.3668083073069692,0.1769487784927847,0.284800377764864,0.30325714938354914,0.09576640727189513,,,
1751122974.038824,d500a44f-2051-d64b-3d63-8985cc792954,fd7f44fb-038a-2d9b-aeac-2303c74a9e2c,11,-63.0,-75.0,-69.0,-63.0,2.824250378095951,-1.6317697994264242,0.4062782737809292,-1.4500926782867447,0.13875318118427185,0.16506477166819922,0.3052502591433645,0.1008181242541528,-3.4422850608825684,7.0587921142578125,1.7683658599853516
1751122974.984928,d500a44f-2051-d64b-3d63-8985cc792954,4f2cfd2b-63d3-7962-e9bf-2196cc351ed9,7,-63.0,-80.0,-69.0,-63.0,2.8933657999701237,-1.7131868950078903,0.3776572815458476,-1.4313253820849563,0.18401690789439587,0.16133874298706932,0.23051639960696552,0.09737206870499594,-3.448495388031006,7.062077045440674,1.8291138410568237
1751122975.998408,d500a44f-2051-d64b-3d63-8985cc792954,dcf76051-34f8-f21c-8e9b-09131fe726c8,9,-64.0,-80.0,-69.0,-63.0,3.137517484489754,-1.647568070486938,0.2801203382022405,-1.4542526690675028,0.2366777060126479,0.1446812030008417,0.21090987476666592,0.1284116439735466,,,
1751122976.984808,d500a44f-2051-d64b-3d63-8985cc792954,3442f820-5657-af02-4490-6f2f63f25e51,11,-66.0,-78.0,-81.0,-64.0,-2.7669402167018817,-1.6679059659416005,0.3047567088143456,-1.4938687881790857,0.3112689033384027,0.14494595450270922,0.24031428577066474,0.0783098690243733,-3.4503371715545654,7.065077781677246,1.8603661060333252
1751122978.044625,d500a44f-2051-d64b-3d63-8985cc792954,3912413d-ab6b-96a0-5f68-15fa0c4100f1,28,-74.0,-81.0,-77.0,-66.0,-2.840206707767161,-1.7258205317450632,0.37588361625985484,-1.532069304013237,0.34986067082620004,0.16479587562188525,0.23804573857510797,0.07341243229301526,-3.4538888931274414,7.061031341552734,1.835145354270935
1751122979.0476,d500a44f-2051-d64b-3d63-8985cc792954,61897410-1b3c-c2d0-2744-eb34f89a1ae0,30,-72.0,-87.0,-74.0,-69.0,-2.6061659806421256,-1.7573997633190044,0.43437116117184804,-1.5288486101489493,0.38579147433181754,0.1662478809824669,0.23158347832148982,0.12733867301511048,-3.4560797214508057,7.0517191886901855,1.8289510011672974
1751122980.047203,d500a44f-2051-d64b-3d63-8985cc792954,108be333-8457-4eee-d387-9b1af4bdc945,25,-72.0,-81.0,,-65.0,-2.547368976411465,-1.8240110148201754,,-1.53039071357816,0.30127399318830805,0.061203632167548566,,0.1837506250749016,-3.452531576156616,7.043396472930908,1.7798926830291748
1751122980.998511,d500a44f-2051-d64b-3d63-8985cc792954,018d5e87-7ec5-cca8-d5a4-21bae6f57f14,6,-65.0,,,-65.0,-2.465263720004322,,,-1.5397669048280018,0.37596028200973547,,,0.18061984618691806,-3.444342851638794,7.035600185394287,1.7288742065429688
1751122982.0244,d500a44f-2051-d64b-3d63-8985cc792954,0dceb1b7-8c00-7afe-57c4-fc822d55011d,36,-70.0,,,-73.0,-2.4995939969843155,,,-1.5313562426313683,0.5826463832875357,,,0.14364718077334798,-3.433156967163086,7.026986598968506,1.6794837713241577
1751122982.985784,d500a44f-2051-d64b-3d63-8985cc792954,c49b3847-d0c5-cbf4-3ebc-a2724bffd1a4,12,-64.0,,,-66.0,-2.540246618392157,,,-1.5226391837513205,0.6044404952262536,,,0.11994676148159453,-3.418177843093872,7.018732070922852,1.6341242790222168
1751122984.000818,d500a44f-2051-d64b-3d63-8985cc792954,97661857-5110-9a47-b7aa-005de045c889,14,-65.0,,,-67.0,-2.5246341028176764,,,-1.531433341144926,0.6571553721593911,,,0.14306513027235437,,,
1751122985.041525,d500a44f-2051-d64b-3d63-8985cc792954,08304888-944d-2b05-43cb-eb0a2a172317,1,-71.0,,-75.0,-66.0,-2.556945970007499,,0.452619939909398,-1.581598640808476,0.6725397879865064,,0.22630619159490245,0.19056653647652544,,,
1751122985.999604,d500a44f-2051-d64b-3d63-8985cc792954,c4dd6e3e-5440-8402-4139-840ebdb7a594,27,-78.0,-84.0,-83.0,-70.0,-2.6026253079728647,-1.0787996859559141,0.4905689201785911,-1.5917701851178698,0.7325652418489932,0.16178225917710837,0.20484552406941922,0.18654215052952264,-3.413874626159668,7.003562927246094,1.628466248512268
1751122987.047772,d500a44f-2051-d64b-3d63-8985cc792954,16f42c46-ff4a-35b9-c99a-24adea5dcd80,26,-73.0,-83.0,-75.0,-64.0,-2.5992787797470713,-1.1730347090219861,0.4906860992665546,-1.5831685742710777,0.7635807487991921,0.17135838724578806,0.2338179536998504,0.17406856977386403,-3.416130542755127,6.98447561264038,1.6208738088607788
1751122988.044875,d500a44f-2051-d64b-3d63-8985cc792954,f862b0e6-59ea-03e1-6e7d-5d39d3f02aab,18,-66.0,-76.0,-88.0,-68.0,-2.6648617847513627,-1.216259544568681,0.2102483122623766,-1.4374530494371196,0.7256699183126145,0.15902312441924543,0.31908781114082085,0.4012156378382022,-3.410720109939575,6.973877429962158,1.5624340772628784
