create_time,idppe,idbeacon,bluetooth_channel,rssi_1,rssi_2,rssi_3,rssi_4,az_1,az_2,az_3,az_4,el_1,el_2,el_3,el_4,x,y,z
1755132998.210103,72828ff7-3ccc-0c5d-596b-8331ba7d4f39,0fcebde0-78df-ca86-f108-d0ce6181f84a,34,-75.0,-83.0,-74.0,-75.0,3.099223891175505,0.9702998399849957,2.2242018349814017,-2.6607077860830572,0.19325349956884727,0.19425106977892057,0.8201063429361239,0.22841926011706903,-2.1374595165252686,4.71598482131958,-0.46445637941360474
1755132999.210316,72828ff7-3ccc-0c5d-596b-8331ba7d4f39,f307e16e-cdcb-6660-37dd-10e95c633647,11,-85.0,-82.0,-66.0,-75.0,3.0174041256372184,1.2478193350666649,2.234927982587805,-2.725276393028137,0.1613948025280155,0.15105920749547247,0.8842239435505991,0.22206539051981708,-2.194920301437378,4.719270706176758,-1.5297504663467407
1755133000.210074,72828ff7-3ccc-0c5d-596b-8331ba7d4f39,56c5c941-3f10-e306-6b5f-894640749784,34,-77.0,-91.0,-77.0,-75.0,3.0542170013853833,1.2521080896861285,2.2228798418162863,-2.7236705068908194,0.1377526482074859,0.18077224558029784,0.7200971205735691,0.1445200151758646,-2.660128593444824,4.801095008850098,-1.7232810258865356
1755133001.232753,72828ff7-3ccc-0c5d-596b-8331ba7d4f39,e9b77d3b-0132-6391-c074-d4dfc741feb7,28,-74.0,-84.0,-72.0,NaN,3.0377682532286183,1.2655424058050333,2.1482511438534315,NaN,0.13731617274957872,0.2404974280298781,0.6859121856100667,NaN,-3.158517360687256,4.955914497375488,-1.8061765432357788
1755133002.232995,72828ff7-3ccc-0c5d-596b-8331ba7d4f39,a8d9e8bc-82e8-101d-da1e-6173d106f8ae,5,-72.0,-81.0,-64.0,NaN,3.021627366493866,1.2189855562604857,2.134350508227654,NaN,0.12203854968217567,0.29530977734804836,0.7219323048807427,NaN,-3.6609647274017334,5.122934818267822,-1.7821941375732422
1755133003.232837,72828ff7-3ccc-0c5d-596b-8331ba7d4f39,32c003f5-031c-1914-9dd8-c3a764afd100,22,-81.0,-87.0,-68.0,NaN,3.024752319716965,1.1336203243629772,2.2081269946416833,NaN,0.12194285065287934,0.3491806326418483,0.6662636494035712,NaN,-4.146130084991455,5.305790901184082,-1.7816306352615356
1755133004.232682,72828ff7-3ccc-0c5d-596b-8331ba7d4f39,5559ec6c-20e6-877c-0636-966965184e65,3,-72.0,-81.0,-62.0,NaN,2.8967911577641834,1.0828223907824785,2.2583584738583222,NaN,0.14274761489138968,0.28202033719244396,0.7361685653828975,NaN,-4.4470343589782715,5.517428398132324,-1.8607178926467896
1755133005.232341,72828ff7-3ccc-0c5d-596b-8331ba7d4f39,d8064bae-d6e0-9df1-17a7-081ed8ddf6f6,8,-74.0,-85.0,-63.0,NaN,2.893459010608276,1.099338783230932,2.2663671318884084,NaN,0.15706205581629515,0.1388453182356102,0.7464324548030902,NaN,-4.816370964050293,5.712522983551025,-1.9490844011306763
1755133006.232242,72828ff7-3ccc-0c5d-596b-8331ba7d4f39,bb21d0cd-0fac-16f8-7025-3030095df61c,25,-74.0,-86.0,-71.0,-84.0,3.0662539568803235,1.109016444316171,2.170004376269417,-2.9132580154163614,0.14464826302710876,0.18320339540516073,0.7525034634030621,0.6031609129014979,-5.27452850341797,5.86881399154663,-2.05549430847168
1755133007.210741,72828ff7-3ccc-0c5d-596b-8331ba7d4f39,6d2ab3f0-2ab1-4319-4183-7a42fdedfb30,7,-76.0,-77.0,-68.0,-74.0,-3.0390375158041496,1.126313409280127,2.215079975615662,-2.901876730181799,0.142239267373564,0.15387375264876593,0.6622349524645538,0.5280824403200426,-5.781373500823975,5.977771282196045,-1.1869325637817383
1755133008.209672,72828ff7-3ccc-0c5d-596b-8331ba7d4f39,f59ed2a1-204c-32fe-d4a1-589e7ef6aba5,11,-79.0,-74.0,-79.0,-65.0,3.117451098308225,1.1160144327125723,2.2336496652645668,-2.827812089737823,0.1107612192762886,0.11771871097936376,0.6718351155620714,0.4663408787406225,NaN,NaN,NaN
1755133009.231897,72828ff7-3ccc-0c5d-596b-8331ba7d4f39,31dcd1a8-ef85-57f0-d1a3-cf43251a8613,28,-74.0,-95.0,-69.0,-75.0,2.9721974987653415,1.1714348149971212,2.2957226239521336,-2.867975488453417,0.08503342699282025,0.1814342741377779,0.633626343928541,0.3268527566416512,-6.31157636642456,6.107171058654785,-0.21193081140518188
1755133010.232965,72828ff7-3ccc-0c5d-596b-8331ba7d4f39,f60f8e4a-1dd6-dc41-b332-b0497214b709,23,-77.0,-88.0,-67.0,-78.0,2.9945281045056555,0.9524417469793605,2.266339967645289,-2.7838305169673827,0.10191072770324984,0.1753547600670746,0.6731579742545409,0.34559721623709216,-6.795357704162598,6.2400922775268555,0.8456435203552246
1755133011.233497,72828ff7-3ccc-0c5d-596b-8331ba7d4f39,d61f0bdf-428d-e772-03cb-76ba098069eb,4,-72.0,-86.0,-68.0,-69.0,2.9507931404521566,0.9469567003982332,2.2027191797321684,-2.6622409679226156,0.1053335804614094,0.21181227025728247,0.5990693653607546,0.385511143337573,-6.85445213317871,6.29521083831787,1.005953311920166
1755133012.232553,72828ff7-3ccc-0c5d-596b-8331ba7d4f39,d4219048-d4c4-e066-4cea-21e4205e3755,17,-72.0,-90.0,-73.0,NaN,3.0933750567894727,0.9867531155156144,2.2041413077542704,NaN,0.12431063388855516,0.1767433322594419,0.6216939175063866,NaN,NaN,NaN,NaN
1755133013.231875,72828ff7-3ccc-0c5d-596b-8331ba7d4f39,26c9af09-155f-b658-1665-0601fa32c260,1,-69.0,-84.0,-65.0,NaN,3.119057517077761,1.0063294800565687,2.1774106272609277,NaN,0.14556695373464526,0.2124427736453587,0.7991335498775864,NaN,-6.852835178375244,6.271029949188232,1.0752564668655396
1755133014.23241,72828ff7-3ccc-0c5d-596b-8331ba7d4f39,b1584340-c0e2-62fe-92c0-31a20b8480bd,23,-76.0,NaN,-70.0,NaN,3.1336995767510163,NaN,2.2543514816821886,NaN,0.17926115133303008,NaN,0.806969501910981,NaN,NaN,NaN,NaN
1755133015.232029,72828ff7-3ccc-0c5d-596b-8331ba7d4f39,12f4f12e-df55-9d87-59e0-c733b2cf5b82,2,-76.0,-80.0,-67.0,NaN,-3.1290480995910834,1.1345652139177371,2.3658990492045935,NaN,0.2114366813197972,0.18496679087619988,0.7728813728531031,NaN,-6.889235496520996,6.2648606300354,0.9646088480949402
1755133016.232341,72828ff7-3ccc-0c5d-596b-8331ba7d4f39,749072ce-208e-d513-de45-c033ee87bc6d,13,NaN,-84.0,-72.0,NaN,NaN,1.2121721249276272,2.347022563398112,NaN,NaN,0.1390392546196168,0.6846827372928317,NaN,NaN,NaN,NaN
1755133017.232336,72828ff7-3ccc-0c5d-596b-8331ba7d4f39,b35d2f34-ad76-63d2-f918-f2d30084fdf1,10,-74.0,-77.0,-69.0,-78.0,2.9690922529343085,1.1375317090559764,2.301177843129052,-2.6684269585026517,0.24673232090543074,0.1601762232369793,0.5198861958806739,0.3178757732392121,-6.893857955932617,6.26007604598999,0.9640361070632935
1755133018.232248,72828ff7-3ccc-0c5d-596b-8331ba7d4f39,defea649-8210-92a2-5ea7-e5564a174ac9,25,NaN,NaN,-74.0,NaN,NaN,NaN,2.237893146145499,NaN,NaN,NaN,0.6322832452117868,NaN,NaN,NaN,NaN
1755133019.211254,72828ff7-3ccc-0c5d-596b-8331ba7d4f39,1033f649-d896-a2fe-2d53-f306e3481325,8,-76.0,-80.0,-64.0,-87.0,3.0781108826855745,1.2011639485617847,2.239518207042665,-2.5991783785739755,0.15605897619171682,0.18709202671559674,0.6254001722164225,0.37793481622094754,-7.085993766784668,6.22126054763794,0.9671685099601746
1755133020.210005,72828ff7-3ccc-0c5d-596b-8331ba7d4f39,bccdc8ca-36ec-d0ef-26ee-0d17527a6efc,5,-75.0,-76.0,-63.0,-76.0,3.10554676823557,1.1206504635381824,2.2257768284500745,-2.6999739658274033,0.15264799946754334,0.15075201186373183,0.6849770165932855,0.31843001035157126,-7.207106590270996,6.171061992645264,1.0047160387039185
1755133021.232346,72828ff7-3ccc-0c5d-596b-8331ba7d4f39,c51b78a4-ef1d-7b20-ab0b-0fb533e1750e,35,-76.0,-88.0,-71.0,-74.0,-3.1366769908497245,1.042232886292472,2.3683353089697983,-2.364272656726882,0.210597718997395,0.2170304680971837,0.5566212407459816,0.2656230379789875,-7.260124683380127,6.17797040939331,1.0849194526672363
1755133022.211329,72828ff7-3ccc-0c5d-596b-8331ba7d4f39,c5c1a446-5b3e-a9b4-c9c2-8042d087fdbd,20,-76.0,NaN,-68.0,-80.0,-3.0679421346953246,NaN,2.381916365264766,-2.438908811540789,0.19217976295159775,NaN,0.6115443442759856,0.3067738536029988,-7.2542314529418945,6.2470879554748535,1.12876558303833
1755133023.210265,72828ff7-3ccc-0c5d-596b-8331ba7d4f39,e8733a71-9824-7e09-a928-a17fbfffccb6,36,-76.0,NaN,-70.0,-77.0,-3.104013053763794,NaN,2.392541312749746,-2.852539007826991,0.13408404393736084,NaN,0.6315050029622384,0.2508532464419489,NaN,NaN,NaN
1755133024.210636,72828ff7-3ccc-0c5d-596b-8331ba7d4f39,3a772871-3b54-db51-9e26-e7e078e816dd,6,-74.0,NaN,-69.0,-76.0,2.903397927796452,NaN,2.4087743448582155,-2.894813494338691,0.08429085445712209,NaN,0.6316056038724162,0.25386954269257267,-7.248250484466553,6.280473709106445,1.1079792976379395
1755133025.210073,72828ff7-3ccc-0c5d-596b-8331ba7d4f39,f6c7ba16-a32f-4b08-a8d7-424f332881fe,12,-80.0,NaN,-74.0,-80.0,2.9339518423507127,NaN,2.4079093501361575,-2.777605644235431,0.0775659649081301,NaN,0.6743966770565641,0.24592546631892082,-7.276800632476807,6.299536228179932,1.0411492586135864
1755133026.233516,72828ff7-3ccc-0c5d-596b-8331ba7d4f39,ac676135-b786-4704-44e8-33e9ad0d7f58,26,-78.0,NaN,-71.0,NaN,2.8528399450301696,NaN,2.384842114038327,NaN,0.11808630211120039,NaN,0.7411273713326251,NaN,-7.397657871246338,6.21461582183838,1.001742959022522
1755133027.233328,72828ff7-3ccc-0c5d-596b-8331ba7d4f39,8ee44084-94e7-ebed-8c76-df27f3820e54,15,-77.0,-81.0,-78.0,-81.0,2.88825572647048,-1.0085122068859977,2.3244911553116054,-2.611962617070792,0.168186712190315,0.37954276630811,0.6329380499448101,0.22375716360228992,-7.321345329284668,6.219594478607178,1.0641908645629883
1755133028.190786,72828ff7-3ccc-0c5d-596b-8331ba7d4f39,01483ed9-07ea-4e72-d2d9-bfda45fb300d,21,NaN,-95.0,-70.0,-85.0,NaN,-0.9053706410283188,2.2568692341767496,-2.67423930758175,NaN,0.3267328478135704,0.6056132847912973,0.1890753160688924,-7.129794597625732,6.072455406188965,1.1892695426940918
1755133029.216201,72828ff7-3ccc-0c5d-596b-8331ba7d4f39,1f417e53-0439-7a86-ce67-1fbb667c248e,2,NaN,-80.0,-67.0,-77.0,NaN,-0.8805161575229364,2.2944128813280327,-2.6292574515058753,NaN,0.3346175024053999,0.6019365245903339,0.21640865327216383,-7.11149263381958,6.05338954925537,1.22555935382843
1755133030.210993,72828ff7-3ccc-0c5d-596b-8331ba7d4f39,9c35a49a-f022-63bf-7b79-27cdbd430eb0,7,NaN,-80.0,-67.0,-76.0,NaN,-0.910571927795298,2.21440140216991,-2.7227911310988753,NaN,0.3648741416029809,0.7618311851210646,0.2118332426508668,-7.094566345214844,5.951727867126465,1.2471137046813965
1755133031.233892,72828ff7-3ccc-0c5d-596b-8331ba7d4f39,c3541225-6ecc-0e44-2c47-796f03b12dc9,21,NaN,-77.0,-73.0,-82.0,NaN,-0.9104347749991591,2.2330552477092613,-2.7342856006797662,NaN,0.3729785735637692,0.6544051257016664,0.2432567125905524,-7.111799240112305,5.92183780670166,1.2372506856918335
1755133033.23318,72828ff7-3ccc-0c5d-596b-8331ba7d4f39,5aef0470-530d-ed4d-e2d8-7efee5edf4d7,6,NaN,-87.0,-65.0,-71.0,NaN,-1.0115165189117161,2.2382505423637875,-2.7028720177256274,NaN,0.2928073047402418,0.7827210872906735,0.24867839258249252,NaN,NaN,NaN
1755133034.232692,72828ff7-3ccc-0c5d-596b-8331ba7d4f39,b4715add-8dd2-8ffd-e15f-6cc85f2ebcae,26,-76.0,-84.0,-77.0,-85.0,3.0529557282931217,-1.1359966630036549,2.2744791205687895,-2.7196446062709465,0.3704574921178456,0.30535152584381475,0.7758151111099344,0.3497746174334769,-7.08867311477661,5.939186096191406,1.123773217201233
1755133035.211154,72828ff7-3ccc-0c5d-596b-8331ba7d4f39,d9f132c7-63a7-2b96-d554-41ee9b5ce702,29,-75.0,-97.0,-75.0,-76.0,2.9734124328546354,-1.0240534829013186,2.224745652475996,-2.7293853842740208,0.2543253593578965,0.34220984177807956,0.4509609569978468,0.2484910891340759,-7.07692003250122,5.919559001922607,1.1441338062286377
1755133036.232224,72828ff7-3ccc-0c5d-596b-8331ba7d4f39,da2d42f4-f18f-362d-ebb6-e0bb40a3da90,5,-77.0,-77.0,-66.0,-73.0,3.0146711897265788,-1.0309189790334883,2.2447987228520745,-2.7274583209092396,0.20460072963097048,0.2965864301956051,0.40246459381042204,0.2651075332157322,NaN,NaN,NaN
1755133037.210271,72828ff7-3ccc-0c5d-596b-8331ba7d4f39,c4887129-be4f-c002-4d4a-9832ea576fd7,17,-93.0,-93.0,-65.0,-72.0,2.939998283289629,-0.9395886657683655,2.237029216687877,-2.739118971742151,0.21075289806516256,0.753570592051857,0.395589776614437,0.24125496420195114,-7.052104473114014,5.904180526733398,1.1330225467681885
1755133038.211301,72828ff7-3ccc-0c5d-596b-8331ba7d4f39,e414c23f-6793-bbe9-c0eb-3c841ad4e60b,1,-75.0,NaN,-64.0,-70.0,2.9222094324723358,NaN,2.082650561985946,-2.6820042863720936,0.20556862223964617,NaN,0.5900040981681793,0.18132628295557518,NaN,NaN,NaN
1755133039.233859,72828ff7-3ccc-0c5d-596b-8331ba7d4f39,aaaab946-780c-33c9-6547-e59073a42d6e,4,-75.0,NaN,-64.0,-72.0,2.9768154200955386,NaN,2.267475006901881,-2.775508937509212,0.1953902535799587,NaN,0.7313559669770154,0.1952502378856478,-7.03040313720703,5.883910655975342,1.172898769378662
1755133040.23366,72828ff7-3ccc-0c5d-596b-8331ba7d4f39,2ddc6f03-b207-7260-f9f2-4b601ffbd52a,12,-77.0,NaN,-65.0,-71.0,3.0051647698994324,NaN,2.2894594017004852,-2.620103634207055,0.1860810907658027,NaN,0.7200420597180316,0.2460831421002103,NaN,NaN,NaN
1755133041.210906,72828ff7-3ccc-0c5d-596b-8331ba7d4f39,27246ca9-a99a-3e06-c406-25e91005c34c,35,-75.0,NaN,-76.0,-77.0,3.0836720956738777,NaN,2.2948507050112417,-2.549852906760182,0.17804801487747174,NaN,0.729058990536822,0.18047087561344174,NaN,NaN,NaN
1755133042.233523,72828ff7-3ccc-0c5d-596b-8331ba7d4f39,809406df-1ceb-c896-484a-23dded8f3c78,1,-81.0,NaN,-71.0,-76.0,3.0183564720430303,NaN,2.320038349968993,-2.5023871203355905,0.12970177907412186,NaN,0.7784471132152597,0.17175719561902744,-6.918303966522217,6.00243616104126,1.1745197772979736
1755133043.234165,72828ff7-3ccc-0c5d-596b-8331ba7d4f39,bef19788-55b7-f02f-691a-f1b86f8c954d,33,-79.0,-83.0,-69.0,-75.0,2.9644397105099403,-0.8831556164793138,2.295294920281067,-2.4481630300127053,0.1335932899274865,0.33563306559758804,0.6751219224004199,0.184677238686681,-7.03122615814209,6.01590919494629,1.1624983549118042
1755133044.233866,72828ff7-3ccc-0c5d-596b-8331ba7d4f39,04cd23c3-fc7a-51fa-b298-8ecfa4cef938,18,-85.0,-92.0,-68.0,-75.0,2.9654660927940566,-0.9657037565757369,2.2733866918896393,-2.401460239240422,0.1324003019500503,0.29407273902170655,0.6517236553790927,0.16164136131068635,-7.16504192352295,6.2066826820373535,1.1079970598220825
1755133045.212055,72828ff7-3ccc-0c5d-596b-8331ba7d4f39,eded8828-cd35-2a93-4cd8-9367591a56dc,9,-75.0,-73.0,-69.0,-71.0,2.948036768723924,-1.001365880416879,2.2540111296948764,-2.3742943982249596,0.12959778263355426,0.2508144475138178,0.5839621180240894,0.2032153865214249,-7.191924095153809,6.2055463790893555,1.1152654886245728
1755133046.233658,72828ff7-3ccc-0c5d-596b-8331ba7d4f39,7e2baa9f-1bb5-e4c1-d368-559e458bcf26,29,-77.0,-88.0,-76.0,-85.0,2.93188309881594,-1.0506420837505062,2.2690308256107055,-2.6011954567836018,0.12289468107123047,0.26103469438164684,0.6931085129286517,0.3023785059609048,-7.199444770812988,6.306459426879883,1.139749526977539
1755133047.233544,72828ff7-3ccc-0c5d-596b-8331ba7d4f39,ac67b396-f25a-58f6-8e37-20e1f6fa14b4,7,-73.0,-74.0,-62.0,-73.0,2.9788665867671176,-1.0471156589930777,2.2521607653694895,-2.587336632786938,0.10709299783557026,0.24489186021034742,0.7229642132241212,0.2201627283685236,-7.243027687072754,6.395166873931885,1.1876176595687866
1755133048.232219,72828ff7-3ccc-0c5d-596b-8331ba7d4f39,cf27ec5e-319f-b45a-7a8b-abde1f102e99,3,-71.0,-79.0,-67.0,-73.0,2.791108936226569,-0.9896347889731345,2.2581512799255137,-2.599772263497063,0.1855408518939233,0.23873356650564823,0.7384567533914935,0.202895840480129,-7.259461402893066,6.34773302078247,1.250407099723816
1755133049.23304,72828ff7-3ccc-0c5d-596b-8331ba7d4f39,c4b90491-e12a-167b-5973-ec1c5dcdafe5,3,-87.0,-87.0,-64.0,-88.0,3.0002192797551546,-1.0220087078163558,2.289053003318139,-2.4054496545533604,0.15840575374429464,0.20857533111034562,0.7893534236694068,0.22746589838109108,-7.278899192810059,6.340097427368164,1.2611744403839111
1755133050.233529,72828ff7-3ccc-0c5d-596b-8331ba7d4f39,5a5daa83-6269-b7fa-dbbf-ba3459d707e2,11,-76.0,-81.0,-72.0,-85.0,2.849500873655428,-1.0739191769422347,2.1662328075336466,-2.475721420972845,0.16760070023719992,0.12661824632835203,0.649414428397885,0.2341560919345064,-7.202086448669434,6.383652687072754,1.2859318256378174
1755133051.234294,72828ff7-3ccc-0c5d-596b-8331ba7d4f39,b3ffe116-087e-aac4-c957-d55cccb85f45,13,-78.0,-82.0,-75.0,-83.0,2.811082111769945,-1.1081273479862481,2.1687542884537336,-2.3745431374707726,0.1614305721104066,0.16193397613545885,0.5314377236879199,0.25422713864794305,-7.094058990478516,6.435120582580566,1.27036190032959
1755133052.233626,72828ff7-3ccc-0c5d-596b-8331ba7d4f39,a843d06d-ed29-227c-9a39-1263dbce558e,35,-82.0,NaN,-71.0,-86.0,2.785931751067455,NaN,2.2479258066040453,-2.26730616248877,0.2057949409980325,NaN,0.5806482801006765,0.25265592353906674,-7.087619304656982,6.3913350105285645,1.240814208984375
1755133053.232977,72828ff7-3ccc-0c5d-596b-8331ba7d4f39,5d877926-dfaa-6622-89e1-925910d36072,12,-77.0,-81.0,-67.0,-71.0,2.8919942720087324,-1.0321136730984979,2.2052694227920284,-2.3902619131727474,0.14262875468298805,0.23496547652405195,0.6447200077653751,0.2960016333097373,-7.0734052658081055,6.36396837234497,1.2429471015930176
1755133054.211342,72828ff7-3ccc-0c5d-596b-8331ba7d4f39,b2c15f89-bc01-b3b3-227e-a85f3520fd67,23,-73.0,NaN,-68.0,-83.0,2.8952406653775395,NaN,2.192847374203463,-2.3792492094330515,0.1295098567056896,NaN,0.6165307139429955,0.3160334316866089,NaN,NaN,NaN
1755133055.233158,72828ff7-3ccc-0c5d-596b-8331ba7d4f39,58111b22-9198-c9d9-5e8c-ef3ccb3d2b15,24,-76.0,NaN,-73.0,NaN,2.952956159889519,NaN,2.2303095286253893,NaN,0.15148541313842598,NaN,0.8315965514592708,NaN,NaN,NaN,NaN
1755133056.233532,72828ff7-3ccc-0c5d-596b-8331ba7d4f39,d7fc8c2e-2156-4121-c624-6aa5b3bad1db,9,-72.0,NaN,-67.0,-73.0,2.9517769121588313,NaN,2.214323105233862,-2.217856054735961,0.12086994627347046,NaN,0.7754354109175163,0.36821244731890884,-7.112707138061523,6.293273448944092,1.2999390363693237
1755133057.233515,72828ff7-3ccc-0c5d-596b-8331ba7d4f39,641940f9-f079-52a3-2014-cc770c2c4a22,27,-78.0,NaN,-69.0,-75.0,2.9188282831523713,NaN,2.23059129106872,-2.4535522027945897,0.1588302283325396,NaN,0.6912090798601799,0.42630411333486184,NaN,NaN,NaN
1755133058.211687,72828ff7-3ccc-0c5d-596b-8331ba7d4f39,abd0a01d-d464-30ef-d5b1-5c978ff92bfc,18,-72.0,NaN,-70.0,-78.0,2.959896890322483,NaN,2.159793816650053,-2.781021680965676,0.11180621872090045,NaN,0.7985830079012399,0.41312975502786237,-7.089527130126953,6.282774448394775,1.2704843282699585
1755133059.212078,72828ff7-3ccc-0c5d-596b-8331ba7d4f39,d846e40e-7cff-cf0b-15b7-0d3756577803,17,-78.0,NaN,-68.0,-77.0,3.048695735813431,NaN,2.1397396810095386,-2.613345330308761,0.08666125924199598,NaN,0.6187776229546951,0.3429660796591212,-7.016693115234375,6.338055610656738,1.26831328868866
1755133060.232883,72828ff7-3ccc-0c5d-596b-8331ba7d4f39,136481e3-3eec-df1f-e615-dfa571eb2f44,21,-75.0,NaN,-68.0,-91.0,2.968261346674204,NaN,2.121933785961269,-2.7486155378732646,0.09085275854740124,NaN,0.5593607014012917,0.34036793298915347,-7.042370319366455,6.33004379272461,1.2305123805999756
1755133061.211827,72828ff7-3ccc-0c5d-596b-8331ba7d4f39,6bca6be2-a16e-7e78-aa13-5701bbb12c16,3,-79.0,NaN,-71.0,-75.0,2.9798530216348826,NaN,2.166496460481565,-2.4880995274034245,0.1172061606604428,NaN,0.6311354227819627,0.2774804464821859,NaN,NaN,NaN
1755133062.233439,72828ff7-3ccc-0c5d-596b-8331ba7d4f39,a1215b79-5ebe-4d46-017a-1442b7c4c27a,3,-71.0,-83.0,-63.0,-73.0,2.987388169623153,-1.073337942034325,2.18160297544893,-2.5468163704852738,0.11995872073936464,0.14883481883974065,0.782660500375874,0.3245685300851766,-6.950142860412598,6.430131912231445,1.2797191143035889
1755133063.211156,72828ff7-3ccc-0c5d-596b-8331ba7d4f39,d6c11c11-fca6-ffeb-af22-eeacacde415b,32,-78.0,-84.0,-71.0,-87.0,3.0130253561729097,-1.1020370980474004,2.2035980228918945,-2.4774074682589746,0.1134193619721887,0.13633816845113916,0.6612848031666408,0.3084188882083408,-6.929608345031738,6.443291664123535,1.2488572597503662
1755133064.234262,72828ff7-3ccc-0c5d-596b-8331ba7d4f39,58516188-afcb-6a0d-5817-42a81d7e7ff0,3,-75.0,-76.0,-64.0,-75.0,-2.9263972532864853,-1.1633866090248473,2.2202017670241028,-2.421365504176001,0.2662713845463673,0.1425640065789855,0.6787817715284613,0.27031056768217687,-7.012465476989746,6.37834072113037,1.1861774921417236
1755133065.211162,72828ff7-3ccc-0c5d-596b-8331ba7d4f39,6db6a850-7f09-42fe-bfbf-789d248bd569,18,-78.0,-92.0,-67.0,-86.0,2.9716946939515343,-1.0037087963858762,2.29774502848394,-2.4512000989198315,0.22379975753497436,0.17064141434606828,0.6903025398251168,0.2925302361183326,NaN,NaN,NaN
1755133066.212884,72828ff7-3ccc-0c5d-596b-8331ba7d4f39,c4c832b6-3e1c-8459-7f7d-6b0c021f18ab,23,-77.0,-78.0,-69.0,-78.0,2.857558001217354,-0.9848576106097504,2.31502468290081,-2.5882247970104797,0.16656371524299346,0.13974684819887243,0.6357243156562783,0.2124988664758185,-7.129228591918945,6.330106258392334,1.170781135559082
1755133067.234646,72828ff7-3ccc-0c5d-596b-8331ba7d4f39,2ce37f20-70c9-7e11-4119-ea6ab9c07600,19,-83.0,-86.0,-69.0,NaN,2.8716903318579687,-0.9251813637452002,2.372228850483494,NaN,0.1386913708798468,0.1464285029920427,0.6973863485876458,NaN,-7.15345048904419,6.359106540679932,1.1152580976486206
1755133068.233988,72828ff7-3ccc-0c5d-596b-8331ba7d4f39,523cb442-58ab-931d-641c-6fa5a1414036,15,-83.0,-89.0,-67.0,NaN,2.8357765392938137,-0.9385423097760732,2.350219421970643,NaN,0.17764667650119678,0.14728880389267915,0.5865049708119242,NaN,-7.154149532318115,6.394469738006592,1.05239462852478
1755133069.233947,72828ff7-3ccc-0c5d-596b-8331ba7d4f39,15ee5d40-08e9-1204-1a85-bdcf6f6b3239,29,NaN,-86.0,-74.0,NaN,NaN,-0.9083517835525536,2.4224534054812983,NaN,NaN,0.157288141548086,0.5213105543001891,NaN,NaN,NaN,NaN
1755133070.233675,72828ff7-3ccc-0c5d-596b-8331ba7d4f39,0df7ae0d-055b-cc88-407d-9d4827d40555,35,-76.0,-85.0,-77.0,NaN,2.7366813803964014,-0.9336205217654979,2.2302898212333226,NaN,0.1817050343968549,0.21093306091290642,0.40382700044507935,NaN,-7.140342712402344,6.412996292114258,1.007719874382019
1755133071.234222,72828ff7-3ccc-0c5d-596b-8331ba7d4f39,9b29ee37-90c1-a11e-0419-79ff70e4f346,0,-75.0,-74.0,-66.0,NaN,2.8838279548421135,-0.944092470645853,2.1398382179698716,NaN,0.1257338354974719,0.12938479632537517,0.4659724304038101,NaN,-7.039263725280762,6.513458728790283,1.0480859279632568
1755133072.232541,72828ff7-3ccc-0c5d-596b-8331ba7d4f39,efd4f3d3-e1e7-d8d2-df47-8289b25ebee6,3,-77.0,-77.0,-69.0,-75.0,2.9564949683460156,-0.9042156280635515,2.218199069884363,-2.303170420256649,0.12131703276384592,0.1441013496077474,0.5737440349746461,0.43574841492958255,-7.030714511871338,6.52730894088745,1.0374025106430054
1755133073.234642,72828ff7-3ccc-0c5d-596b-8331ba7d4f39,a32429fd-c57c-a49e-c08b-d2630f236ea8,20,-74.0,-96.0,-69.0,-88.0,2.872836556391139,-0.9344631459343992,2.2293678348639374,-2.3535310627861565,0.09712268863604524,0.168215907093765,0.5076862216375073,0.4389393479686882,-6.862298011779785,6.561927318572998,1.0679564476013184
1755133074.232963,72828ff7-3ccc-0c5d-596b-8331ba7d4f39,a00bb720-59e1-bba7-4fc0-1206d5c6e174,14,-85.0,-85.0,-70.0,-79.0,2.893763143604763,-0.9546056985231043,2.374079214808881,-2.2814653910563942,0.1255389836518406,0.1556540259032134,0.5398360354749984,0.49654834932657793,-6.956745624542236,6.50548267364502,1.0762279033660889
1755133075.212609,72828ff7-3ccc-0c5d-596b-8331ba7d4f39,30b736e9-ebef-3ac5-3f30-59586c0037d4,7,-74.0,-77.0,-68.0,-74.0,2.86812489179057,-0.9603798312405597,2.0612003973020117,-2.0307605992004607,0.10587899585265763,0.18602073687759876,0.36957585263897486,0.5065267811674277,NaN,NaN,NaN
1755133076.211952,72828ff7-3ccc-0c5d-596b-8331ba7d4f39,6f443d5d-1ea5-22dc-9343-58c5eabf0444,28,-73.0,-80.0,-67.0,-75.0,2.9196016651329297,-1.0064599749499825,2.2641263481472156,-2.378948005913764,0.12276885503210265,0.16042191649229587,0.40009071859375267,0.2859191717388063,-6.923033714294434,6.543095111846924,1.1196309328079224
1755133077.234924,72828ff7-3ccc-0c5d-596b-8331ba7d4f39,3191c413-5de2-deb0-34c5-1fae21917475,24,-76.0,NaN,-94.0,NaN,2.9179126883696016,NaN,2.5231826800235835,NaN,0.17094543082925762,NaN,0.4247824496670177,NaN,NaN,NaN,NaN
1755133078.233582,72828ff7-3ccc-0c5d-596b-8331ba7d4f39,d0b94b82-351b-8d14-9335-832a0e205829,22,-77.0,-75.0,-72.0,-75.0,2.924925856784217,-1.0462108500127234,2.298078988884636,-2.355022166680492,0.1507810902538841,0.15387716482391253,0.24452882141949922,0.3500099077157854,-6.842004776000977,6.635808944702148,1.06796395778656
1755133079.212463,72828ff7-3ccc-0c5d-596b-8331ba7d4f39,41985e93-048d-f27e-1b0b-45a8d8a2d7d4,13,-76.0,-76.0,-67.0,-78.0,2.905161473070302,-0.9763076650881055,2.1596260375013783,-2.4189918286964134,0.12264577537784895,0.11544884884801881,0.5798191714743076,0.23410317825259785,-6.77861213684082,6.6795973777771,1.083138346672058
1755133080.21218,72828ff7-3ccc-0c5d-596b-8331ba7d4f39,eafd9cf6-4542-f3b2-873e-115f54f4dddf,33,-77.0,-84.0,-71.0,-76.0,3.066803100697098,-0.9321892058376348,2.1434989992042945,-2.3678101336028345,0.12404141326948337,0.13940245985803318,0.5770343705014389,0.2912595088042013,-6.651026725769043,6.775793552398682,1.2140604257583618
1755133081.212845,72828ff7-3ccc-0c5d-596b-8331ba7d4f39,3d1235a3-bc9f-48a7-fb61-36833ff83925,8,-73.0,-86.0,NaN,-73.0,3.0522286853155305,-0.9431659569026144,NaN,-2.371461593773442,0.15278518555319603,0.20941274547036426,NaN,0.2834592764189274,-6.221766471862793,6.9104743003845215,1.2822120189666748
1755133082.235019,72828ff7-3ccc-0c5d-596b-8331ba7d4f39,a93ee3c2-13be-e640-cbd7-2a5ec7ac4e07,4,-74.0,-75.0,NaN,-75.0,3.0142184523412654,-0.9290980747603799,NaN,-2.4204448493871604,0.15820773107249042,0.21804523234104478,NaN,0.25127675563429874,-5.996953964233398,6.825425624847412,1.2725313901901245
1755133084.232634,72828ff7-3ccc-0c5d-596b-8331ba7d4f39,8d51fae5-0146-8751-59dc-ab70dc0a3660,8,NaN,-86.0,NaN,-85.0,NaN,-0.938467474949442,NaN,-2.425793009488258,NaN,0.274730116800677,NaN,0.2861070577537114,NaN,NaN,NaN
1755133085.23404,72828ff7-3ccc-0c5d-596b-8331ba7d4f39,312288be-9b24-7545-cf02-3d029953a2df,14,NaN,-80.0,NaN,-77.0,NaN,-0.9207868816304606,NaN,-2.4624144039540465,NaN,0.2782241841508609,NaN,0.2686446439070346,-6.02147626876831,6.695905685424805,1.0692020654678345
1755133086.210211,72828ff7-3ccc-0c5d-596b-8331ba7d4f39,5012174d-1ca8-4137-dc7c-87ce336dbcb9,33,NaN,-81.0,-69.0,-74.0,NaN,-0.867192628905379,2.6642908030136496,-2.4600279453012264,NaN,0.2766648700431059,1.0094338603602468,0.28996048540348796,NaN,NaN,NaN
1755133087.234491,72828ff7-3ccc-0c5d-596b-8331ba7d4f39,57f9de80-e65c-7fca-74f1-a426eb9b514a,16,NaN,-85.0,-72.0,-74.0,NaN,-0.8793379750566853,2.5964020331375677,-2.391599618988294,NaN,0.2483564663409724,0.9816188738290778,0.2666506186855946,-6.009089469909668,6.6876220703125,1.012342929840088
1755133088.212188,72828ff7-3ccc-0c5d-596b-8331ba7d4f39,840e90ae-8f45-7533-f8ec-159707fbb6c8,6,-75.0,-86.0,-67.0,-73.0,3.052863582919405,-0.9081405948781103,2.408552769855521,-2.3423977178490802,0.241809401051392,0.17328769765273916,0.6900916174667826,0.2711560713940066,NaN,NaN,NaN
1755133089.23421,72828ff7-3ccc-0c5d-596b-8331ba7d4f39,73b86947-12cd-376c-b984-61f99b7aad89,0,-90.0,-87.0,-69.0,-74.0,3.0576673928936904,-0.8530355308666266,2.368199487754204,-2.488678764940517,0.23034604052098454,0.17583612643410643,0.5145207918115186,0.19562196523955244,-6.0636568069458,6.71963119506836,0.9787999987602234
1755133090.234478,72828ff7-3ccc-0c5d-596b-8331ba7d4f39,ac089509-1ec2-0add-1c58-674dacd733bc,28,-76.0,-80.0,-66.0,-90.0,3.015173994540386,-0.8621728365666885,2.359533561567086,-2.5192212279020905,0.16085220010066867,0.07518697142874074,0.6965586381208493,0.1907200677133685,-6.007612705230713,6.778674125671387,0.980704665184021
1755133091.234715,72828ff7-3ccc-0c5d-596b-8331ba7d4f39,d4dedc67-17b9-b41a-ccd4-08679765b60b,17,-78.0,-80.0,-69.0,NaN,2.9119812959897775,-0.8224728278807684,2.32886832687926,NaN,0.17732015630679626,0.08819463249625793,0.6296532404772791,NaN,-5.60146188735962,6.858092784881592,0.9849998354911804
1755133092.235574,72828ff7-3ccc-0c5d-596b-8331ba7d4f39,f6a33598-3a80-aa9f-51b9-58e7ebd85f75,22,-79.0,-77.0,-69.0,NaN,2.9265621029579614,-0.8429203124142878,2.325546832367713,NaN,0.15706372029197643,0.07979409031176647,0.7746475147090165,NaN,-5.254868030548096,6.91410779953003,1.0900182723999023
1755133093.234909,72828ff7-3ccc-0c5d-596b-8331ba7d4f39,a238e107-87ed-6364-48de-636653e5cad3,1,-81.0,-89.0,-64.0,NaN,2.965592326629727,-0.8365985006186577,2.3047241084366017,NaN,0.16389943895420775,0.1512279853295562,0.6149242285944324,NaN,-4.872174263000488,6.996916770935059,1.1059776544570923
1755133094.234645,72828ff7-3ccc-0c5d-596b-8331ba7d4f39,688ebfa3-b3d9-e6ce-d4bb-0d4d38fa2d1b,2,-90.0,NaN,-64.0,NaN,3.0531900864690487,NaN,2.3249007494872598,NaN,0.1327911957414251,NaN,0.8137997111587073,NaN,-4.96854829788208,7.0060906410217285,0.999163269996643
1755133095.234149,72828ff7-3ccc-0c5d-596b-8331ba7d4f39,692aca4d-a134-98f8-e926-4cadf85c2af3,30,-75.0,-81.0,-69.0,NaN,3.026000277003776,-0.826292866148378,2.291440793551504,NaN,0.14729005224944014,0.21152546445263773,0.6824295032735429,NaN,-5.3994951248168945,6.965776443481445,0.9081110954284668
1755133096.212794,72828ff7-3ccc-0c5d-596b-8331ba7d4f39,6bb150c7-e09a-a96d-7d66-7df09073e747,4,-72.0,-78.0,-63.0,-93.0,2.962083878209656,-0.8490112281434079,2.223230846447959,-2.609336473919865,0.16693980352318305,0.15521841597266053,0.7131250314187689,0.547676881066896,-5.622764587402344,7.077256202697754,0.9012349247932434
1755133097.234839,72828ff7-3ccc-0c5d-596b-8331ba7d4f39,da9cb4bb-39fb-ff2b-d1a6-f30daa7fd1a9,11,-76.0,-77.0,-69.0,-68.0,2.9132798533373,-0.8746087335929226,2.1782985251683598,-2.5075627075980504,0.2225396995099602,0.19031803025730742,0.6032561209104682,0.36529631921478567,-5.667822360992432,7.162878513336182,1.0297067165374756
1755133098.213541,72828ff7-3ccc-0c5d-596b-8331ba7d4f39,927be35e-76f3-53f2-01e2-1db7b307e727,25,-74.0,-82.0,-75.0,-79.0,2.962185610963297,-0.8472029417632442,2.20034843372978,-2.4213489925772427,0.18478353210368884,0.2768862120192051,0.6309054588218344,0.38932675409987044,NaN,NaN,NaN
1755133099.21394,72828ff7-3ccc-0c5d-596b-8331ba7d4f39,4b96c41f-507f-3288-372c-dca180c570db,3,-73.0,-76.0,-70.0,-70.0,2.9337973790074887,-0.8872371771659693,2.1727868469763316,-2.3592384833183053,0.18513936371483702,0.27532375205241244,0.6192027966227264,0.2087786967490868,-5.73810863494873,7.102108478546143,1.0935540199279785
1755133100.197634,72828ff7-3ccc-0c5d-596b-8331ba7d4f39,66a7f766-63f1-40f1-a8ae-ab428e2151eb,13,-79.0,NaN,-68.0,-68.0,2.9652881936332394,NaN,2.112800741318951,-2.3675344964300113,0.11626388433250233,NaN,0.5435247466113534,0.18737780054531908,-5.731088161468506,7.017226696014404,1.1430044174194336
1755133101.235021,72828ff7-3ccc-0c5d-596b-8331ba7d4f39,7de0049d-ab1b-3605-ad0e-9bb6030b035e,5,-74.0,-81.0,-68.0,-69.0,2.955854211787743,-0.9146825169378354,2.1291999546794407,-2.3633999388376634,0.07912910730995211,0.21784371427030985,0.492721653156243,0.20568227263916533,-5.74599552154541,6.944918155670166,1.1747233867645264
1755133102.234392,72828ff7-3ccc-0c5d-596b-8331ba7d4f39,bc0aeb97-1a62-2503-ba5e-380d78666af1,25,-76.0,-86.0,-73.0,-80.0,2.9612812014571057,-0.9004954583368199,2.142381536810897,-2.0587100753666787,0.08482275430583817,0.30548458402977785,0.5469107562003075,0.2289878117202873,NaN,NaN,NaN
1755133103.235569,72828ff7-3ccc-0c5d-596b-8331ba7d4f39,e3e02a9d-03f1-7719-b1ef-033f82d06be2,26,-78.0,-83.0,-72.0,-89.0,2.9857135739297114,-0.9306724024387801,2.135116433357161,-1.4651037189290312,0.10854099180975994,0.2688177327331329,0.5703349890422629,0.2549737558595468,-6.163350582122803,6.826242446899414,1.1885877847671509
1755133104.234124,72828ff7-3ccc-0c5d-596b-8331ba7d4f39,8af906de-9e32-0f03-ecfd-d32eb9fc2b56,5,-75.0,-82.0,-67.0,-69.0,2.9750960832957833,-0.9399422004030735,2.121375587396788,-0.22144610569783277,0.14181820496046565,0.30328717652483983,0.6717286556974956,0.2690166042875346,NaN,NaN,NaN
1755133105.233664,72828ff7-3ccc-0c5d-596b-8331ba7d4f39,a6492154-5d40-2f8c-2188-ae3fd169c308,1,-69.0,-92.0,-64.0,-76.0,2.9679130052036213,-0.9094768359550576,2.1150681566710445,-0.8090595507344752,0.13779089785864215,0.3755583777117289,0.6480189985657108,0.22152288796101113,-6.498515605926514,6.774346828460693,1.1875085830688477
1755133106.233117,72828ff7-3ccc-0c5d-596b-8331ba7d4f39,49c91ec7-cad3-c3bb-59df-3a67d62b3cc6,29,-75.0,-82.0,-69.0,-76.0,2.881251080171353,-0.8845135623191454,2.1487896350258455,-0.11731517549518954,0.13892401464582202,0.46584067050887834,0.6354295703026337,0.17749078170888627,NaN,NaN,NaN
1755133107.23481,72828ff7-3ccc-0c5d-596b-8331ba7d4f39,c8d3bc40-a827-babf-f439-62ec4af04258,8,-86.0,-79.0,-63.0,-79.0,2.8702383764316575,-0.9298731877956473,2.087823486087316,-0.28007133603818307,0.14551239222181225,0.3303563115032186,0.5918422785315793,0.1662958178820883,-6.898186683654785,6.613675594329834,1.1980795860290527
1755133108.234006,72828ff7-3ccc-0c5d-596b-8331ba7d4f39,01e9a0ae-a6ae-9c12-2a3f-71b7b98f7762,23,-76.0,-85.0,-70.0,-74.0,2.859272011694929,-0.9720569936722301,2.1041342824996154,-0.20221355525360754,0.15983994921508635,0.20783477259022184,0.5053022264086956,0.18118030843832525,NaN,NaN,NaN
1755133109.23594,72828ff7-3ccc-0c5d-596b-8331ba7d4f39,75a7a3be-7cdc-c8d0-b8df-23ea3cb3cadd,32,-70.0,-82.0,-71.0,-75.0,2.912573583016211,-0.9406298285965319,2.1613906480396645,0.014342986682839754,0.1550398177320571,0.16612812195719734,0.5364233942751435,0.26771891246736623,-6.89563226699829,6.47632646560669,1.2948007583618164
1755133110.213393,72828ff7-3ccc-0c5d-596b-8331ba7d4f39,3c962be6-f31a-e85b-ae3e-e699d73f278f,31,-76.0,-78.0,-73.0,-94.0,2.9103013739741552,-0.8279922292399575,2.1713530010454334,0.16304378194072214,0.1513339957856982,0.11452072056336937,0.7732521514558693,0.29095457685938725,-6.87968873977661,6.361231327056885,1.31312370300293
1755133111.234391,72828ff7-3ccc-0c5d-596b-8331ba7d4f39,22fa2c67-97ee-2b5f-def8-30d1000aa49f,17,-78.0,-87.0,-70.0,-79.0,2.9180309327220018,-0.9987442646398051,2.15538149135601,-1.4592591456007429,0.18715707442522195,0.2098313943937247,0.8761481738610429,0.48829727705826714,-6.835996627807617,6.3719048500061035,1.2698193788528442
1755133112.235889,72828ff7-3ccc-0c5d-596b-8331ba7d4f39,c7bc4049-8d65-65bd-77ad-780c2405aaa2,1,-73.0,-85.0,-65.0,-80.0,2.9435195148829316,-0.886348746626319,2.1667175028520416,-0.350011272585844,0.15481314943377772,0.15097498502599874,0.7981316020964714,0.5295654215730532,-6.86353349685669,6.333799362182617,1.3067758083343506
1755133113.235197,72828ff7-3ccc-0c5d-596b-8331ba7d4f39,3fde6a49-4b83-b811-a680-09d70592572a,16,-73.0,-83.0,-68.0,-72.0,2.950047455346934,-0.89771431921045,2.1457834587873643,-2.260618964991581,0.17664321404721173,0.20328675923863904,0.7724926179129787,0.5456400621756898,NaN,NaN,NaN
1755133114.234072,72828ff7-3ccc-0c5d-596b-8331ba7d4f39,a81ff2fa-ff76-ad34-7e9b-6fcab8ed7ce6,10,-77.0,-84.0,-66.0,-75.0,2.9424718273100945,-0.8831167343273988,2.170241397606434,-2.32753408317313,0.15524020395932878,0.17822250186314237,0.766559827373582,0.34088701637512353,-6.873981475830078,6.31805658340454,1.296316146850586
1755133115.236399,72828ff7-3ccc-0c5d-596b-8331ba7d4f39,52f01474-9fd6-fc48-2893-753b41a630ab,10,-75.0,-84.0,-67.0,NaN,2.9911155298848278,-0.8932532580684582,2.166475155192844,NaN,0.12152422669665411,0.13919964349626682,0.7923288403972977,NaN,-6.887823581695557,6.3013105392456055,1.2854219675064087
1755133116.236559,72828ff7-3ccc-0c5d-596b-8331ba7d4f39,dea1da7a-487b-e881-497d-eb57b7ad3c3c,23,-77.0,-85.0,-70.0,NaN,2.9832805099578152,-0.965222922840923,2.1544877344941793,NaN,0.15505341649837334,0.1061218095650456,0.777886784121907,NaN,-6.898500442504883,6.282942295074463,1.2543890476226807
1755133117.235816,72828ff7-3ccc-0c5d-596b-8331ba7d4f39,5f3e6ea2-07db-3bf3-0a96-85e533e0dd42,20,-79.0,-79.0,-71.0,NaN,2.9228842774925616,-0.9553501852058359,2.178073221740139,NaN,0.17163695389581035,0.08203638040345072,0.8277787102995605,NaN,-6.917619228363037,6.260753631591797,1.2284786701202393
