create_time,idppe,idbeacon,bluetooth_channel,rssi_1,rssi_2,rssi_3,rssi_4,az_1,az_2,az_3,az_4,el_1,el_2,el_3,el_4,x,y,z
1761083705.199441,2c08d2cc-7a1c-9d34-25ea-6265acb43d72,2703f3fb-b956-3df4-e858-6ce65b27518e,31,-69.0,-69.0,NaN,-47.0,2.3632076586069592,-0.9565576624440778,NaN,2.124532498552968,0.5003141589764908,0.24165006079442128,NaN,1.2511655969763493,-1.5745917558670044,4.655359268188477,1.2215732336044312
1761083706.199519,2c08d2cc-7a1c-9d34-25ea-6265acb43d72,83afa42c-5014-3476-83e7-1e5057b6ddbe,34,-74.0,-77.0,NaN,-49.0,2.3606925692734886,-0.9389309981371704,NaN,2.0934432886196013,0.5617900369476618,0.307045396165646,NaN,1.2538651102153082,-1.615132451057434,4.64069366455078,1.2357778549194336
1761083708.197342,2c08d2cc-7a1c-9d34-25ea-6265acb43d72,4278f0ef-103d-4e89-eae7-17f3b16e01e3,12,-65.0,-65.0,NaN,-43.0,2.3348828098850944,-0.8779539302381711,NaN,2.0361826620218073,0.4410713082898375,0.27647212375921143,NaN,1.3102534183980465,-1.6781436204910278,4.6257061958313,1.2616956233978271
1761083709.198606,2c08d2cc-7a1c-9d34-25ea-6265acb43d72,7f323bb5-096e-7038-ff02-182de74260d1,14,-65.0,-67.0,NaN,-44.0,2.356874128902533,-0.8404507631354573,NaN,2.018181823581744,0.4190384772489076,0.24803775253751717,NaN,1.2949905758746934,NaN,NaN,NaN
1761083710.188329,2c08d2cc-7a1c-9d34-25ea-6265acb43d72,4f638098-4fc4-85fc-478c-b9c0ffba9424,28,-73.0,-72.0,-80.0,-43.0,2.3466481229488467,-0.8556550161148286,1.0409045015407405,2.123353783454499,0.3747339961962949,0.2856464307536686,0.3890749189292898,1.3581283995241284,-1.887386679649353,4.634275436401367,1.2497084140777588
1761083712.197943,2c08d2cc-7a1c-9d34-25ea-6265acb43d72,3bb637fc-04f8-0829-6619-5e97d382d89c,7,-70.0,-70.0,-70.0,-41.0,2.294623803686367,-0.8560315870929658,1.036120132642413,2.0413353460988928,0.3725569285841823,0.18366626944737333,0.27991297782186425,1.3208064605335945,-2.3199574947357178,4.625766277313232,1.1837553977966309
1761083713.199245,2c08d2cc-7a1c-9d34-25ea-6265acb43d72,02604f5e-dd72-0d54-b49f-69a6055f8b12,22,-75.0,-67.0,-79.0,-44.0,2.284810055069425,-0.8464516640197328,1.0388551990819244,2.054137161458904,0.4111603474017488,0.21768299249852355,0.28965601951186465,1.358262223368905,-2.532151222229004,4.61159372329712,1.148086428642273
1761083714.201961,2c08d2cc-7a1c-9d34-25ea-6265acb43d72,c613d9c2-a72a-4165-5f88-e396eeae9fe8,7,-75.0,-68.0,NaN,-42.0,2.3326377650861576,-0.8580428063481936,NaN,1.9588828134856036,0.3516966873712143,0.19634935775703713,NaN,1.379525833618479,-2.73826789855957,4.595576763153076,1.1190038919448853
1761083715.201165,2c08d2cc-7a1c-9d34-25ea-6265acb43d72,8b85c7c5-fcc5-1eba-3cdd-98f7158af9de,25,-69.0,-70.0,NaN,-43.0,2.301038293487932,-0.8786609995075871,NaN,2.076331945983624,0.38162708933526057,0.21140633792812713,NaN,1.3024917685590651,-2.934018135070801,4.577514171600342,1.0973823070526123
1761083717.200611,2c08d2cc-7a1c-9d34-25ea-6265acb43d72,f68883d5-b8a6-1b3a-7292-9c8931d66725,14,-72.0,-70.0,NaN,-43.0,2.3039869454468676,-0.879696702855519,NaN,1.9808624145942455,0.22087602277698767,0.21340395841703874,NaN,1.2810787549723375,-3.3234565258026123,4.537253379821777,1.053053379058838
1761083718.201103,2c08d2cc-7a1c-9d34-25ea-6265acb43d72,9f6c44ac-cb8f-5c18-7c1e-756b9cf16d8b,25,-77.0,-69.0,NaN,-45.0,2.277279168138899,-0.9023058752458556,NaN,1.8797475143261169,0.196174204981094,0.20014261461093466,NaN,1.2656233659021716,NaN,NaN,NaN
1761083719.198965,2c08d2cc-7a1c-9d34-25ea-6265acb43d72,86b21a42-6060-fbb9-e0f9-caefd82a876e,20,-74.0,-67.0,-76.0,-45.0,2.2825751302826305,-0.8877141493172025,1.0050434395661694,1.8032226456671259,0.17967780288557297,0.22012401266417653,0.5145259183966169,1.3090379516765343,-3.508143901824951,4.529252529144287,1.04155158996582
1761083721.199415,2c08d2cc-7a1c-9d34-25ea-6265acb43d72,27ee245f-edbf-a6b9-7296-7dc7563271c5,0,-69.0,-66.0,-66.0,-42.0,2.239373863711583,-0.8412222809032532,1.01044166709576,1.6621209142636757,0.14663201843359516,0.19450630047989095,0.4361049123310033,1.399949616018297,-3.6793363094329834,4.503063678741455,1.0436302423477173
1761083722.200389,2c08d2cc-7a1c-9d34-25ea-6265acb43d72,947fe0a0-a647-015e-eebd-ee2dc6ebb6eb,3,-75.0,-64.0,NaN,-41.0,2.2954089035757224,-0.8317531453313676,NaN,1.6479518320000182,0.19125013663883514,0.14616431741190683,NaN,1.5068390484780445,-3.6637818813323975,4.485023498535156,1.055984377861023
1761083723.200379,2c08d2cc-7a1c-9d34-25ea-6265acb43d72,ee8d80d0-b79c-bf1a-311c-db59f3ff9e5f,27,NaN,-67.0,-78.0,-45.0,NaN,-0.8661044612839726,1.0784880961083747,1.6452945298643373,NaN,0.12562516188023987,0.36339019495407504,1.4240746597011067,-3.6503021717071533,4.425209999084473,1.0670452117919922
1761083724.197937,2c08d2cc-7a1c-9d34-25ea-6265acb43d72,d5cafcf4-c544-3118-d164-3e51b42903a5,18,-67.0,-67.0,-69.0,-44.0,2.157838523777717,-0.8352517400554046,1.1030706708664602,1.7304970426192423,0.19531803198014713,0.1435923695891628,0.3499235547174395,1.3348180168187742,NaN,NaN,NaN
1761083726.200926,2c08d2cc-7a1c-9d34-25ea-6265acb43d72,aa4860f3-3bd7-e6ab-064d-5644e40f0306,14,-68.0,-67.0,-70.0,-45.0,2.070254612376063,-0.8345934066339371,1.1441078527357091,1.9211303745048582,0.25287313761547636,0.12272860801012882,0.30289928711206976,1.391594081256228,-3.6359896659851074,4.320451736450195,1.0943890810012817
1761083727.188533,2c08d2cc-7a1c-9d34-25ea-6265acb43d72,48ae7b24-7e37-5e03-940c-73b7e4607f5d,0,-66.0,-69.0,-69.0,-41.0,2.390558323002073,-0.8244382407652467,1.1687876328735827,1.9063839189168712,0.27875598413103614,0.11387279011490994,0.3056311910477867,1.42056927391629,-3.6583380699157715,4.272084712982178,1.1100982427597046
1761083728.198951,2c08d2cc-7a1c-9d34-25ea-6265acb43d72,092f4232-9ffa-2458-c478-d929b6fb1006,7,-65.0,-67.0,-68.0,-41.0,2.4379498072322514,-0.8258672930061834,1.1209391502003467,1.9057586086929208,0.3957729022288936,0.1361017962596378,0.3425491950799829,1.3482628524239844,-3.6766514778137207,4.248205661773682,1.124311089515686
1761083730.189191,2c08d2cc-7a1c-9d34-25ea-6265acb43d72,141314fa-3ec3-24e3-394c-671c56ad2405,31,-85.0,-71.0,-73.0,-46.0,2.622651746738043,-0.8503270960380162,1.1447518050872902,2.0714333274745322,0.284162650552331,0.17834162838765297,0.4232041938260096,1.3511847396139651,-3.72978949546814,4.214354515075684,1.1353726387023926
1761083731.201838,2c08d2cc-7a1c-9d34-25ea-6265acb43d72,9dabc0c6-c984-c0c1-e69e-0cdeae859dd1,15,-69.0,-68.0,-75.0,-45.0,2.6127527769662184,-0.8872297203149171,1.0972980028876043,2.095328806671377,0.3347438361096105,0.13464117723740543,0.4494583349317968,1.2954527674818765,-3.769813299179077,4.188721656799316,1.1332355737686157
1761083732.20277,2c08d2cc-7a1c-9d34-25ea-6265acb43d72,d1516d52-056c-0116-deb2-449b2ed18db4,30,-75.0,-69.0,-72.0,-44.0,2.7312219001617395,-0.9097795042129451,1.1393935249740508,2.1689737329275562,0.40776045608561273,0.13982060111631087,0.4838945058546345,1.3394997208570787,-3.810871124267578,4.166430473327637,1.1220433712005615
1761083734.198304,2c08d2cc-7a1c-9d34-25ea-6265acb43d72,e8694722-67b6-1c2a-f71a-6659e7f0e071,18,-69.0,-69.0,NaN,-44.0,2.614209526082492,-0.9261506212239345,NaN,2.09731179641905,0.36848472225085577,0.16939255824238925,NaN,1.3588341372129995,-3.895352840423584,4.1553497314453125,1.0785101652145386
1761083735.188156,2c08d2cc-7a1c-9d34-25ea-6265acb43d72,f480e4bf-1de6-3b63-155f-6f4d9b40f83c,33,-75.0,NaN,-76.0,-48.0,2.565655838352603,NaN,1.1582100896560055,2.111623624117136,0.428472392515377,NaN,0.4749147594225645,1.2218849397392553,-3.9445672035217285,4.134203910827637,1.035907506942749
1761083736.187282,2c08d2cc-7a1c-9d34-25ea-6265acb43d72,eae7b3c9-60aa-6dba-92e0-b580c0198d5f,16,-66.0,NaN,-76.0,-44.0,2.571739030914562,NaN,1.1688273139738246,2.0813765057204523,0.44842193250407886,NaN,0.29632304356379624,1.3429296060249918,-3.97827935218811,4.163939476013184,1.0236780643463135
1761083737.202104,2c08d2cc-7a1c-9d34-25ea-6265acb43d72,89dd7d07-c78d-9fa0-27ac-9f39d1c2288f,25,NaN,NaN,-72.0,-44.0,NaN,NaN,1.1529154590928192,2.0890639865230747,NaN,NaN,0.29177030310127855,1.317508534997695,-3.9795730113983154,4.15441083908081,1.0029215812683105
1761083739.201639,2c08d2cc-7a1c-9d34-25ea-6265acb43d72,af35d300-c5ea-87fe-55fc-edd6b32e6a5f,21,NaN,NaN,-78.0,-43.0,NaN,NaN,1.1464647503004293,2.0860290481448205,NaN,NaN,0.27441611346339984,1.321633638368173,NaN,NaN,NaN
1761083740.189047,2c08d2cc-7a1c-9d34-25ea-6265acb43d72,2dbb7c95-0038-43b8-cd4e-01592cbf0cd5,10,NaN,-62.0,-80.0,-44.0,NaN,-2.2457089913126635,1.1279429975511461,2.042262658790458,NaN,0.2625349029579589,0.2142909741523601,1.3179542150061196,-3.975445032119751,4.095873832702637,1.0054435729980469
1761083741.188879,2c08d2cc-7a1c-9d34-25ea-6265acb43d72,cfea9f4e-a928-fabd-4882-bdb817582c22,27,-72.0,-70.0,-72.0,-47.0,0.9354989824403852,-2.2334707008393133,1.126383716732905,2.220582599059984,0.8735636426021482,0.1544082490795448,0.19683526814267888,1.2874921795094667,NaN,NaN,NaN
1761083743.198143,2c08d2cc-7a1c-9d34-25ea-6265acb43d72,f3cc74e4-1c68-9018-8d8b-e57fa4e0fcdc,26,-73.0,-68.0,-68.0,-48.0,0.8359742556591431,-2.2095749553263597,1.1376587418399733,2.150683142560892,0.9335125305832952,0.14383168790262008,0.2955751946401884,1.2458465984891887,-3.959733009338379,4.0449018478393555,1.1073776483535767
1761083744.197996,2c08d2cc-7a1c-9d34-25ea-6265acb43d72,55aedb6f-42e8-f9c3-1b0f-49902c7634e5,29,-69.0,-68.0,NaN,-46.0,0.8738723695515157,-2.200634723546963,NaN,2.1189707529324466,0.9657178713295144,0.18701769123166992,NaN,1.4567796094678247,-3.95477843284607,4.016757488250732,1.1660019159317017
1761083745.198983,2c08d2cc-7a1c-9d34-25ea-6265acb43d72,005b3c8b-77fc-1db6-10f7-b54d35de1a42,0,-74.0,-64.0,NaN,-41.0,0.8959542360460166,-2.182966247610942,NaN,1.9989756384323105,0.831023772087822,0.12422511312804999,NaN,1.2476002900670056,-3.946986198425293,3.99630856513977,1.235250473022461
1761083746.199526,2c08d2cc-7a1c-9d34-25ea-6265acb43d72,d5097614-1d8c-fed5-2eda-356b8d85e45c,30,-69.0,-68.0,NaN,-43.0,0.9189311909828933,-2.1243783015258524,NaN,2.027093293221367,0.9783295369876938,0.1400980026333562,NaN,1.3521245691626538,-3.9388670921325684,3.975733518600464,1.304494023323059
1761083748.199098,2c08d2cc-7a1c-9d34-25ea-6265acb43d72,5c7075be-a9f9-eb84-91eb-5dc5573cc248,15,-63.0,-69.0,NaN,-43.0,0.9405115842441324,-2.1278964704839014,NaN,2.0054029114071077,0.8770107717381196,0.1219750915468261,NaN,1.381672075140974,-3.90381908416748,3.9485177993774414,1.4596154689788818
1761083749.189655,2c08d2cc-7a1c-9d34-25ea-6265acb43d72,8934e772-35d3-df7a-e89f-0806743500d6,34,NaN,-69.0,-74.0,-46.0,NaN,-2.1560550047956912,1.059842240052294,2.029392666506541,NaN,0.13436960970762302,0.15722630627652573,1.31780787430422,-3.8789520263671875,3.98581600189209,1.5286184549331665
1761083750.202157,2c08d2cc-7a1c-9d34-25ea-6265acb43d72,8cfda0d9-3950-be16-80b3-8e4e4fb70a24,18,NaN,-69.0,-85.0,-42.0,NaN,-2.1180492991952793,1.0812348804566825,2.0996931950657993,NaN,0.13573391384455702,0.19204868549169543,1.2854861534183641,-3.856419086456299,4.026209354400635,1.5975308418273926
1761083752.198061,2c08d2cc-7a1c-9d34-25ea-6265acb43d72,51875822-4511-213a-df87-715796c419a8,14,NaN,-67.0,-70.0,-41.0,NaN,-2.161866554926462,1.0748891002112415,2.1018668671475216,NaN,0.08269043612241739,0.18857291072924892,1.3275193575353028,-3.831214189529419,4.065176963806152,1.637776255607605
1761083753.201834,2c08d2cc-7a1c-9d34-25ea-6265acb43d72,b5957684-9ec2-82bf-4db8-a2f9a6f2a943,17,NaN,NaN,-74.0,-44.0,NaN,NaN,1.1261869091283478,2.079734400592309,NaN,NaN,0.15417420715399727,1.2427642558435312,NaN,NaN,NaN
1761083754.201147,2c08d2cc-7a1c-9d34-25ea-6265acb43d72,96b61b31-dd14-a019-f116-6dc4f3e4f224,27,-74.0,NaN,-77.0,-42.0,2.2495066590271167,NaN,1.1849170680156473,2.17257805514687,0.5340690600029726,NaN,0.16321973366499232,1.4766537154186503,-3.838803768157959,4.055511474609375,1.5749366283416748
1761083755.189317,2c08d2cc-7a1c-9d34-25ea-6265acb43d72,4a4b411c-19e6-3cb9-b879-f651db1ec797,4,-63.0,NaN,-73.0,-39.0,2.2638014424942257,NaN,1.1947358766386602,2.2676518407982624,0.5493280076532315,NaN,0.1631324152707513,1.4581549990127962,-3.856339454650879,4.04580307006836,1.5077412128448486
1761083757.202739,2c08d2cc-7a1c-9d34-25ea-6265acb43d72,2b857702-d576-8f46-12ee-e8e9b2ff94b0,22,-67.0,NaN,NaN,-43.0,2.223333644466036,NaN,NaN,2.068057504476748,0.47410788819129773,NaN,NaN,1.4246713409433387,NaN,NaN,NaN
1761083758.201393,2c08d2cc-7a1c-9d34-25ea-6265acb43d72,e9ca96eb-60a8-4253-bd2e-b74758ae196a,7,-62.0,-70.0,NaN,-40.0,2.259938793649175,-1.913867934212212,NaN,2.115381877047456,0.4517362697701961,0.5898557600954619,NaN,1.4802067717869793,-3.8711612224578857,4.028809070587158,1.3553497791290283
1761083759.203187,2c08d2cc-7a1c-9d34-25ea-6265acb43d72,7b4c0ccc-9744-9c40-8d9b-54758f8dba5a,27,NaN,-71.0,NaN,-43.0,NaN,-1.9169179194506254,NaN,2.113208737597951,NaN,0.5416011120664757,NaN,1.4810334169893398,-3.86884880065918,4.022042274475098,1.2703604698181152
1761083761.200305,2c08d2cc-7a1c-9d34-25ea-6265acb43d72,53382886-c80a-1fe7-fc37-8b1b866bbe4a,35,NaN,-69.0,-77.0,-45.0,NaN,-1.9903363438560933,1.2226668438353026,1.9083232328226671,NaN,0.5826873293892957,0.2745399837436021,1.4756940453198397,-3.880993127822876,3.9755139350891113,1.184096097946167
1761083762.201708,2c08d2cc-7a1c-9d34-25ea-6265acb43d72,f6fbfb8a-b66d-8bb6-7f4d-62db2dc7b312,22,NaN,-73.0,-71.0,-43.0,NaN,-1.9550525220477972,1.1551730207488793,2.0748757294995688,NaN,0.47197596115966206,0.2609479419091375,1.4937465490850514,-3.9053359031677246,3.924983263015747,1.0968140363693237
1761083763.200146,2c08d2cc-7a1c-9d34-25ea-6265acb43d72,04ddcdb8-5dc3-54f4-deec-ab1de55cddf0,23,-74.0,-84.0,-77.0,-47.0,2.149332387256004,-1.9907490006670012,1.151373222505554,2.308001927106271,0.4230600835215226,0.5024266782216825,0.30981641527987347,1.4595309211899856,NaN,NaN,NaN
1761083765.202422,2c08d2cc-7a1c-9d34-25ea-6265acb43d72,cdcec956-d034-0d4a-5643-978131afb21b,27,-71.0,-68.0,-71.0,-47.0,2.2712135524401345,-2.0856910930024894,1.1485404180540368,1.8907351843515658,0.47466132635532976,0.35602302585156165,0.19818344351026107,1.3381178065674368,-3.9001097679138184,3.9048259258270264,0.9292662739753723
1761083766.20003,2c08d2cc-7a1c-9d34-25ea-6265acb43d72,8982cb3a-715e-b646-64da-ae8a66bf2fb4,27,-68.0,-70.0,NaN,-47.0,2.3332604121490186,-2.1364480139022004,NaN,1.8066362855523894,0.564469243583309,0.37992662768973134,NaN,1.4223992650593378,-3.893372058868408,3.9624643325805664,0.8263980150222778
1761083767.199766,2c08d2cc-7a1c-9d34-25ea-6265acb43d72,ab920ab3-9b25-781f-8933-20569231f2e0,3,-63.0,-70.0,NaN,-43.0,2.285718193001142,-2.0747577514632782,NaN,1.7726847100794054,0.5968094734387406,0.41649326090560523,NaN,1.362593322249701,-3.8392770290374756,4.072104454040527,0.7611594796180725
1761083768.200292,2c08d2cc-7a1c-9d34-25ea-6265acb43d72,db278127-86e0-5706-4217-8cce88cb5952,21,-74.0,-69.0,NaN,-47.0,2.2912234796065536,-2.0890436133407357,NaN,1.6241239970948613,0.5298506461258008,0.3937146116013986,NaN,1.3342929746098648,-3.765913486480713,4.194255828857422,0.7051082253456116
1761083770.202639,2c08d2cc-7a1c-9d34-25ea-6265acb43d72,7e63d480-0bd7-3693-20fc-60b30cbd4304,18,-77.0,-73.0,NaN,-45.0,2.2768328223402015,-2.164117991312015,NaN,1.6077737858984287,0.5005387300354117,0.26965865913683906,NaN,1.3313774790065005,-3.6985929012298584,4.306519031524658,0.675490379333496
1761083771.189442,2c08d2cc-7a1c-9d34-25ea-6265acb43d72,485ed67e-e5d2-a24b-32eb-88f69b29f129,19,NaN,-73.0,-72.0,-45.0,NaN,-2.181310160887076,2.162313167041268,1.5804364373087654,NaN,0.17805330791013824,0.29454138879453323,1.3372807750368247,-3.6487925052642822,4.414710998535156,0.6626144647598267
1761083772.190221,2c08d2cc-7a1c-9d34-25ea-6265acb43d72,99c4021f-195d-244f-dd89-e1b8bad738ee,20,NaN,-76.0,-69.0,-46.0,NaN,-2.1825199018122445,1.2257316096177657,1.5579678798239849,NaN,0.19131523428273078,0.32132609816849156,1.3474725593705035,-3.603699207305908,4.521509170532227,0.6499127745628357
1761083774.20272,2c08d2cc-7a1c-9d34-25ea-6265acb43d72,71c163d4-8f73-c872-caab-3241f853ef23,6,NaN,-69.0,-66.0,-42.0,NaN,-2.1474255639155073,1.2116474821928818,1.5367925533645468,NaN,0.18172830376687948,0.30791345352295735,1.3641528693840514,-3.4858720302581787,4.77117681503296,0.6124457716941833
1761083775.18942,2c08d2cc-7a1c-9d34-25ea-6265acb43d72,f9036c90-ca87-21fd-fe26-721d266ebaf5,27,NaN,-69.0,-71.0,-48.0,NaN,-2.199368124132522,1.140409787246025,1.5734056920309563,NaN,0.1647810950778353,0.23026914174450847,1.2372958540192167,NaN,NaN,NaN
1761083776.189599,2c08d2cc-7a1c-9d34-25ea-6265acb43d72,73b786cc-d1c8-6709-350d-c2c180ec9e5b,3,-65.0,-68.0,-68.0,-44.0,1.1412329703389685,-2.1789777644043844,1.1855064255648815,1.6326924515860823,1.0477108089176832,0.18428350696426965,0.20431578803908884,1.2771082481031384,-3.4855458736419678,4.836082458496094,0.611436128616333
1761083777.202705,2c08d2cc-7a1c-9d34-25ea-6265acb43d72,094befc2-23db-97d5-7eef-10622f924e6a,34,-85.0,-70.0,-78.0,-48.0,1.1816562935769543,-2.167175566559535,1.1485204443458612,1.583080956271214,1.0950233304215404,0.22133360378653372,0.2222185888615239,1.3338796520086844,-3.452397108078003,4.857171058654785,0.591562271118164
1761083779.198463,2c08d2cc-7a1c-9d34-25ea-6265acb43d72,498ddd5b-8b9b-e4df-5977-6aa3d237514c,5,-65.0,-69.0,-72.0,-43.0,1.2947847135224302,-2.2379437462062106,1.163200054590487,1.6270662574671806,1.07288354017333,0.11102247537922537,0.2212390282783223,1.2607495147912178,-3.439791679382324,4.77282428741455,0.7506815791130066
1761083780.199872,2c08d2cc-7a1c-9d34-25ea-6265acb43d72,ba352480-2ef4-5c9f-093c-7c3e25751a8c,5,-73.0,-65.0,-78.0,-42.0,1.30183143776678,-2.1351012533389477,1.1784269444391242,1.742966495475211,1.032481455645038,0.11940699698528429,0.23709568914573584,1.268991732048904,-3.465947151184082,4.70239019393921,0.8761586546897888
1761083781.18906,2c08d2cc-7a1c-9d34-25ea-6265acb43d72,9525f76c-8a3b-c686-b596-7a13901fbdf7,24,-81.0,-75.0,-75.0,-48.0,1.1873288266988231,-2.1234017203541202,1.2599737359656775,1.6903376386452833,1.04624800110993,0.11344883151412612,0.25988955175766953,1.3282195025858843,-3.6068410873413086,4.734323024749756,1.004088044166565
1761083783.200534,2c08d2cc-7a1c-9d34-25ea-6265acb43d72,038ef68e-b5b5-9dbd-4b42-53d0498a5a72,34,-75.0,-71.0,-81.0,-49.0,1.001769615638135,-2.156079639035774,1.2152850939258208,1.544996687418645,0.9904101683245111,0.1289740869510145,0.3049451940404959,1.31315027187378,-3.758134603500366,4.704514503479004,1.2599695920944214
1761083784.202333,2c08d2cc-7a1c-9d34-25ea-6265acb43d72,e94fa72c-4bca-3ba1-fee8-f55af8a91329,28,-74.0,-69.0,-76.0,-46.0,1.1075266720023806,-2.0857997499749645,1.0772611777941752,1.4051003027245645,1.0760908516531398,0.13878508086070396,0.3954144074566553,1.4681363936203584,-3.832188367843628,4.69035005569458,0.843974471092224
1761083785.190174,2c08d2cc-7a1c-9d34-25ea-6265acb43d72,2f2a342c-3766-d20a-754e-6fd3899d3ce7,35,-75.0,-83.0,-73.0,-50.0,1.159055376985997,-2.215983586173526,1.1198890657825284,1.4129001689251885,1.2266289617470678,0.12488752451493675,0.42302030255273954,1.3415717933432152,-3.847217321395874,4.668659687042236,0.7492282390594482
1761083786.20055,2c08d2cc-7a1c-9d34-25ea-6265acb43d72,6bfb35f5-f30f-2dc3-2cbb-9579470911d7,11,-62.0,-71.0,-75.0,-41.0,1.0937506723156187,-2.2267274438011784,1.1116905243667194,1.7813309288744565,1.0775860168681377,0.14605253122515077,0.23672632534729868,1.3997452184046333,-3.85819149017334,4.64267635345459,0.840238869190216
1761083788.202905,2c08d2cc-7a1c-9d34-25ea-6265acb43d72,43e42aca-bd18-e605-d4fc-e8e0305b8f3c,28,-71.0,NaN,-72.0,-48.0,1.133953219499237,NaN,1.0576198321226227,1.4357990932421258,0.9975331921340916,NaN,0.3163432239004124,1.352032956421155,-3.8560023307800293,4.492929458618164,-0.9005496501922607
1761083789.190928,2c08d2cc-7a1c-9d34-25ea-6265acb43d72,64e433dd-fbc4-92ed-881a-5099506ab55b,2,-69.0,NaN,-64.0,-39.0,1.08545545815224,NaN,1.087469606884667,1.5221169378615562,0.9190904480160801,NaN,0.23095893375635262,1.4293786113281084,-3.8474085330963135,4.40977954864502,-2.8016796112060547
1761083790.201889,2c08d2cc-7a1c-9d34-25ea-6265acb43d72,cba59525-ff06-ead0-1d08-8b2909982c37,0,-70.0,NaN,-75.0,-40.0,1.1314884639103688,NaN,1.0787149974332495,1.9575975719435315,0.9857340569244954,NaN,0.4696471266549286,1.3904150998416496,-3.8406240940094,4.36685037612915,-8.457923889160156
1761083792.20163,2c08d2cc-7a1c-9d34-25ea-6265acb43d72,75bb9d80-503a-177a-3a19-deab7ca08006,20,-65.0,-68.0,-74.0,-46.0,1.0189549941524165,-2.1218136773961063,1.1896119547013477,2.0699201193431493,0.8573756179161015,0.1665603030678468,0.3149964300476457,1.2435920994683822,-3.759472370147705,4.20935297012329,-13.567427635192871
1761083793.19055,2c08d2cc-7a1c-9d34-25ea-6265acb43d72,6dff9766-bf51-548b-6273-093b1c005cc3,10,-75.0,-66.0,-69.0,-42.0,1.0139168260022045,-2.1099666052868886,1.163734551021266,2.1341694132735287,0.7745447166909394,0.1660970461962275,0.26303750803468406,1.2526174192446062,-3.7419915199279785,4.110931873321533,-18.20160675048828
1761083794.203134,2c08d2cc-7a1c-9d34-25ea-6265acb43d72,1aa4385c-eecb-119e-9c52-a0454cba616c,20,-69.0,-69.0,-74.0,-44.0,1.0693465293505686,-2.123439137767436,1.2069643134159773,2.0211235513218453,0.7312984426974696,0.17653375812640948,0.30443586448201826,1.2434982230399567,NaN,NaN,NaN
1761083796.199419,2c08d2cc-7a1c-9d34-25ea-6265acb43d72,9084682e-d3e6-67f6-9622-2905d595ac92,35,-76.0,-70.0,-93.0,-49.0,1.191289746188098,-2.1913701187467955,1.3521060601930779,1.9395322850050876,0.7112036938503312,0.1416763749876621,0.4062174871290482,1.2379595137628647,-3.8339078426361084,3.9569501876831055,-24.17711067199707
1761083797.189467,2c08d2cc-7a1c-9d34-25ea-6265acb43d72,e51346e0-b07f-a45e-ab30-438d40708ad9,34,-75.0,-70.0,-79.0,-46.0,1.2949405084462002,-2.1829273654590264,1.6667931640801106,2.0708319857003925,0.74149382229862,0.1475753933154853,0.382376136681359,1.3051858223177892,-4.00398588180542,3.926854372024536,-25.87290382385254
1761083798.191166,2c08d2cc-7a1c-9d34-25ea-6265acb43d72,393766bb-9d6c-1958-de64-75c72482fac4,10,-70.0,-65.0,-69.0,-48.0,0.9321663026522602,-2.1891096276135364,1.7741579707944375,2.1093471540173363,0.6141656937369505,0.11040652783098207,0.5351611224974733,1.0646385265964995,-4.164654731750488,3.9028353691101074,-27.685590744018555
1761083800.191013,2c08d2cc-7a1c-9d34-25ea-6265acb43d72,a73d1b94-0477-e529-8423-129a3dd34c61,29,-73.0,-69.0,-84.0,-52.0,0.9101539446622101,-2.226432232394343,1.1538606149636883,2.1718680564002546,0.6327753308022063,0.1031944628948305,0.578765025735827,0.9222217928257952,-4.229461669921875,4.06923007965088,-25.852378845214844
1761083801.201555,2c08d2cc-7a1c-9d34-25ea-6265acb43d72,89429797-59b2-132e-3439-02767f9d877a,6,-77.0,-68.0,-64.0,-44.0,0.9478728278132205,-2.1859218237887115,1.1765017452871058,2.2276133443377932,0.6645395189138539,0.13245210875563074,0.5526633506024468,1.0516672676121321,-4.2593512535095215,4.128252029418945,-24.040922164916992
1761083802.199444,2c08d2cc-7a1c-9d34-25ea-6265acb43d72,353c63e3-1e09-ad8f-3877-784aaf1d04b6,31,-75.0,-69.0,-77.0,-51.0,1.1192501734370186,-2.1767741317603986,1.1784993824207743,2.367096939062911,0.8711214573035183,0.16776921175517465,0.5095746358769688,1.1124459300099205,-4.28426694869995,4.13800811767578,-18.4890308380127
1761083804.202548,2c08d2cc-7a1c-9d34-25ea-6265acb43d72,ba17e253-c281-8988-6442-468083b20a2b,3,-66.0,-71.0,-64.0,-45.0,1.1730721264353021,-2.075595049309999,1.0922744821233878,2.3852399903051853,0.7225084132035542,0.09547768732021691,0.36274534378562606,1.1828651023957413,-4.257816314697266,4.232605457305908,-8.95640563964844
1761083805.200212,2c08d2cc-7a1c-9d34-25ea-6265acb43d72,51b7359b-2f64-6441-a075-4ebcd6d67a21,3,-75.0,-69.0,-63.0,-41.0,1.2737582577679276,-2.049400596302143,1.0659813589971445,2.490801836961528,0.8061844020216258,0.12521362859041696,0.30751085014516466,1.2353268458672666,-4.24040937423706,4.308620929718018,-4.566575527191162
1761083806.200562,2c08d2cc-7a1c-9d34-25ea-6265acb43d72,36b8907f-330c-e243-0cf7-c9fccc0b0a49,2,-79.0,-70.0,-62.0,-42.0,1.2202556177843449,-2.0400514361373654,1.035574450935056,2.56259906205341,0.6732918646783448,0.11728657148060641,0.33421230244554434,1.3221743932275136,-4.094773769378662,4.298678398132324,-2.608243703842163
1761083807.202795,2c08d2cc-7a1c-9d34-25ea-6265acb43d72,4288af61-4949-e669-e7ea-06e2957e8fa3,32,-68.0,-79.0,-76.0,-47.0,1.5341240659522875,-2.177358429303562,1.0501363494595002,2.7519737840078546,0.9092923454705423,0.158227971096775,0.279313267233892,1.3510260152129963,-3.944554090499878,4.312270641326904,-0.758310317993164
1761083809.201808,2c08d2cc-7a1c-9d34-25ea-6265acb43d72,300aba26-f8cb-0a98-310a-e586d3c1a77b,24,-73.0,-78.0,-71.0,-48.0,1.7154176918949955,-2.210959932251255,1.0377880704331297,2.793519629645309,0.9478248243345716,0.19164874527499276,0.2675625016875945,1.220060674392551,-3.767669439315796,4.3328070640563965,1.0872819423675537
1761083810.191811,2c08d2cc-7a1c-9d34-25ea-6265acb43d72,6dcd1570-ed48-ad15-685e-058702def233,4,-66.0,-70.0,-64.0,-45.0,1.8939448260973295,-2.1654917829603324,1.074495751318237,2.839338783567904,0.8328026305379406,0.19254130371433284,0.3458940255405815,1.2294995830860647,-3.793191432952881,4.326844692230225,1.0728669166564941
1761083811.200924,2c08d2cc-7a1c-9d34-25ea-6265acb43d72,2998f6de-34b3-74a0-e7e0-ec696b67c129,33,-86.0,-74.0,-75.0,-49.0,1.9143206715975256,-2.1272358733755072,1.0508250429173946,2.856005910934056,0.839858342950969,0.19079718287168312,0.3863755055588719,1.3261498269447296,-3.799962282180786,4.35953712463379,1.1316413879394531
1761083813.202427,2c08d2cc-7a1c-9d34-25ea-6265acb43d72,52c7eda6-1e8f-48fc-3b65-4028b58f0f6f,15,NaN,NaN,NaN,-45.0,NaN,NaN,NaN,2.7836989568095327,NaN,NaN,NaN,1.477954536453099,NaN,NaN,NaN
1761083814.191665,2c08d2cc-7a1c-9d34-25ea-6265acb43d72,3e5b97b3-7e37-6fdb-d1c3-2068210e018d,22,-72.0,-64.0,-71.0,-49.0,1.9872785022924644,-2.1513227006966744,1.0738366189484423,2.7339228781392975,0.6956902478684017,0.20050036036911636,0.34601057212778613,1.492399788521798,-3.796588182449341,4.4332051277160645,1.27816903591156
1761083815.199809,2c08d2cc-7a1c-9d34-25ea-6265acb43d72,92c67b87-c7c8-e863-f1cc-d8a46b9a7a46,9,-64.0,-63.0,-75.0,-53.0,2.0244264037057618,-2.070092159549568,1.14884295315387,2.6541947593211592,0.6231328234433563,0.22983000312551122,0.17033411884578678,1.4589014830663454,-3.82245922088623,4.441019535064697,1.243593454360962
1761083816.201965,2c08d2cc-7a1c-9d34-25ea-6265acb43d72,cd295c62-8378-1fd8-0a82-fe10051a56b2,2,-62.0,-62.0,NaN,-50.0,2.017348786792767,-2.04757073831715,NaN,2.2837911296363607,0.5506761663760569,0.3442196961632487,NaN,1.396322257455554,-3.804189682006836,4.446382522583008,1.2131736278533936
1761083818.203326,2c08d2cc-7a1c-9d34-25ea-6265acb43d72,a8a4cbe9-d22f-b329-9df8-4cfe058259b5,19,-71.0,-71.0,NaN,-47.0,1.96205943203385,-2.150712969965101,NaN,1.98773869652883,0.6235201802239082,0.19992009085710175,NaN,1.3235802759669666,-3.6875064373016357,4.39544677734375,1.1870379447937012
1761083819.202061,2c08d2cc-7a1c-9d34-25ea-6265acb43d72,908765f0-a502-e8af-efef-0ee48c981de9,29,-89.0,-69.0,NaN,-50.0,2.037181880062805,-2.2475433766715103,NaN,1.8132883293231894,0.5986171606076591,0.11096268741275309,NaN,1.3345764681079038,-3.6615397930145264,4.35837697982788,1.1749963760375977
1761083820.202969,2c08d2cc-7a1c-9d34-25ea-6265acb43d72,06b12be9-85ec-e70e-f15c-3b002fb6d1b3,36,-74.0,-71.0,-77.0,-46.0,2.255938193059658,-2.1674496058357042,0.8888129695829692,1.9991700491918862,0.6374188184788684,0.1560543489493228,0.561457141811402,1.395150599733974,NaN,NaN,NaN
1761083822.200667,2c08d2cc-7a1c-9d34-25ea-6265acb43d72,4c47118a-abda-9076-79a0-2e98c74b99b9,0,-65.0,-69.0,-70.0,-41.0,2.3504276811678873,-2.0989973110729614,0.939321417552976,1.7128381540631448,0.5096640515105683,0.17967988348017458,0.5061927208981909,1.4754172097245262,-3.590822219848633,4.438873291015625,1.067474603652954
1761083823.190748,2c08d2cc-7a1c-9d34-25ea-6265acb43d72,44c0afac-2a39-7aae-aca1-111732cb65f9,24,-81.0,-69.0,-74.0,-50.0,2.328407067378458,-2.1208093993490373,0.956964060826424,1.5902139669348825,0.4679893754553815,0.10456022344798561,0.5107967272116927,1.4502009357850565,-3.55846118927002,4.49136734008789,1.0466843843460083
1761083824.202939,2c08d2cc-7a1c-9d34-25ea-6265acb43d72,de859f7d-8da7-10b4-c5b8-fc8c573bdd14,31,-88.0,-67.0,-84.0,-49.0,2.3086884900352933,-2.1410282515029735,1.0138137616680185,1.3646799089637778,0.3834796840580606,0.13870104148355514,0.535140050235348,1.274344153207745,-3.53804612159729,4.5318341255188,1.0301973819732666
1761083825.200327,2c08d2cc-7a1c-9d34-25ea-6265acb43d72,bbb1d76c-59c0-f45a-2d98-fa002de85087,22,-69.0,-78.0,-75.0,-44.0,2.272754457446854,-2.094423065584641,1.0178204875280428,1.2850354134038682,0.34897070896892285,0.2311277948142205,0.5064883650687033,1.3754707713846697,-3.4955053329467773,4.57595157623291,0.9887558221817017
1761083827.198423,2c08d2cc-7a1c-9d34-25ea-6265acb43d72,a2345ede-9e45-963d-b2a5-1e409b90146d,18,-74.0,-71.0,-68.0,-46.0,2.1231950590535305,-2.1219493654536454,0.9980861975344464,1.2652529201945415,0.33990121400811707,0.2743651305732816,0.38757179752053544,1.4015938516753117,-3.3799376487731934,4.654571533203125,1.090906023979187
1761083828.202355,2c08d2cc-7a1c-9d34-25ea-6265acb43d72,67046cac-8f0d-031d-0da8-8417bfeb0ce5,8,-69.0,-70.0,-68.0,-46.0,2.3080818219389734,-1.9669026567922683,0.9978345288114341,1.2591790486963979,0.3813305130583666,0.24421456841086986,0.3598465262285885,1.3146247310113026,-3.37903642654419,4.747851371765137,1.106232762336731
1761083829.203632,2c08d2cc-7a1c-9d34-25ea-6265acb43d72,ec45683b-a2ba-e18c-f795-0197d06e416c,17,-68.0,-70.0,-73.0,-45.0,2.236405504360581,-1.9985252978919779,0.9989016574602287,1.2999480502438758,0.4430242708962199,0.3266288180834892,0.28967615966760835,1.4030114523235608,NaN,NaN,NaN
1761083831.200171,2c08d2cc-7a1c-9d34-25ea-6265acb43d72,6965030b-9977-8ce3-71c9-5f794ad120fe,25,-75.0,-75.0,-73.0,-49.0,2.1966386503312996,-2.1081270267639165,1.0335914611873829,1.436545310979566,0.4142769449569277,0.21691741690890984,0.35631367659503016,1.317216119910004,-3.395171880722046,4.890578269958496,1.0875372886657715
1761083832.199658,2c08d2cc-7a1c-9d34-25ea-6265acb43d72,991b7d6f-a56e-9f90-ca75-931814c37339,23,-79.0,-67.0,-69.0,-46.0,2.1891817992790776,-2.1395893455660038,1.050367778158228,1.5235566427468532,0.40681183810532656,0.14041856400481764,0.2616063918439028,1.3528553405657715,-3.403357744216919,4.840474605560303,1.1071969270706177
1761083833.201356,2c08d2cc-7a1c-9d34-25ea-6265acb43d72,1733056f-8725-c036-e99f-6ac1f02a47c3,7,-63.0,-70.0,-69.0,-42.0,2.3488233929272235,-2.1072798752211623,1.1097714504852085,1.566913970557779,0.3460984897332724,0.118943964817882,0.29970585735944216,1.4505455488301127,-3.408496618270874,4.71616506576538,1.102752923965454
1761083835.201201,2c08d2cc-7a1c-9d34-25ea-6265acb43d72,e23e54ac-e871-6b2e-7587-f8bd8355fa51,11,-72.0,-71.0,-69.0,-43.0,2.451656564730671,-2.1496044291613554,1.07896719878848,1.4657324912623986,0.2192830696157136,0.10330681500331822,0.20307382286473039,1.3392621668878437,-3.498561382293701,4.733264446258545,1.1753768920898438
1761083836.201287,2c08d2cc-7a1c-9d34-25ea-6265acb43d72,d2268997-a420-0eee-a082-7420de99ea9d,4,-66.0,-69.0,-62.0,-48.0,2.4823905089746217,-2.119264100126519,0.7585167479864064,1.53266039261718,0.26323003793674,0.09193762218458024,0.1719281705610105,1.389737458502279,-3.527618408203125,4.81683588027954,1.241440773010254
1761083837.20176,2c08d2cc-7a1c-9d34-25ea-6265acb43d72,f362f082-dd25-5718-d8cb-de7c218391ba,6,-64.0,-67.0,-66.0,-47.0,2.5246665933829755,-2.080389538220469,0.7124379358575285,1.5698056308693873,0.17877848667496682,0.11457768724356185,0.15690734280171836,1.4137087046321366,-3.553431987762451,4.91794490814209,1.3023695945739746
1761083838.192101,2c08d2cc-7a1c-9d34-25ea-6265acb43d72,6582df5f-4733-dc1e-de9f-20aa2afb09f2,6,NaN,-71.0,-62.0,-49.0,NaN,-2.0271390995921164,0.7597961305740806,1.7603585352900828,NaN,0.11305102182629552,0.15860049739900664,1.417669490963357,-3.594801187515259,5.054267406463623,1.3842350244522095
1761083840.201645,2c08d2cc-7a1c-9d34-25ea-6265acb43d72,d7b6a78b-f9e5-ecfb-d261-e5d5706fa57e,15,NaN,-72.0,-64.0,-47.0,NaN,-2.023043557309738,0.7075044299381567,1.858175909496475,NaN,0.1416061674034249,0.10575245408898683,1.4238484241665041,-3.6313107013702393,5.182528972625732,1.5562500953674316
1761083841.192738,2c08d2cc-7a1c-9d34-25ea-6265acb43d72,2ade7a83-9499-2bf1-a3b4-d02f800bd142,3,NaN,-70.0,-62.0,-47.0,NaN,-2.0994138294674496,0.7173386848954922,1.8358703374704075,NaN,0.21824397073739196,0.13017220983592753,1.329055602010115,-3.632232427597046,5.292142391204834,1.6181020736694336
1761083842.203644,2c08d2cc-7a1c-9d34-25ea-6265acb43d72,c21fe86d-eeb4-101a-420b-aaed7875bd40,8,-63.0,-75.0,-64.0,-47.0,0.9084705605371711,-2.0274934331751515,0.6771364040279831,1.878339767373901,0.4806730796210475,0.4248780238606379,0.13809023716516705,1.4308894226145104,NaN,NaN,NaN
1761083844.201844,2c08d2cc-7a1c-9d34-25ea-6265acb43d72,ea399f57-d4e7-3e64-cb53-a8b294c0da8b,7,-65.0,-67.0,-69.0,-45.0,0.8896601211257235,-2.024945187486109,0.6640735988811445,1.9484506788635452,0.5702847218766877,0.35108339466168265,0.1295433958906678,1.3866624395496188,-3.601717948913574,5.608403205871582,1.7061700820922852
1761083845.200471,2c08d2cc-7a1c-9d34-25ea-6265acb43d72,fbf61a43-4fb9-7030-d4a9-8ca9dbdb677f,4,-68.0,-63.0,-72.0,-44.0,0.9047932677039897,-2.042120978620466,0.7749250160946027,1.9292913653492971,0.7452356967882359,0.30566091858345473,0.13684860488594486,1.1839053331175262,-3.532931089401245,5.66344451904297,1.7028535604476929
1761083846.201233,2c08d2cc-7a1c-9d34-25ea-6265acb43d72,e71f2994-c724-c68f-5a4a-1ca80953a74f,19,-68.0,-71.0,-71.0,-43.0,0.8916321919129271,-2.1169864316042286,0.997902439419231,2.0327913926897003,0.77693843245773,0.30100864247519526,0.0852074312805433,1.274638831982362,-3.4699296951293945,5.628709316253662,1.6931393146514893
1761083847.204179,2c08d2cc-7a1c-9d34-25ea-6265acb43d72,c74bf7a9-7ec7-e118-5582-a1c4093bf7b4,1,-67.0,-71.0,-65.0,-41.0,1.1917456793667194,-2.1122301590554016,1.1519796242857654,2.1143144820825523,0.7243352751323212,0.3238909886143469,0.17359640795734974,1.402653789789163,-3.4552578926086426,5.515852451324463,1.6786295175552368
1761083849.201391,2c08d2cc-7a1c-9d34-25ea-6265acb43d72,2573a067-7926-6e7d-133b-269e148d65c8,15,-66.0,-74.0,-70.0,-43.0,0.9983000493699798,-2.0953997799144277,1.0131793966963616,2.0317293240469767,0.8225387411177477,0.346598831123071,0.14944163673887195,1.3933461749373908,-3.458052635192871,5.2223639488220215,1.6449378728866577
1761083850.202346,2c08d2cc-7a1c-9d34-25ea-6265acb43d72,8a3984ec-71ea-91e7-db2d-bfff23ded03d,25,-74.0,-68.0,-70.0,-47.0,0.989667679012597,-2.0838874671542333,1.0360737936394457,1.9703977894068883,0.8534642998021295,0.2686616881380111,0.20199592505827763,1.3798980103808174,-3.4701356887817383,5.083491325378418,1.634682297706604
1761083851.201858,2c08d2cc-7a1c-9d34-25ea-6265acb43d72,092f47d2-55df-4afc-4220-6227ae185540,5,-66.0,-69.0,-64.0,-41.0,1.0053153483134667,-1.9299275945337169,1.0885615029315994,2.025673828360355,0.9081932588886666,0.15241419056859115,0.22721011840314576,1.4590195942606903,-3.4892501831054688,4.947916507720947,1.6264985799789429
1761083853.20201,2c08d2cc-7a1c-9d34-25ea-6265acb43d72,5e0d0cc1-8f0a-7951-8248-5285c42f1aa5,15,-69.0,-79.0,-68.0,-43.0,1.0146270910649287,-2.0853344957325275,0.9347005667455796,2.042937503810684,0.9658628138718419,0.23354804232337084,0.11533315946579009,1.425131268863595,-3.529420852661133,4.649513244628906,1.6738958358764648
1761083854.20228,2c08d2cc-7a1c-9d34-25ea-6265acb43d72,94a19338-0373-9d55-9c59-45ab667f2e7e,8,-76.0,-67.0,-69.0,-46.0,0.9614621399075678,-2.035489973822278,0.6554944917455632,1.9871868895509657,0.924215568375883,0.22899347093760372,0.14500709069448336,1.359814047336094,-3.5504331588745117,4.532933235168457,1.689208984375
1761083855.192831,2c08d2cc-7a1c-9d34-25ea-6265acb43d72,487aa940-ef29-1fdd-0eb0-7b476ea39fa8,34,-83.0,-69.0,-82.0,-48.0,0.9717123806271737,-2.14191361940737,0.6192491356256938,1.8770763637527674,0.9650307091892467,0.247576176786336,0.3129248236147003,1.4272849672371424,-3.5937600135803223,4.50342559814453,1.67355215549469
1761083856.193478,2c08d2cc-7a1c-9d34-25ea-6265acb43d72,cd3be2dd-2757-0eff-54e0-700d91f70eb1,32,-79.0,-69.0,-71.0,-50.0,1.0374312068470593,-2.115094388807782,0.6498041154443909,1.8747359777868058,0.8825050728040348,0.26109499833558025,0.3385402721120594,1.315195046958743,-3.62439227104187,4.571136474609375,1.6430126428604126
1761083858.205204,2c08d2cc-7a1c-9d34-25ea-6265acb43d72,b6b0492d-c51b-7995-7b7e-2d316c506a5b,1,-66.0,-64.0,-75.0,-46.0,1.023249341410169,-2.06634695610859,0.46672111156525853,1.7289348323238016,0.8521675400883426,0.27882644138662555,0.39135874601160087,1.2389398233601228,-3.663238525390625,4.844384670257568,1.5422288179397583
1761083859.204599,2c08d2cc-7a1c-9d34-25ea-6265acb43d72,c4462556-d1f8-b0f8-bbf9-1bb22c9c36b2,5,-68.0,-69.0,-63.0,-42.0,1.0138278764217958,-1.9378274624332736,0.8416004497780444,1.752442555265931,0.7172473384701026,0.2874584788488721,0.19099179336834066,1.2902984855081376,-3.6727168560028076,5.002217769622803,1.4948209524154663
1761083860.193495,2c08d2cc-7a1c-9d34-25ea-6265acb43d72,60399631-1482-48fb-532e-e5d32565f87d,28,-71.0,-74.0,-69.0,-47.0,1.054267178626322,-2.14319286883699,0.898183834510631,1.879646314204694,0.7569769082441227,0.25903257980839567,0.2216984568558746,1.3133405547336663,-3.680962562561035,5.16042709350586,1.4540172815322876
1761083862.19308,2c08d2cc-7a1c-9d34-25ea-6265acb43d72,e719f666-5a4d-cf9e-654d-a07de7e45c21,31,-72.0,-74.0,-73.0,-48.0,1.077524031793766,-2.2290515844844903,1.0833566208971486,1.8702016797148369,0.9523183760418624,0.17008537959997336,0.2504146404551697,1.3202451993338604,-3.682551860809326,5.369060039520264,1.4034957885742188
1761083863.20145,2c08d2cc-7a1c-9d34-25ea-6265acb43d72,a43b3c8a-58f2-bae2-d712-5f23215da50a,19,-68.0,-71.0,-70.0,-45.0,1.0865201899560537,-2.2122706069817375,1.0448347946774794,1.8778582678488147,0.9738600203092409,0.15138657657247043,0.31874749244302236,1.3022841751520933,-3.6802191734313965,5.424583911895752,-0.5011379718780518
1761083864.193783,2c08d2cc-7a1c-9d34-25ea-6265acb43d72,a8a21ade-f2a1-db4e-b658-bfebb7a7cccf,7,-63.0,-66.0,-70.0,-42.0,1.097280958656628,-2.0718021752855083,1.0686296063851195,1.9057431623585983,0.8492913261110572,0.1716208917054858,0.259301975197414,1.3749356091636182,-3.6872289180755615,5.431430339813232,-2.30513596534729
1761083866.202321,2c08d2cc-7a1c-9d34-25ea-6265acb43d72,47f3d74a-29e2-e7a7-6b38-8c88fdd17158,18,-71.0,-73.0,-67.0,-45.0,1.1079655609500259,-2.157952906546536,1.0633014199921977,1.7861043788123148,0.8528494424854575,0.09146673369196219,0.21669787256654643,1.3681662531468006,-3.670769214630127,5.23855209350586,-5.486314296722412
1761083867.200788,2c08d2cc-7a1c-9d34-25ea-6265acb43d72,5034577b-45d6-8350-24a1-9fe11faebc1a,21,-72.0,-72.0,-67.0,-47.0,1.2103715617146247,-2.141530124210399,1.0785727846310391,1.7999847744138078,0.866420578505365,0.0936328823436054,0.20092721515758566,1.3031094887739088,-3.653451919555664,5.09397792816162,-6.7236127853393555
1761083868.202243,2c08d2cc-7a1c-9d34-25ea-6265acb43d72,70083996-36dc-de84-383a-ce1f641097f3,14,-77.0,-69.0,-68.0,-45.0,1.2454501869609305,-2.1299802608788343,1.2214543065909897,1.7866684363311935,0.8600629471930734,0.09114125379486249,0.20218093153025407,1.394647794920167,-3.644836664199829,4.888119220733643,-7.8439178466796875
1761083869.193496,2c08d2cc-7a1c-9d34-25ea-6265acb43d72,362d438a-3a33-0737-3fc7-372eda9b00ed,24,-79.0,-69.0,-71.0,-47.0,1.2153016055245793,-2.060748858339189,1.128203188389647,1.8849827563969948,0.8613824103551531,0.0815124617156265,0.18831837910806462,1.326849838837257,-3.6502223014831543,4.679491996765137,-8.72889232635498
1761083871.201774,2c08d2cc-7a1c-9d34-25ea-6265acb43d72,4d574afa-79b5-526c-2fa6-dc80248eab6f,27,-77.0,-69.0,-68.0,-48.0,1.2401366479540044,-2.064908849119947,1.1129059910882317,1.8200223984555637,0.8525999042913172,0.08987173322560012,0.11785531449852803,1.272194183259724,-3.66513442993164,4.266732215881348,-9.96498489379883
1761083872.204649,2c08d2cc-7a1c-9d34-25ea-6265acb43d72,46d6bb44-abba-4635-8f15-eb8dac5e0366,2,-67.0,-67.0,-76.0,-43.0,1.0118022760966816,-2.14169484072382,1.1605890914577734,1.810239009875049,0.7260289124275572,0.1021609316876628,0.13659180957783398,1.3165857496799824,-3.6874520778656,4.153660774230957,-10.37833309173584
1761083873.201048,2c08d2cc-7a1c-9d34-25ea-6265acb43d72,8e4ee1a3-ae81-94b6-5b26-50ccc6e7caf8,11,-75.0,-72.0,-66.0,-44.0,0.9244900071262158,-1.9904434029319142,1.193885795618707,1.7302781307776378,0.7204131046369071,0.13582068296182312,0.15960555774964574,1.3999915608054654,-3.70827865600586,4.039817810058594,-8.90422248840332
1761083875.203867,2c08d2cc-7a1c-9d34-25ea-6265acb43d72,dfb91a16-14a1-0650-298f-ffa0c4b9aa03,19,-70.0,-72.0,-67.0,-45.0,0.9055259033198705,-2.0825803876912223,1.0555721275604608,1.6180360108429401,0.7311536998922238,0.16071666184594044,0.14739131894989035,1.2770248911610191,-3.7090537548065186,3.82540488243103,-5.753993034362793
1761083876.201541,2c08d2cc-7a1c-9d34-25ea-6265acb43d72,a15fccaa-e363-c496-da87-feaafd4cd58f,34,-87.0,-67.0,-79.0,-50.0,0.8926569763003895,-2.119081274117685,1.0881319350477696,1.6455198332925578,0.7154760034500636,0.2047580059380965,0.15593167709161102,1.3576250620781032,-3.7063000202178955,3.7443082332611084,-4.32123899459839
1761083877.201905,2c08d2cc-7a1c-9d34-25ea-6265acb43d72,c4a7504a-5a72-3b12-3b7f-671281efa077,20,-72.0,-74.0,-71.0,-46.0,0.8966820779719353,-2.216121404759938,1.0740475413067765,1.630068705280136,0.812458942707907,0.21299661128355432,0.14412104035505716,1.261974568892654,-3.6988089084625244,3.727576971054077,-3.0509047508239746
1761083878.203684,2c08d2cc-7a1c-9d34-25ea-6265acb43d72,2f6a16e6-7af8-1460-0fea-b252f30eee97,32,-73.0,-70.0,-80.0,-47.0,0.9513714225372575,-2.1463304720752667,1.0161962255792034,1.725445026031362,0.8068673031041492,0.23606910712453757,0.15818585986203815,1.457942345599753,-3.67811107635498,3.7474541664123535,-1.8870270252227783
1761083880.193642,2c08d2cc-7a1c-9d34-25ea-6265acb43d72,9688f2b0-3160-c099-1cb5-e670b7f03f3f,29,-75.0,-71.0,-71.0,-47.0,0.9846356361328923,-2.180099754171635,0.9483442073261645,1.7401201089021348,0.879374060889456,0.21935991845791922,0.15254654967476805,1.3312809394169856,-3.6281259059906,3.8008031845092773,-0.2333160638809204
1761083881.194452,2c08d2cc-7a1c-9d34-25ea-6265acb43d72,94433cdf-720e-5378-5884-88bdf12c8cb2,23,-75.0,-70.0,-65.0,-48.0,1.0372759445555075,-2.1685597445361036,1.0214447834555316,1.9097874387899927,0.9405810927485836,0.19224800645453102,0.15868690033162292,1.2884995201917886,-3.614582061767578,3.847891330718994,0.3345816433429718
1761083882.201899,2c08d2cc-7a1c-9d34-25ea-6265acb43d72,fb9a74c1-c102-37d6-71d8-5d2702710396,32,-72.0,-71.0,-78.0,-51.0,1.0703460137076755,-2.176940446170474,0.8059353964597034,1.9737176860217807,0.9613741224335407,0.14070080914609562,0.2321038100642209,1.2145272914376388,-3.5902955532073975,3.9260873794555664,0.771552085876465
1761083884.203026,2c08d2cc-7a1c-9d34-25ea-6265acb43d72,99e94ab2-fa51-3a6a-8f2e-ff8f51a4955b,26,-78.0,-69.0,-66.0,-52.0,1.3359428029051688,-2.164151813457859,0.8306340850413163,1.8831345226004796,0.9470941195104813,0.09347306771106544,0.24080988340477166,1.1594729606449217,-3.527374744415283,4.135241985321045,1.4421684741973877
1761083885.203875,2c08d2cc-7a1c-9d34-25ea-6265acb43d72,3fdd0439-784d-6d6b-161d-d59c8834a6e0,8,-68.0,-69.0,-69.0,-43.0,1.2615487294343506,-2.1236736291014178,0.9450536054832626,1.8503696517092347,0.9387989053471025,0.11608217352237486,0.30588725398659783,1.4199406347409766,-3.4855599403381348,4.2201948165893555,1.5482877492904663
1761083886.193808,2c08d2cc-7a1c-9d34-25ea-6265acb43d72,a21815e2-d7ba-d301-ffc3-79b1c814a57c,15,-70.0,-71.0,-73.0,-45.0,1.190050843648993,-2.163870184172583,0.941434369561845,1.8682634310734771,0.9307728701909034,0.16046128134215862,0.31113604488952135,1.3677233694575204,-3.43304181098938,4.2920241355896,1.5792666673660278
1761083887.193925,2c08d2cc-7a1c-9d34-25ea-6265acb43d72,d3ad0ab5-7ecf-a8e1-410c-e0d3ac4bbcec,27,-69.0,-70.0,-72.0,-45.0,1.2040670604660804,-2.159109384249903,1.01541591937981,1.8111460825423298,0.9612276485735863,0.14778152198385744,0.19428034790615456,1.3884362379936663,-3.4319262504577637,4.314558506011963,1.5058673620224
1761083889.203348,2c08d2cc-7a1c-9d34-25ea-6265acb43d72,105fcde1-efdf-81ac-7a49-e63c798a3d79,19,-79.0,-77.0,-66.0,-45.0,1.1797113870328693,-2.2386548102172616,0.9984768832663611,1.745446963714511,0.8131793943618006,0.1973656699632818,0.13692914886416296,1.3754394792418614,-3.4356045722961426,4.3591947555542,1.553805947303772
1761083890.193773,2c08d2cc-7a1c-9d34-25ea-6265acb43d72,dcb00e69-f0ab-59fe-1867-ab4cfcc9a21a,35,-72.0,-69.0,-73.0,-47.0,1.1751512562983266,-2.270842840416395,1.0220735557888991,1.7904778219544428,0.8210714725151687,0.14589425623261593,0.1884133707351964,1.4397496264031493,-3.44403624534607,4.38048505783081,1.5614327192306519
1761083891.194348,2c08d2cc-7a1c-9d34-25ea-6265acb43d72,0f240bd4-7c72-3af2-a6d8-c171cf9b8eb2,4,-67.0,-63.0,-85.0,-43.0,1.0578632450462562,-2.2113950927733743,1.1875618532942054,1.8914782062956979,0.8413529089547216,0.14693398761169654,0.14515359784395132,1.3982226892094345,-3.444350242614746,4.382564544677734,1.5681923627853394
1761083893.197708,2c08d2cc-7a1c-9d34-25ea-6265acb43d72,11dea15f-1d67-4a2e-71b9-e3478d2e36c7,26,-72.0,-74.0,-72.0,-46.0,1.0294502456923096,-2.1365505456041687,1.097323569234069,1.9438609870409027,0.8988275205461032,0.1259411792330914,0.1942813965258338,1.3847091440481003,-3.4633147716522217,4.376500606536865,1.566888689994812
1761083894.203327,2c08d2cc-7a1c-9d34-25ea-6265acb43d72,1ba8366c-de77-99ff-0260-2ea4f9e7303d,18,-66.0,-72.0,-68.0,-45.0,1.0576970637942351,-2.1120832857212837,1.0430837662607524,1.9482536049428794,0.9061150611320232,0.1361059075145706,0.1704974371996359,1.3617389801720035,-3.50483226776123,4.3517680168151855,1.5613126754760742
1761083895.202907,2c08d2cc-7a1c-9d34-25ea-6265acb43d72,6b21ec4b-03e7-bc84-92bf-e7dcf4c26059,16,-88.0,-69.0,-79.0,-46.0,1.1169609201639865,-2.084022223105391,0.9985983234120688,1.9564241831672424,0.8718935742825596,0.20892923192970356,0.2374071458352206,1.4361084194027387,-3.5483815670013428,4.353033065795898,1.6206259727478027
1761083897.204142,2c08d2cc-7a1c-9d34-25ea-6265acb43d72,52c6f4e2-7bbc-fd27-a013-12d02df3e64c,13,-72.0,-72.0,-66.0,-49.0,1.0811355445480224,-2.0092497144436727,0.9578692692809418,2.016763956617386,0.9013860194053424,0.20382483429213272,0.14348301353690143,1.2582159164881708,-3.5956990718841553,4.356645584106445,1.8556503057479858
1761083898.203096,2c08d2cc-7a1c-9d34-25ea-6265acb43d72,19a220c4-a324-29fd-3356-7c42694905bf,1,-72.0,-74.0,-70.0,-49.0,1.034132881836996,-2.03296343289612,0.9534968914032498,2.073177697988534,0.8859322282318306,0.2041639545674407,0.14742970175910117,1.2592902356719087,-3.587636709213257,4.34526491165161,1.8808021545410156
1761083899.200937,2c08d2cc-7a1c-9d34-25ea-6265acb43d72,f75e3d05-534a-d4ab-66f8-558d82cf2c57,21,-74.0,-69.0,-66.0,-49.0,1.0909721963503392,-2.140551146193686,0.988153938248996,2.039229850941076,0.8423297564425626,0.14969080874836246,0.14140439966133775,1.259750563066329,-3.5873868465423584,4.352362155914307,1.906003713607788
1761083900.202172,2c08d2cc-7a1c-9d34-25ea-6265acb43d72,38cec65a-22e3-a14e-2a77-1a02c9224bb1,10,-68.0,-72.0,-74.0,-43.0,1.0584387541578222,-2.005041786763293,1.061119225794987,1.9532667393788443,0.8571549750197888,0.17961313800535447,0.1687313286332362,1.2829127408570207,-3.5883116722106934,4.362966537475586,1.9308974742889404
1761083902.204331,2c08d2cc-7a1c-9d34-25ea-6265acb43d72,a9562a27-3f7b-1b80-86a1-47833a5b265f,30,-74.0,-70.0,-74.0,-48.0,1.1856369204582957,-2.1592831555110306,1.0911215996874926,1.8733122518680494,0.9395708225890619,0.14388636592875073,0.16956305048642478,1.2942808434441873,-3.604679822921753,4.315192699432373,1.9515607357025146
1761083903.203416,2c08d2cc-7a1c-9d34-25ea-6265acb43d72,6801d833-25b5-917f-efc3-0a095486f789,10,-64.0,-72.0,NaN,-43.0,1.0957027693946468,-2.1176178670986867,NaN,1.7968481032819124,0.9901422543188492,0.1385834213095361,NaN,1.2968112459539258,-3.5994389057159424,4.28958511352539,1.9641340970993042
1761083904.202597,2c08d2cc-7a1c-9d34-25ea-6265acb43d72,077bf180-6385-7695-6b3f-6f891e2f2379,5,-63.0,-68.0,NaN,-45.0,1.238808529518382,-2.067729669346559,NaN,1.799998622851476,1.005146104426192,0.2128076600042132,NaN,1.279451829862408,-3.5981452465057373,4.259793758392334,1.985647201538086
1761083906.203249,2c08d2cc-7a1c-9d34-25ea-6265acb43d72,f1d3eb9c-0484-5bc2-0e5f-811a84030753,4,-73.0,-64.0,NaN,-43.0,1.2061302113625645,-2.196841716364418,NaN,1.7993690515697813,0.9743793367218063,0.21477868217173765,NaN,1.2504263034577434,-3.605635404586792,4.16130018234253,2.0363056659698486
1761083907.202344,2c08d2cc-7a1c-9d34-25ea-6265acb43d72,c388a5f7-f2c6-101b-4153-0b0e132f8496,33,-84.0,-71.0,NaN,-47.0,1.210749730589416,-2.2229786450927285,NaN,1.8716381888068256,0.8257124301887954,0.1527371321402769,NaN,1.3527235140918126,NaN,NaN,NaN
1761083908.204238,2c08d2cc-7a1c-9d34-25ea-6265acb43d72,1126a395-d1b4-ce10-496c-7ce1011b82f4,0,-69.0,-61.0,-66.0,-44.0,1.2543584608072456,-2.2155289845754496,0.9205786224332164,1.960549419695775,1.009140313429093,0.1729934682865558,0.345731273108464,1.2061224881954034,-3.6071393489837646,4.179396629333496,2.0196685791015625
1761083909.203183,2c08d2cc-7a1c-9d34-25ea-6265acb43d72,7a61c495-db06-0aa7-f3d1-6dfaccfcf719,27,-73.0,-71.0,-69.0,-50.0,1.2136941214906076,-2.1863765585448425,0.939924623539879,1.9759392950031252,0.9916808956386424,0.165760023160278,0.44004366100420317,1.2224371461912833,-3.607748031616211,4.1966552734375,1.9638491868972778
1761083911.202637,2c08d2cc-7a1c-9d34-25ea-6265acb43d72,026ef38d-8cb7-fc35-5fb3-c3ad1b39eab7,17,-68.0,-74.0,-67.0,-45.0,1.2338097761523028,-2.2255290213106425,0.9234756090670045,1.9280577891323725,0.7778764643726829,0.13192722467191134,0.3394759737610587,1.393808366544574,-3.6045732498168945,4.200278282165527,1.9066177606582642
1761083912.204622,2c08d2cc-7a1c-9d34-25ea-6265acb43d72,fc8fba0e-5d03-aaee-d8de-a3b1c0bedfbe,1,-67.0,-73.0,-68.0,-46.0,1.0596592808854055,-2.1413270581772803,0.9390127571826358,1.9076398656869527,0.6967811452299254,0.14235052092810205,0.34516708243153077,1.3043498560516134,-3.589613437652588,4.218377590179443,1.8750652074813843
1761083913.20372,2c08d2cc-7a1c-9d34-25ea-6265acb43d72,5d167eec-959f-bd05-7456-5c22d0eee3a1,0,-70.0,-72.0,-67.0,-42.0,1.0393851681388502,-2.0896959546497507,1.0022931931084447,1.8643528453288047,0.7007533831538331,0.13133139231227656,0.4199726808697937,1.395467649061748,-3.5748465061187744,4.255002975463867,1.8435505628585815
1761083915.205384,2c08d2cc-7a1c-9d34-25ea-6265acb43d72,b7486bc7-1bf4-242d-713f-bc28c1ed0996,9,-68.0,-70.0,-68.0,-43.0,0.9805823049537917,-2.1340556962949826,0.8928497891633113,1.8207158856034205,0.8458352088064067,0.1258000816295876,0.2445126760053906,1.342628136189595,-3.571234941482544,4.374816417694092,1.786909818649292
1761083916.205603,2c08d2cc-7a1c-9d34-25ea-6265acb43d72,9cb892da-a45a-e6e8-4838-4dc8b58f6ab5,18,-66.0,-69.0,-74.0,-47.0,0.9774525580407306,-2.2605033838002715,0.9755225651987501,1.8864112760057132,0.8117733784642933,0.16840512468921515,0.28288186980508456,1.2815935440110497,-3.567523717880249,4.428537845611572,1.7390820980072021
1761083917.20514,2c08d2cc-7a1c-9d34-25ea-6265acb43d72,161a65f3-5e84-1b6f-5c9e-82df7bc4e6a3,26,-67.0,-72.0,-74.0,-47.0,0.9369701126265451,-2.3437817626675943,1.0430163882851733,1.9741283454618712,0.8789303782518486,0.15125516621743185,0.2974612786136961,1.2961008477331473,-3.58043646812439,4.459516525268555,1.6643028259277344
1761083918.195886,2c08d2cc-7a1c-9d34-25ea-6265acb43d72,efbc319e-632a-abd7-e01a-01db4adf1d22,8,-67.0,-64.0,-69.0,-46.0,0.9761998070639574,-2.3329509528303514,1.0067505258249103,2.0795980467444974,0.5890799812699218,0.18076259162134634,0.418982184681366,1.2505698478404987,-3.593832015991211,4.439995288848877,1.603974461555481
1761083920.203336,2c08d2cc-7a1c-9d34-25ea-6265acb43d72,0bb646ac-ec9d-659c-3ec8-536b12e9852a,19,-70.0,-72.0,-67.0,-46.0,0.9140730525223708,-2.3026990407437053,1.0069958029613064,2.0759809413519514,0.481647030921203,0.16271786095756685,0.3149571484215671,1.27042078428984,-3.617079734802246,4.42366123199463,1.519351840019226
1761083921.203804,2c08d2cc-7a1c-9d34-25ea-6265acb43d72,52e0cfa1-cc21-9b38-f58b-cbc13fe6f625,19,-67.0,-76.0,-71.0,-47.0,0.9124527853151666,-2.308298869567815,1.0045326452690924,1.87085042575638,0.8391964808410572,0.16950624193142202,0.32281487179687307,1.1782936532265658,-3.622758388519287,4.404744625091553,1.4753490686416626
1761083922.203172,2c08d2cc-7a1c-9d34-25ea-6265acb43d72,09e5076d-067e-7d2f-3b5e-44bf472729f7,19,-76.0,-74.0,-67.0,-44.0,0.9366974049309209,-2.269892358223346,0.9494547455007276,1.8418853531084605,0.8882579002327694,0.16118700938396202,0.2897482980436359,1.3709295490938669,-3.6371006965637207,4.383671283721924,1.457804560661316
1761083924.205064,2c08d2cc-7a1c-9d34-25ea-6265acb43d72,564b835f-019f-65d6-5319-c025549a21c0,6,-66.0,-72.0,NaN,-43.0,0.9476949286524032,-2.1789531301643015,NaN,1.8345632580073965,0.852932266795359,0.1733393463331299,NaN,1.3239914680392748,-3.6315932273864746,4.322779655456543,1.4438118934631348
1761083925.203155,2c08d2cc-7a1c-9d34-25ea-6265acb43d72,1b94be99-1c78-b6db-78d8-615aa8a45b7e,14,-73.0,-67.0,NaN,-48.0,0.9141582736772532,-2.248574552645589,NaN,1.8877188881009421,0.7637388739889156,0.12819308167183516,NaN,1.159009171141084,-3.628324270248413,4.303603649139404,1.454519271850586
1761083926.204324,2c08d2cc-7a1c-9d34-25ea-6265acb43d72,e55fc36f-c218-4f31-dbbe-817abd8c8ff4,14,-66.0,-70.0,NaN,-44.0,0.9146560184849891,-2.145486383167766,NaN,1.932153730888914,0.9093366871026921,0.15579399166325386,NaN,1.3162362097869096,-3.6255042552948,4.290850639343262,1.4755398035049438
1761083928.193476,2c08d2cc-7a1c-9d34-25ea-6265acb43d72,03faa1d3-62fd-3e2c-20e7-0a88041b6120,25,-75.0,-77.0,-69.0,-47.0,0.9124450621480054,-2.1397924115991223,1.134557490750576,1.9607443630875687,0.7460323148493058,0.1901677114585293,0.22806266284710738,1.4249569649702496,-3.637394428253174,4.269428253173828,1.52650260925293
1761083929.204841,2c08d2cc-7a1c-9d34-25ea-6265acb43d72,5e5b853b-ed4d-f0a4-d3f4-6bc68f1db022,29,-72.0,-73.0,-71.0,-47.0,0.9742003057175258,-2.1914998146918827,1.1081676948767627,1.9678592642558246,0.7238999814521477,0.14046204010961322,0.23585064469136696,1.2942700576417725,-3.6512489318847656,4.238177299499512,1.5841193199157715
1761083930.203552,2c08d2cc-7a1c-9d34-25ea-6265acb43d72,da9b63b3-f5c3-3ee7-5058-fdde6e0812dd,15,-66.0,-68.0,-74.0,-45.0,0.9300355074640878,-2.1251221224183117,1.0939725136344225,1.9535692744786775,0.5972521573909391,0.18410677293642924,0.19330641325075576,1.2735228343275644,-3.656158924102783,4.212204933166504,1.6672593355178833
1761083932.202621,2c08d2cc-7a1c-9d34-25ea-6265acb43d72,9d26f4ab-9be4-f12a-9c5e-4ca7d45d68a1,2,-67.0,-73.0,-66.0,-43.0,0.9255267757385836,-2.152218454929323,1.1377370387760215,1.860154638186404,0.3960854907618417,0.1962663503548107,0.21488892039611013,1.3039912614108342,-3.680631399154663,4.130736827850342,1.7814263105392456
1761083933.20327,2c08d2cc-7a1c-9d34-25ea-6265acb43d72,bdb7e26c-0f8c-674c-1cd8-40c285165ba7,1,-68.0,-75.0,-71.0,-43.0,0.9378795821388072,-2.1989157862213715,1.2426384214820247,1.8289881965814248,0.40141687294807127,0.24742161357457051,0.20325295373755184,1.2893245674974951,-3.770946741104126,4.153178691864014,1.7799452543258667
1761083934.205182,2c08d2cc-7a1c-9d34-25ea-6265acb43d72,12ec9afa-0cb3-be5a-64a4-544c49ca0b73,10,-65.0,-69.0,-72.0,-43.0,0.9482113155877695,-2.2260323587566675,1.0906145338159414,2.089034159118866,0.5342327778309853,0.2029170625450656,0.24638965529692164,1.3262411733701192,NaN,NaN,NaN
1761083936.201311,2c08d2cc-7a1c-9d34-25ea-6265acb43d72,19660f4c-eec4-7b85-60f4-278ea3be0a93,21,-76.0,-78.0,-79.0,-47.0,0.9679749003533566,-2.259417346707737,1.293327698090048,1.9557482728825801,0.5747190848287514,0.1034467724409803,0.18338046232813737,1.2259716935900364,-3.79180908203125,4.200314044952393,1.7932617664337158
1761083937.203546,2c08d2cc-7a1c-9d34-25ea-6265acb43d72,fa47be82-4c9d-c089-2db8-1ea276b14131,12,-67.0,-71.0,-67.0,-45.0,0.990074077394943,-2.2575424813003218,1.0655443342622626,1.9407690570153204,0.5521481953790845,0.12079263137807411,0.13947736958607004,1.2994348591018177,-3.796379804611206,4.199242115020752,1.8003102540969849
1761083938.195192,2c08d2cc-7a1c-9d34-25ea-6265acb43d72,3d5e3d6a-4566-869d-2360-62baf7fda8c9,28,-74.0,-75.0,-72.0,-49.0,1.0361976306301344,-2.2607827493986212,0.9777891816025165,1.9126652506639323,0.7778873833331523,0.11430984813930553,0.17667136033098252,1.3188174786734685,-3.800401449203491,4.208660125732422,1.7946969270706177
1761083939.202716,2c08d2cc-7a1c-9d34-25ea-6265acb43d72,8388a5a3-76a4-48ee-f202-81e35138e886,18,-72.0,-75.0,-65.0,-47.0,1.0387657168692979,-2.248790268693885,0.9594112395520977,1.8879963894865284,0.8617363444640246,0.10174637737447834,0.24151775162251474,1.3922408299269535,-3.77605128288269,4.255266189575195,1.784494161605835
1761083941.203709,2c08d2cc-7a1c-9d34-25ea-6265acb43d72,ee02c187-3bb0-7fdd-2fd0-e78255e80007,7,-66.0,-65.0,-69.0,-47.0,1.0095529702400006,-2.28411603528935,0.9150501663263209,1.6479566256899805,0.7823425189417186,0.12118024615235676,0.2649733764758195,1.3225934416250378,-3.746317148208618,4.27363109588623,1.7646446228027344
1761083942.203746,2c08d2cc-7a1c-9d34-25ea-6265acb43d72,0f591c44-f78e-9ac1-963c-873d8e7e07bc,1,-70.0,-75.0,-72.0,-42.0,0.9548092971884409,-2.2777944898098292,1.155726425623398,1.7260772604741466,0.7206159043539165,0.12321237954452013,0.20698575683470458,1.364730109550326,-3.735140562057495,4.29371213912964,1.755558729171753
1761083943.205139,2c08d2cc-7a1c-9d34-25ea-6265acb43d72,196f63e6-0f6f-90d7-dd1f-4acfebdd6011,27,-76.0,-74.0,-78.0,-46.0,0.9664611595897555,-2.2370143029857728,1.1699892511574264,1.8926776940506695,0.8420398713579076,0.12555097619912434,0.2208127394115847,1.3425501055696554,-3.717963218688965,4.352369785308838,1.7479588985443115
