create_time,idppe,idbeacon,bluetooth_channel,rssi_1,rssi_2,rssi_3,rssi_4,az_1,az_2,az_3,az_4,el_1,el_2,el_3,el_4,x,y,z
1751124572.050573,d500a44f-2051-d64b-3d63-8985cc792954,6c416632-2824-62b8-9df3-82c4a9f48754,34,,-81.0,-69.0,-75.0,,-1.8064272274068183,0.10477967624418655,-1.804124658328336,,0.24391592818413108,0.46043382099525865,0.11596763262836625,-1.5972654819488525,8.091296195983887,1.3074517250061035
1751124573.031933,d500a44f-2051-d64b-3d63-8985cc792954,bd708e7e-a6d4-d550-648b-b3a8bd9613fb,1,,-79.0,-61.0,-66.0,,-1.7906701021851463,0.07155993743875616,-1.8920589085713897,,0.2141893079777463,0.35716678696072346,0.12185710518815719,-1.7353262901306152,8.01712417602539,1.328805923461914
1751124574.073273,d500a44f-2051-d64b-3d63-8985cc792954,3109d386-0539-f6c5-b847-c6b290089968,9,,-90.0,-65.0,-68.0,,-1.7990823622784344,0.028356806654945714,-1.8946670753849588,,0.18290167589841155,0.4804404857893426,0.11637437222822701,-1.8796151876449585,7.970643520355225,1.3315702676773071
1751124575.073047,d500a44f-2051-d64b-3d63-8985cc792954,dbc134ff-184f-5e22-44ff-21917a1ff42c,2,,-80.0,-63.0,-67.0,,-1.8708003583278867,-0.006702111199293411,-1.8421850918891487,,0.2007080037103585,0.4097558295323546,0.1888598996262186,,,
1751124576.050505,d500a44f-2051-d64b-3d63-8985cc792954,60f8da5d-92d3-35c6-95ab-46331f93f1af,0,,-74.0,-66.0,-66.0,,-1.910264410941226,-0.056772202853873174,-1.8052565017916196,,0.21687838495418338,0.28891635980860875,0.190278282578038,-2.022986650466919,7.93884515762329,1.3065171241760254
1751124577.030043,d500a44f-2051-d64b-3d63-8985cc792954,162c2550-d677-c137-9af9-a79cb4d5bd45,8,,,-67.0,-72.0,,,-0.013244699049291073,-1.8020050484167418,,,0.364706528901874,0.21897169615001288,-2.280510187149048,7.905493259429932,1.273220181465149
1751124578.023392,d500a44f-2051-d64b-3d63-8985cc792954,eaacc21a-26e9-382d-2690-f2d61fbc4560,20,-66.0,,-63.0,-74.0,-3.022578913951351,,0.023583356717087684,-1.8006349851939505,0.5679602482982392,,0.42611113402437184,0.2064827855733295,-2.580167293548584,7.871680736541748,1.236739158630371
1751124579.036409,d500a44f-2051-d64b-3d63-8985cc792954,f037f8d2-9c3a-586b-89ab-c22ec64f9404,5,-74.0,,-63.0,-70.0,-3.0237331279677915,,-0.01639441967052779,-1.778617700355884,0.44771163415184106,,0.4517779149517422,0.17683421263164084,-2.8761308193206787,7.86039400100708,1.2316100597381592
1751124580.073762,d500a44f-2051-d64b-3d63-8985cc792954,c6cb8e8e-96b6-82a4-f9b4-1bfafe1538f3,16,-65.0,,-73.0,-75.0,-3.0099203766579863,,-0.09642507358849897,-1.7991197796917502,0.4662655112817733,,0.4006997169560265,0.213849771583518,-3.123353958129883,7.879687786102295,1.2243999242782593
1751124581.017188,d500a44f-2051-d64b-3d63-8985cc792954,441ab11e-c18d-02a7-381b-a2c1a055561e,29,-70.0,,-64.0,-75.0,-3.133142177134862,,0.055173507251498596,-1.8080509567234397,0.5546877857945841,,0.4826856304568203,0.2010444608245764,-3.3577120304107666,7.87939739227295,1.2150921821594238
1751124582.03071,d500a44f-2051-d64b-3d63-8985cc792954,e47448a6-f872-09b9-0a1e-4a9511d5caca,1,-89.0,,-67.0,-66.0,-3.110569223735351,,0.07454480838851696,-1.7975184209282853,0.4932089117671866,,0.4781958737540829,0.20571348155818966,,,
1751124583.031864,d500a44f-2051-d64b-3d63-8985cc792954,21a2602c-1777-d712-576d-eedc3ee5697a,7,-75.0,,-63.0,-66.0,-2.919785689564254,,0.0962378533638664,-1.8191342342320225,0.4228059180849882,,0.5012481295707816,0.18168830641625786,-3.57237458229065,7.87026309967041,1.2368292808532715
1751124584.074022,d500a44f-2051-d64b-3d63-8985cc792954,a31c1bbd-3169-b1e2-4a24-7fe78fc864a6,5,-73.0,,-67.0,-66.0,-2.9842427100596605,,0.16182964679975498,-1.7708295520640562,0.3804409506752529,,0.44159538510285146,0.16245515676078734,-3.739903450012207,7.85832691192627,1.276986837387085
1751124585.031768,d500a44f-2051-d64b-3d63-8985cc792954,6ca8218d-fd5c-7331-0ee1-5036d2ddaafb,7,-71.0,-74.0,-65.0,-64.0,-2.9213540251302024,-1.9340284631382756,0.1985530403352936,-1.7985752964068833,0.2896201334161759,0.21840164651868146,0.3957550923391037,0.17129049328274784,-3.898991107940674,7.845096588134766,1.2741432189941406
1751124586.016741,d500a44f-2051-d64b-3d63-8985cc792954,2f5cd027-33e9-8c14-33a1-df817d48803d,4,-70.0,-76.0,-64.0,-65.0,-2.9103277392689475,-1.959843948323013,0.11565256402665305,-1.7565053406669016,0.12259342761767207,0.17448761817138794,0.4587385525138551,0.14297972602514689,,,
1751124587.01966,d500a44f-2051-d64b-3d63-8985cc792954,35ca8898-e4e0-3a21-886d-450c9f4428f3,17,-66.0,-80.0,-67.0,-85.0,-2.8863294620540256,-1.9678613947846966,0.09942778771756332,-1.8073979496241523,0.17357806543534182,0.1846922023230559,0.49752736063280467,0.1589951778725564,-4.048521041870117,7.8343963623046875,1.28985857963562
1751124588.020404,d500a44f-2051-d64b-3d63-8985cc792954,18c24887-f695-1b09-14cf-5d6d5c61767a,0,-87.0,-82.0,-66.0,-68.0,-2.803772267209896,-1.943819574885952,0.009015066606027229,-1.7936235478340443,0.14663408238343997,0.16298422700084522,0.45223494668431335,0.12655617803019636,-4.184104919433594,7.820760250091553,1.307221531867981
1751124589.073704,d500a44f-2051-d64b-3d63-8985cc792954,59510075-b02f-1938-7caf-1bc826e2f1fa,18,-68.0,-79.0,-66.0,-72.0,-2.8366668340462273,-1.9405613304502942,0.0215604195530635,-1.815389829739371,0.14060921304935375,0.13680678493445222,0.39900631268738607,0.16025132437971953,-4.218591690063477,7.808821201324463,1.3157861232757568
1751124590.052049,d500a44f-2051-d64b-3d63-8985cc792954,a0a7f71f-d6bd-eb59-1fe5-722ed100277a,5,-83.0,-82.0,-64.0,-78.0,-2.653106059067535,-1.8986937749531585,-0.05381822457275728,-1.8109107922600212,0.14950335549713456,0.14091461104735853,0.4042239778950693,0.1632363950665621,-4.227845668792725,7.805560111999512,1.3087071180343628
1751124591.074273,d500a44f-2051-d64b-3d63-8985cc792954,86333ef6-cf97-2377-d773-0a91df925a34,9,-70.0,-76.0,-74.0,-72.0,-2.782405992100299,-1.9316113781329196,-0.10684602293397903,-1.8316823834982032,0.13856492898471687,0.13193254267171312,0.4244395343871564,0.14136991172522126,-4.230289459228516,7.800589084625244,1.2932593822479248
1751124592.052125,d500a44f-2051-d64b-3d63-8985cc792954,bc6c8356-3fbd-9363-1f9c-953dd01bc2e8,24,-63.0,-81.0,-67.0,-71.0,-2.787084367187241,-1.9006261646401201,0.003533482134317133,-1.8510503556838591,0.20054796437360156,0.11211868241817241,0.424899828492063,0.14680955140976257,-4.14599323272705,7.765187740325928,1.247634768486023
1751124593.032669,d500a44f-2051-d64b-3d63-8985cc792954,7b234503-bc9e-ebe5-4c37-0f22375d9a76,26,-65.0,-80.0,-63.0,-76.0,-2.818413261618715,-1.9285502076179277,0.00020453077171808548,-1.8540374903205465,0.34221969547411285,0.15225781307833308,0.5694267179524914,0.20986376844572596,,,
1751124594.07435,d500a44f-2051-d64b-3d63-8985cc792954,9972470b-e3d2-0034-810f-92de3a6e18a7,25,-66.0,-85.0,-68.0,-73.0,-2.8492105890966095,-1.9050543357426493,-0.03626426456360898,-1.8861080751156076,0.44886355119184124,0.1438913760005514,0.5105778486596017,0.21180587867066625,-4.029359340667725,7.749419212341309,1.2214397192001343
1751124595.074513,d500a44f-2051-d64b-3d63-8985cc792954,ed9f4bcc-93d0-f13d-555c-de3709f1ca6d,10,-69.0,-74.0,-74.0,-70.0,-2.8487147085016367,-1.843457683416043,-0.10506490079693405,-1.8509965598298395,0.37313147229985333,0.13775283962218926,0.49568618421317834,0.16403640865802188,-3.906409978866577,7.751393795013428,1.1824887990951538
1751124596.018742,d500a44f-2051-d64b-3d63-8985cc792954,56f456b2-583d-a925-f3df-921ceaa31f7b,21,-63.0,-74.0,-67.0,-63.0,-2.813014501456907,-1.8879662957662107,-0.010925085739832058,-1.8215617055656297,0.725217180927301,0.13503047313212618,0.4771468546007007,0.15765379356575393,-3.853672504425049,7.761449337005615,1.1078342199325562
1751124597.052606,d500a44f-2051-d64b-3d63-8985cc792954,2e0cf002-e61c-9bd0-4e44-2aa1c48fd50c,4,-80.0,-84.0,-62.0,-63.0,-2.7712569345127913,-1.83226441735444,-0.025592445443443464,-1.7949612536495914,0.5833103093472924,0.1432687455824477,0.5848517469862303,0.1398684547921482,-3.83810305595398,7.778642177581787,1.064431071281433
1751124598.020555,d500a44f-2051-d64b-3d63-8985cc792954,270dd928-e67e-16d4-7df5-6fc554693794,29,-66.0,-85.0,-75.0,-75.0,-2.85804509338073,-1.861370371224025,0.00995143404529909,-1.8456357497135643,0.5665629542533019,0.1342436921223327,0.5270221693110548,0.18617503377325523,-3.8220787048339844,7.791316986083984,0.9728519320487976
1751124599.051146,d500a44f-2051-d64b-3d63-8985cc792954,c8662535-a1fa-3e70-d0de-63bc878977b7,11,-71.0,-78.0,-75.0,-73.0,-2.8792475840832865,-1.7742921941133774,-0.03459392992791129,-1.8712437746493849,0.3031736592833752,0.17348773434011772,0.5460342100170215,0.18491434324748215,-3.8449454307556152,7.802233695983887,0.9711487293243408
1751124600.032614,d500a44f-2051-d64b-3d63-8985cc792954,8beb8e36-6086-d8b0-d40b-d0bf5b25282b,16,-65.0,-79.0,-72.0,-73.0,-2.875629679742414,-1.7852068935249579,-0.0494663530354588,-1.9101042218016577,0.38062287786721893,0.09241592591635847,0.5311741373190293,0.20451494255435637,-3.8783392906188965,7.812705039978027,1.001253366470337
1751124601.052447,d500a44f-2051-d64b-3d63-8985cc792954,ea4b9781-9339-a756-2945-32c68882717e,1,-74.0,-83.0,-64.0,-65.0,-2.9004279705487956,-1.862108865794304,-0.0902353545829368,-1.8827097484066122,0.21534633495808803,0.09869391206729995,0.5268490971297133,0.17787662381656832,-3.91741418838501,7.816912651062012,1.0388509035110474
1751124602.052076,d500a44f-2051-d64b-3d63-8985cc792954,f33c3c77-1660-b598-1995-7a452f81b17d,0,-72.0,-76.0,-67.0,-63.0,-2.907603591789905,-2.0363144884957665,-0.0602686670490382,-1.8555483016069483,0.16736211429304237,0.10482066395783855,0.5635869383141656,0.19113372320968508,-3.94310188293457,7.814669132232666,1.070531964302063
1751124603.051382,d500a44f-2051-d64b-3d63-8985cc792954,27876f01-0553-6465-02e4-0bd9c9494f73,34,-66.0,-78.0,-83.0,-75.0,-3.072895348006763,-1.9874638583043338,0.0031294805969521128,-1.8568306136718216,0.0892790800145166,0.11091528314534965,0.5950179649734442,0.1867166874494637,-4.0406036376953125,7.829547882080078,1.114517092704773
1751124604.052474,d500a44f-2051-d64b-3d63-8985cc792954,d96842d6-228f-00e0-2336-f6ef1007a2cf,24,-67.0,-77.0,-81.0,-76.0,-3.057835704674583,-2.008951573559638,-0.0028889971505179574,-1.9003804880295605,0.16737832628617824,0.1446863295859401,0.43778007394617674,0.2552342962379406,-4.162532329559326,7.846184730529785,1.139202356338501
1751124605.074271,d500a44f-2051-d64b-3d63-8985cc792954,eb361d73-b8cd-ebcb-bdf2-ba75c0c3459c,21,-68.0,-80.0,-71.0,-81.0,-3.0056137788592197,-2.0568855437038653,-0.019263176796761147,-1.7627447276267936,0.20472260254035524,0.1857641246618128,0.3810220191355945,0.272141257905011,,,
1751124606.075025,d500a44f-2051-d64b-3d63-8985cc792954,4c047b13-904d-dd56-571a-0c1e841d1887,36,-70.0,-86.0,-60.0,-92.0,-3.088469514061546,-2.021019688039332,0.0767440468167044,-1.7322792300207233,0.23884119150320104,0.2172621631120206,0.3814579786060405,0.310922193053988,-4.276705265045166,7.852070331573486,1.1547635793685913
1751124607.051863,d500a44f-2051-d64b-3d63-8985cc792954,8ec8b493-f98a-fdaa-4a5e-564af28567b6,9,-69.0,-79.0,-66.0,-66.0,-3.0873776180146137,-1.939977831855458,0.06382957974258316,-1.6959236190317244,0.18257462307179304,0.17630346127114488,0.40951481345370244,0.21907101541391605,-4.331068515777588,7.8563079833984375,1.198778748512268
1751124608.051878,d500a44f-2051-d64b-3d63-8985cc792954,ad52b03f-1545-758b-8a18-aa31ffaee988,21,-67.0,-80.0,-70.0,-64.0,-3.0564335503606563,-1.9275659032790347,0.04185610390444836,-1.8004791902701809,0.2574226323504155,0.16750760611234483,0.4621745296627616,0.23629873818952965,-4.365568161010742,7.857518196105957,1.2312507629394531
1751124609.020123,d500a44f-2051-d64b-3d63-8985cc792954,878ffbe7-d2f3-5c1a-9fca-5905ebfca552,13,-68.0,-77.0,-64.0,-69.0,-3.019142370880713,-1.9541836657421587,0.06969039835352053,-1.8194270487938768,0.19889996700154688,0.18175748202557268,0.540740112086053,0.1762933745485162,-4.3920159339904785,7.859404563903809,1.3121670484542847
1751124610.052659,d500a44f-2051-d64b-3d63-8985cc792954,fa6e4604-d045-a1da-4677-d74a2f479b7a,3,-73.0,-82.0,-80.0,-63.0,3.0981884541436817,-1.953155951877497,0.023175893070305563,-1.8013339318220418,0.1881947584992145,0.20626890044828253,0.45794776011766963,0.13118734026443848,-4.3644609451293945,7.856435298919678,1.3064771890640259
1751124611.052127,d500a44f-2051-d64b-3d63-8985cc792954,d1ce99b6-7faa-2c2a-041d-46aca28af2d9,32,-66.0,-81.0,-76.0,-77.0,-3.1193999995939445,-1.930595781651218,0.13549817415381454,-1.8406091663140942,0.13761718485416333,0.23901313184107928,0.47522371939852726,0.1356846370420121,-4.329159259796143,7.8483076095581055,1.2559502124786377
1751124612.032173,d500a44f-2051-d64b-3d63-8985cc792954,f67129ab-fe58-6eb7-d2be-db5a11959e56,28,-65.0,-81.0,-73.0,-68.0,-3.1205408978049345,-2.162941406742418,0.21519034029723663,-1.871844583791307,0.19310747511732684,0.1768745928116692,0.5251515649613832,0.1815612902770179,,,
1751124613.073959,d500a44f-2051-d64b-3d63-8985cc792954,5f32cfab-3968-d455-d838-b32c93d06880,19,-64.0,-77.0,-66.0,-65.0,-3.1305948635522016,-1.984598163813354,0.20589644072507815,-1.9023803888501551,0.2836209635866088,0.19742515832413146,0.5778474335822402,0.09520462176232129,-4.301714897155762,7.8340301513671875,1.2273889780044556
1751124614.020084,d500a44f-2051-d64b-3d63-8985cc792954,4142a3b8-e3f9-bf2e-29ec-a7ea172daef5,4,-65.0,-74.0,-72.0,-64.0,-3.0877573847860593,-1.9016036779182337,0.18714006348375906,-1.822340680184478,0.22344061361722037,0.12917086126605773,0.4617927988100124,0.11446542668123662,-4.276663780212402,7.818523406982422,1.2076197862625122
1751124615.020762,d500a44f-2051-d64b-3d63-8985cc792954,75a355b3-f60f-1708-ed00-c974a41cac4e,31,-66.0,-87.0,-73.0,-76.0,3.136343563081247,-1.9181051566645828,0.09267933751530252,-1.849483484856511,0.2365707468053676,0.146722732358226,0.37621807600325513,0.16861406632148868,-4.275095462799072,7.8048577308654785,1.1921193599700928
1751124616.018477,d500a44f-2051-d64b-3d63-8985cc792954,babf0ad1-f570-528f-7644-82a22205d0d4,5,-66.0,-80.0,-63.0,-63.0,-3.1165365687898916,-2.00027352998956,0.05571839001052881,-1.8178967964315171,0.1931375022586175,0.17314471919171553,0.3902594264031297,0.16031514037734054,-4.262322425842285,7.794545650482178,1.221157431602478
1751124617.051874,d500a44f-2051-d64b-3d63-8985cc792954,b3507463-dad5-d76d-af23-b4229b5822ee,4,-78.0,-81.0,-62.0,-66.0,-3.1143892620029607,-1.9929301295997761,0.0028746160806315296,-1.7990747722693277,0.144820469681096,0.26113196634046193,0.4082395920552317,0.15299156389292032,-4.254886150360107,7.790011405944824,1.2427090406417847
1751124618.074136,d500a44f-2051-d64b-3d63-8985cc792954,dc0ede56-a540-1335-40df-62feeb997ac9,36,-68.0,-77.0,-70.0,-75.0,-3.125542048015994,-1.9758084006355476,0.08322005563945008,-1.7981715611856273,0.1270215654306877,0.20318967037214886,0.5158926859575591,0.13227331910032397,-4.262519359588623,7.78632640838623,1.2588589191436768
1751124619.019777,d500a44f-2051-d64b-3d63-8985cc792954,5316ac3f-b2e0-31d7-6286-dd069008f91e,22,-63.0,-77.0,-73.0,-64.0,3.1306886068225728,-2.026638025833018,0.11078670239896928,-1.809048710025838,0.14411325060886868,0.15036179218500795,0.5328402774760101,0.11796566091381978,-4.26608419418335,7.78084945678711,1.31589937210083
1751124620.053009,d500a44f-2051-d64b-3d63-8985cc792954,99949622-32ce-a137-0f7d-2f9a14a68514,11,-67.0,-75.0,-69.0,-66.0,-3.1321408285649928,-1.9217835147622,-0.03183596030302523,-1.793458032372296,0.12834224366001482,0.1405431666543198,0.5264229247762734,0.0772041245397724,-4.266025066375732,7.782161712646484,1.352516531944275
1751124621.017364,d500a44f-2051-d64b-3d63-8985cc792954,282bb753-5f4e-8089-9ab3-539a865e4727,28,-65.0,-80.0,-70.0,-73.0,-3.0696984894342325,-1.949425928454732,-0.10262384734176741,-1.8023749614921538,0.172544592484823,0.17614804917678192,0.42202018569487393,0.10171642513459336,-4.282803535461426,7.79429006576538,1.38012957572937
1751124622.052978,d500a44f-2051-d64b-3d63-8985cc792954,14bdc667-60b7-4cc2-b91d-1749db01b195,27,-65.0,-77.0,-66.0,-69.0,-3.0636869359055963,-1.9757440852952222,0.06700593197472066,-1.8198136066261017,0.2053574668547165,0.2070358409079549,0.5614586065500016,0.07841888385912,-4.299894332885742,7.80968713760376,1.411704421043396
1751124623.020482,d500a44f-2051-d64b-3d63-8985cc792954,38aa682a-3a66-d1ed-a8fa-b40196eb17df,26,-77.0,-79.0,-78.0,-69.0,-2.983036830718073,-1.9842012196528778,0.10105924020134587,-1.9633373498829245,0.23056025854116777,0.15542544345790058,0.6088367083957019,0.08133528660173056,-4.33674192428589,7.82628345489502,1.4032613039016724
1751124624.020709,d500a44f-2051-d64b-3d63-8985cc792954,68117e66-481a-69ab-5a84-e25668e84e17,20,-69.0,-76.0,-62.0,-70.0,-2.9576864666177176,-1.9305208136665322,0.11534922997849303,-1.8030274359592233,0.27500520469652534,0.1549486543989923,0.5230477675687614,0.1034978801667746,-4.3470330238342285,7.8396477699279785,1.4026172161102295
1751124625.052565,d500a44f-2051-d64b-3d63-8985cc792954,e18d919c-e999-0a22-e8b8-134f4c3b3b25,21,-74.0,-80.0,-61.0,-64.0,-2.9254600868988865,-2.0463169220759405,0.09995056623954587,-1.7956084017944804,0.22057347103239786,0.11950844677805948,0.4489251700815629,0.1350357411976575,,,
1751124626.017667,d500a44f-2051-d64b-3d63-8985cc792954,85e1cc8f-17cb-69dc-ee97-baa128e291e4,10,-69.0,-85.0,-69.0,-65.0,-2.9351097847926795,-2.083059090897164,0.03010437296225571,-1.8121691358750838,0.2332207065358865,0.1844981411033732,0.3955621463181274,0.15371318067979092,-4.341701984405518,7.84996223449707,1.4266507625579834
1751124627.052737,d500a44f-2051-d64b-3d63-8985cc792954,4700c23f-04cf-6ee9-a15a-f03877aa12c1,26,-68.0,-83.0,-67.0,-70.0,-2.8585992972035754,-2.0279518963568086,-0.020036825093429165,-1.825822097519484,0.4714746876634819,0.11016731770844411,0.2587192089718774,0.22949737430536032,-4.339194297790527,7.857734203338623,1.4236018657684326
1751124628.052579,d500a44f-2051-d64b-3d63-8985cc792954,3ca147b2-28af-0e44-10cc-eb9b8fdbe796,1,-77.0,-79.0,-64.0,-65.0,-2.9134990314950135,-2.0025654464236826,-0.06405728001578492,-1.6663105992905884,0.42780054355137725,0.14677566268489134,0.3175164129396196,0.2749228464398146,-4.325311660766602,7.863440036773682,1.4112014770507812
1751124629.020516,d500a44f-2051-d64b-3d63-8985cc792954,904ef6e5-d5c8-3477-0a3d-17e5b06d7ca8,26,-66.0,-84.0,-69.0,-71.0,-2.9890036431403955,-1.993909906564816,-0.114709272368547,-1.7089773694308568,0.5865654245686691,0.12259591600881563,0.33494896609257385,0.2166953924977813,-4.29805612564087,7.87318515777588,1.3870306015014648
1751124630.074334,d500a44f-2051-d64b-3d63-8985cc792954,af94660d-0126-db9e-74d5-e20ebea79bf3,1,-66.0,-81.0,-69.0,-67.0,-2.9404576785776677,-1.9229482482649465,-0.04234239711949683,-1.8220208345375593,0.3229826509455481,0.1073157712607554,0.27498446532953635,0.1773344707976554,-4.277181148529053,7.887516975402832,1.342570424079895
1751124631.01693,d500a44f-2051-d64b-3d63-8985cc792954,db53624c-42b1-2602-9c8b-774d043754ef,13,-67.0,-79.0,-60.0,-70.0,-2.943312054634015,-1.9531215970994351,0.05388027622615612,-1.8931629220012822,0.21530545543535531,0.10022656959701896,0.30413729083430674,0.16674331216900568,-4.263524055480957,7.893449306488037,1.298717975616455
1751124632.052588,d500a44f-2051-d64b-3d63-8985cc792954,0764d02f-5ea1-8776-a9bf-e839af143113,32,-67.0,-80.0,-74.0,-73.0,-3.03562281065445,-1.7684881008336586,0.009367136502135704,-1.8222927432848564,0.155913517661928,0.14970577238473737,0.2504102961736415,0.16805883052372075,-4.265865802764893,7.89073944091797,1.2872905731201172
1751124633.052893,d500a44f-2051-d64b-3d63-8985cc792954,a9320b14-617a-d373-4ab4-fb5a2cbb1ffa,9,-73.0,-81.0,-62.0,-67.0,-2.972497370704084,-1.7561249081051837,0.05158223452152674,-1.8529597090273913,0.12773372799568852,0.15327444153495717,0.49757263437133603,0.135407035787885,-4.268094062805176,7.888507843017578,1.3096414804458618
1751124634.034003,d500a44f-2051-d64b-3d63-8985cc792954,91ce4af1-f960-e899-8a60-b877f7ee8d2d,13,-68.0,-78.0,-63.0,-68.0,-2.981280475979166,-1.901192352687871,0.11261602775174472,-1.8807054533702183,0.13245582053640004,0.16809018924555644,0.5538938974736315,0.206139886938225,-4.240383625030518,7.887563228607178,1.3205809593200684
1751124635.051819,d500a44f-2051-d64b-3d63-8985cc792954,d40ae50b-fc5f-5776-9f34-89f662c23bdf,9,-69.0,-80.0,-66.0,-67.0,-2.903962784263658,-1.890978064642981,0.013569871018389749,-1.886729656914032,0.1707156832509679,0.14919466183728075,0.5628653548168087,0.20855316029427076,-4.246538162231445,7.888143062591553,1.230675458908081
1751124636.01775,d500a44f-2051-d64b-3d63-8985cc792954,a60cea08-0c3d-838b-eeb9-d106dce37d8f,5,-69.0,-78.0,-64.0,-71.0,-2.824452512022688,-1.910040572251605,-0.06530949836034018,-1.8336118437079658,0.14767992238827093,0.12992999533478483,0.5451060650876153,0.14657086559706423,-4.25248908996582,7.89269208908081,1.1256613731384277
1751124637.052384,d500a44f-2051-d64b-3d63-8985cc792954,d84c28ce-3d35-8e1c-d63a-96ca114b9aba,32,-66.0,-80.0,-71.0,-76.0,-3.045330032827789,-1.89452992258882,-0.11030866498330005,-1.8037262494292599,0.1346959384873202,0.14916009067738017,0.44902001190588336,0.11776981870515808,-4.26232624053955,7.901079177856445,1.0743584632873535
1751124638.074712,d500a44f-2051-d64b-3d63-8985cc792954,a32549b4-b576-598e-477d-fb8c54a0dacb,10,-68.0,-75.0,-69.0,-69.0,-2.911389807911671,-1.8966608509350469,-0.08736286903117735,-1.8182286263033411,0.10924666291960371,0.14028851851983773,0.5639314182011672,0.09240146994506637,-4.29248332977295,7.908779621124268,0.9974482655525208
1751124639.034424,d500a44f-2051-d64b-3d63-8985cc792954,38acb924-d78d-d369-8b59-164a95241319,25,-64.0,-84.0,-73.0,-73.0,-2.9785451432235446,-1.9081776910690944,-0.07173171132906626,-1.874159802884967,0.1401547945436021,0.136219358177008,0.36409336935039693,0.14947294552643717,,,
1751124640.020797,d500a44f-2051-d64b-3d63-8985cc792954,77685960-8ab5-cfd5-7988-7c4460a7df34,21,-64.0,-77.0,-73.0,-74.0,-2.9560065446020953,-1.9128920188307523,-0.04374987775560371,-1.8108613906218005,0.2384158014533313,0.14284260651852143,0.43361202710312097,0.15058190244910305,-4.325854301452637,7.916263580322266,1.0068292617797852
1751124641.01844,d500a44f-2051-d64b-3d63-8985cc792954,ae77de49-355f-19c8-6a88-f77ac558af34,6,-69.0,-74.0,-64.0,-69.0,-2.9162727137703315,-1.8956737502770087,0.0008625978770766653,-1.8275052153284141,0.21193683961727092,0.14678797980493297,0.39194087973637853,0.1408879960812146,-4.33796262741089,7.917840957641602,0.9428850412368774
1751124642.03341,d500a44f-2051-d64b-3d63-8985cc792954,ba9c9ea0-9073-10ff-c8ef-0859c9e9dd93,3,-75.0,-72.0,-69.0,-66.0,-2.923165240987565,-1.9300691415456546,-0.1420932262772868,-1.7996291092502275,0.17946714684334772,0.1728640553023348,0.4472419191145784,0.13328187484989376,-4.351052284240723,7.927332401275635,0.966465175151825
1751124643.021587,d500a44f-2051-d64b-3d63-8985cc792954,797fe899-dd12-443f-9a8e-08d8aa6a840c,2,-80.0,-78.0,-62.0,-73.0,-2.873955084048972,-1.9255601435040413,-0.1418572702047057,-1.7970254698105117,0.23361943168534177,0.1315754294142903,0.5016618516461254,0.15647679287723662,-4.33205795288086,7.93810510635376,0.9492987394332886
1751124644.034315,d500a44f-2051-d64b-3d63-8985cc792954,17beeefd-8d67-5f19-a55f-49d95eaed9db,23,-69.0,-75.0,-65.0,-71.0,-2.9247479576233997,-1.9196256884889635,0.10838905846957093,-1.844828412429107,0.18556541955497927,0.13569960900076541,0.44050655169117253,0.14778108922018035,,,
1751124645.03449,d500a44f-2051-d64b-3d63-8985cc792954,40624776-c07b-81b8-d1ac-e72af8a57eb6,36,-66.0,-81.0,-71.0,-72.0,-3.027579265214084,-1.9814126236754557,-0.03686560633774888,-1.8649805523977367,0.16969251340491628,0.09092050270763011,0.3367151412380008,0.1804248029265834,-4.324548721313477,7.94655990600586,0.9458640217781067
1751124646.018303,d500a44f-2051-d64b-3d63-8985cc792954,0aec25b6-6687-61d0-2ccd-5fb9164abf0c,26,-66.0,-78.0,-77.0,-71.0,-3.041990162504721,-2.143931363407269,0.03884753082098585,-1.8424060011015708,0.26517968823651655,0.1879383460205103,0.4290398788541593,0.21254520547878591,-4.317840576171875,7.95382261276245,0.960897207260132
1751124647.052758,d500a44f-2051-d64b-3d63-8985cc792954,9c2a251e-b463-ce37-b68a-e0b7fa3cc5c4,8,-72.0,,-64.0,-72.0,-2.958946408129434,,0.014882276803580797,-1.9619688845567873,0.17098000198915828,,0.43613736960678856,0.25853408598660327,-4.321581840515137,7.961666107177734,1.081136703491211
1751124648.052226,d500a44f-2051-d64b-3d63-8985cc792954,a643f4f1-d800-3d4d-0461-9ab38c42aa63,26,-64.0,-81.0,-73.0,-69.0,-2.9658221574318,-1.9664712246956753,-0.034073281934800796,-1.8044070865619388,0.32291943415917235,0.25494988727827694,0.47914445844485554,0.2768956329515613,-4.322978973388672,7.970032691955566,1.1353638172149658
1751124649.033208,d500a44f-2051-d64b-3d63-8985cc792954,16c7acbd-6c6d-1d86-7cf4-f4be992866cc,4,-70.0,-80.0,-63.0,-74.0,-2.9301091672138377,-1.8943726629264506,-0.10556903719128605,-1.78368556275225,0.14396411358782424,0.1158919738862728,0.4333410171726918,0.28365894692165605,-4.310079097747803,7.979844093322754,1.1706656217575073
1751124650.020553,d500a44f-2051-d64b-3d63-8985cc792954,e3f65520-7f0f-21aa-ae21-a83e5dba3e7c,18,-63.0,-83.0,-66.0,-75.0,-2.952258411683918,-1.8308569367183332,-0.1376747757127363,-1.7304352572819524,0.200970707907138,0.08707652095734499,0.522230276982648,0.16615941410000581,,,
1751124651.01956,d500a44f-2051-d64b-3d63-8985cc792954,8cac77ef-4c6c-eb1f-b801-39de1cf8addf,35,-65.0,,-67.0,-88.0,-3.078405161986028,,-0.0009161274149872579,-1.7971626226066506,0.1770996299237809,,0.3880959742020903,0.254670754706523,-4.306604385375977,7.98676872253418,1.2667937278747559
1751124652.035499,d500a44f-2051-d64b-3d63-8985cc792954,72a97089-14a6-ea61-2b23-39a33ec8cad3,19,-64.0,,-69.0,-69.0,-3.1115617838736234,,0.0020437098205268074,-1.8932199136486099,0.38656502275994464,,0.5502156725340686,0.21567268870492046,-4.321206092834473,7.988585948944092,1.2739875316619873
1751124653.021257,d500a44f-2051-d64b-3d63-8985cc792954,45dc6578-bdd0-9dbd-86b1-28d4d7c05b58,13,-64.0,,-73.0,-67.0,-3.063117019432319,,0.006973220998263477,-1.883753174921705,0.494368551974348,,0.47532628439000896,0.17865415034157375,-4.339695930480957,7.99299192428589,1.3899062871932983
1751124654.020792,d500a44f-2051-d64b-3d63-8985cc792954,b97b009e-2fcb-6407-77c9-66f8720fd6b4,18,-62.0,,-77.0,-74.0,-3.0595742162341866,,0.07435732184777538,-1.8697816992109315,0.5752125685787429,,0.4829309408827302,0.1350898116901645,,,
1751124655.075348,d500a44f-2051-d64b-3d63-8985cc792954,c29c1d36-16be-e9bf-f34d-72501a514004,15,-62.0,,-76.0,-63.0,-3.0542140719081843,,0.009378321778714036,-1.8039225244015988,0.5822092919736265,,0.44168190454876544,0.17720360971959168,-4.342517852783203,7.987774848937988,1.3891139030456543
1751124656.052707,d500a44f-2051-d64b-3d63-8985cc792954,8d6ec85e-4d67-9584-fe39-d22ab2409876,1,-70.0,-75.0,-66.0,-65.0,-3.1010777176103086,-1.951863919274645,-0.025689650823231356,-1.7624705551925701,0.412967268911854,0.3264651002554766,0.4832668320752165,0.13736137990908281,-4.35993528366089,7.979588985443115,1.379004955291748
1751124657.053151,d500a44f-2051-d64b-3d63-8985cc792954,d79d6d92-d4d0-a79e-995a-618324f1c926,4,-64.0,-74.0,-67.0,-65.0,-3.107037605813797,-2.0039436322877986,-0.1130860756841437,-1.7511566479335863,0.3408414763204832,0.36348906480954424,0.2977791934688243,0.11296383659010907,-4.3543500900268555,7.975947856903076,1.3617339134216309
1751124658.075317,d500a44f-2051-d64b-3d63-8985cc792954,7f523b9b-8f4a-4ba7-365f-4a278b3cd071,14,-63.0,,-67.0,-68.0,-3.1157605236482424,,-0.11263520251159327,-1.8029344916371794,0.39365046270864135,,0.3987644643708932,0.14088025626929657,-4.345526695251465,7.975451469421387,1.369200348854065
1751124659.074589,d500a44f-2051-d64b-3d63-8985cc792954,885630e8-9027-30bb-8105-244217cb095e,32,-65.0,-77.0,-73.0,-69.0,-3.0551682825267594,-1.9966962388553116,0.02461666322003843,-1.7994179205757843,0.3862909501942618,0.3810528119356986,0.48081402742173984,0.1643340834888655,,,
1751124660.075748,d500a44f-2051-d64b-3d63-8985cc792954,0abbd407-a235-a32d-8d51-5ce538a9aa2e,32,-65.0,-82.0,-75.0,-76.0,-3.088753407033749,-2.024084720137904,0.04873531531623205,-1.7998268489611662,0.1812310083675776,0.3398757808197069,0.45476371800788457,0.154017130583953,-4.328112602233887,7.97229528427124,1.3479396104812622
1751124661.018399,d500a44f-2051-d64b-3d63-8985cc792954,3342d16e-9991-7689-0b5e-e0a1f0d55c5e,15,-63.0,-82.0,-66.0,-66.0,-3.064586551721825,-1.967541549137778,0.03648903535961167,-1.8591570180420605,0.26527071841152683,0.28282091670563536,0.5062531746549356,0.15283761653715697,-4.317919731140137,7.967783451080322,1.3661174774169922
1751124662.053053,d500a44f-2051-d64b-3d63-8985cc792954,e4c5cbf0-03e5-0b80-8235-ba656958acab,32,-67.0,-83.0,-82.0,-75.0,-3.116782378558506,-1.8276849787019942,0.10214980466773331,-1.8086472384915084,0.18662678911791675,0.2031294662867562,0.47240939062707243,0.15252720846735143,-4.31776523590088,7.953537940979004,1.3773924112319946
1751124663.075525,d500a44f-2051-d64b-3d63-8985cc792954,34a0104b-a7d3-60c8-ec6a-873d41e06500,9,-66.0,,-62.0,,-3.112484569191336,,0.0757791835537687,,0.20044040595507598,,0.378834898090367,,,,
1751124664.057468,d500a44f-2051-d64b-3d63-8985cc792954,53b15bfe-27d1-18cf-9145-5144a63d4760,29,-65.0,,-81.0,-75.0,-3.1153727673935268,,0.13062538830729656,-1.8482371254663539,0.1687522178030365,,0.5124654972402498,0.1639694800908768,-4.314679145812988,7.939257621765137,1.377986192703247
1751124665.020127,d500a44f-2051-d64b-3d63-8985cc792954,2ba6f243-9c77-7df0-7eb1-f7340c86b682,4,-68.0,-80.0,-66.0,,-3.079452316926647,-1.9061403728351836,0.12470677910070445,,0.17494549878655666,0.09593220569450939,0.43923392687476454,,,,
1751124666.018395,d500a44f-2051-d64b-3d63-8985cc792954,6ccf23d7-67be-d863-e3f6-feb061f8c0a0,18,-63.0,-82.0,-72.0,,-3.1275202440737058,-1.8545482846176236,0.15960430939288478,,0.15992768372824764,0.1001648924506484,0.508344987822652,,-4.281378746032715,7.9239501953125,1.3801476955413818
1751124667.075352,d500a44f-2051-d64b-3d63-8985cc792954,49a170df-908d-865d-6e98-b14d651d3c1c,3,-70.0,-81.0,-63.0,,-3.0670582315295274,-1.9475069877312756,0.13605291060887806,,0.2020525172314418,0.13973108561417055,0.527424739399334,,-4.244444370269775,7.91221523284912,1.360990047454834
1751124668.056947,d500a44f-2051-d64b-3d63-8985cc792954,6ab87ec0-beda-c761-39ed-fadc5fd5559d,30,-65.0,,-70.0,,-3.0955889426036554,,0.009267534277366742,,0.1951534153352666,,0.4745819308653318,,,,
1751124669.075614,d500a44f-2051-d64b-3d63-8985cc792954,0506f6ce-81ad-9b0b-4815-f3976f351d18,34,-66.0,,-78.0,,-3.090437323791006,,-0.030050577108236106,,0.14255531801592916,,0.41845407983720334,,-4.22189998626709,7.909193515777588,1.3705580234527588
1751124670.02161,d500a44f-2051-d64b-3d63-8985cc792954,a1a4f516-7f49-7537-4fa8-6a706a41cbcd,19,-62.0,,-67.0,,-3.066370603336069,,-0.03582297877098285,,0.17900062759939306,,0.43371266130281233,,-4.208019256591797,7.91129732131958,1.4141069650650024
1751124671.018893,d500a44f-2051-d64b-3d63-8985cc792954,61c547b0-ae47-c760-00d0-6456b3bfa02a,21,-62.0,,-72.0,,-3.1192961363114318,,0.11115208810052815,,0.3108096744979321,,0.4326697674199373,,-4.20330286026001,7.906611919403076,1.396469235420227
1751124672.053613,d500a44f-2051-d64b-3d63-8985cc792954,448bd345-9a85-4fcb-d3cc-0c0aa8e1ff63,36,-69.0,,-79.0,,3.109925537699879,,0.0940428759934231,,0.15628566113475298,,0.420192058764589,,-4.2026686668396,7.892345428466797,1.4048644304275513
1751124673.052515,d500a44f-2051-d64b-3d63-8985cc792954,0ba37aec-c100-22a0-0aa1-df1f3384c69b,23,-62.0,-77.0,-76.0,-71.0,3.09388585108655,-1.1492055425362844,-0.011334147283268231,-1.7256938984352297,0.21821762208735695,0.39946813810991944,0.4409464060347128,0.4327310534145227,-4.192753791809082,7.879965782165527,1.3916888236999512
1751124674.035159,d500a44f-2051-d64b-3d63-8985cc792954,3d154c21-7133-1fb6-56f8-2adb898bc715,14,-63.0,-77.0,-66.0,-66.0,3.0999477383597878,-1.1376550134144472,-0.025214010252543204,-1.7330701888644768,0.24401860968891043,0.44788830160065424,0.4029238226508926,0.44567964224011064,-4.17721128463745,7.866727828979492,1.4081292152404785
1751124675.035363,d500a44f-2051-d64b-3d63-8985cc792954,4ad388fc-b797-821f-b822-3d84338d0110,22,-62.0,-75.0,-70.0,-69.0,2.986500804347939,-1.025915565135502,-0.015334481556676254,-1.7359538596928146,0.36851381728576493,0.4048292145423034,0.4949792481018168,0.4766577650665077,,,
1751124676.016823,d500a44f-2051-d64b-3d63-8985cc792954,fe35d483-96d3-d863-578b-730753c37f8a,6,-66.0,,-63.0,-70.0,3.122299116756605,,-0.055800149055994244,-1.7116940600588466,0.3500435634140612,,0.48555482034673075,0.29401092039490306,,,
1751124677.052445,d500a44f-2051-d64b-3d63-8985cc792954,ffa1749f-7f41-3514-40a0-e44bb633dbb1,33,-66.0,-81.0,-80.0,-85.0,3.1317011406690205,-0.988695625214718,-0.09533237859323945,-1.66876363697066,0.14172050023797333,0.2332296614150519,0.4467841217231937,0.21337616167316106,-4.159334659576416,7.86111831665039,1.416848063468933
1751124678.035739,d500a44f-2051-d64b-3d63-8985cc792954,7927a876-5d11-9fbf-3431-bf6f896dbf34,3,-68.0,-81.0,-62.0,-73.0,-3.021543743235637,-1.340501468901112,-0.16294790814147928,-1.6515445694685897,0.14417109113879387,0.2024789891905044,0.42973832613954616,0.1385194971209958,,,
1751124680.075589,d500a44f-2051-d64b-3d63-8985cc792954,8a9321fe-625e-edc1-e2f3-33e2278e3ecc,31,-65.0,-89.0,-75.0,-82.0,-3.0068878351247132,-0.9974875189213968,-0.21899306801776078,-1.6991076944310233,0.1536685893762889,0.20413863789232814,0.3423397707497618,0.20572777940429204,-4.13609790802002,7.858407020568848,1.4273210763931274
1751124681.035718,d500a44f-2051-d64b-3d63-8985cc792954,6800dd98-c6a3-7bf6-85f3-19954724eeeb,30,-66.0,-79.0,-73.0,-75.0,-3.0551999741437315,-1.0520202696146221,-0.25988617287203647,-1.7412157333745932,0.21349876695184555,0.17906710675810417,0.3485113802599114,0.1542828974159861,-4.132917881011963,7.8589768409729,1.4339008331298828
1751124682.022362,d500a44f-2051-d64b-3d63-8985cc792954,7d3bc25e-adf3-686a-4a57-448075a2d161,18,-63.0,-83.0,-66.0,-75.0,-3.035883534125169,-1.6116677268862882,-0.25480326361551126,-1.7496765961577747,0.2715146327452721,0.21268373978974045,0.4602846839742142,0.17792337893845603,,,
1751124683.052524,d500a44f-2051-d64b-3d63-8985cc792954,1e631a07-6a86-1878-331b-102db60d09e3,1,-71.0,-81.0,-63.0,-69.0,-2.9815734236990736,-1.6275027495698446,-0.2534596988455663,-1.71617616017345,0.21045167790111777,0.24833551059214484,0.48734316630823266,0.18776174515072444,-4.1256842613220215,7.857520580291748,1.4230273962020874
1751124684.036097,d500a44f-2051-d64b-3d63-8985cc792954,f8e76bf3-34f0-290c-96c3-e1209a6e4267,30,-66.0,,-81.0,-70.0,-2.9823702414972257,,-0.26796354045824683,-1.7161949354591353,0.3206851085836231,,0.5546575589162117,0.21983760633369537,-4.117429733276367,7.852922439575195,1.37244176864624
1751124685.022589,d500a44f-2051-d64b-3d63-8985cc792954,1779184b-d849-c7ac-e85f-fe33f3bb03cb,36,-68.0,,-67.0,,-2.9799792554705524,,-0.16421370860759393,,0.38614667344220677,,0.4315970461328534,,-4.10715627670288,7.849852561950684,1.3069512844085693
1751124686.017803,d500a44f-2051-d64b-3d63-8985cc792954,cb1775e9-da64-cbf0-28e5-dddebef8e416,32,-70.0,,-73.0,,-2.9504301515955786,,-0.21841036837125144,,0.48342975095490204,,0.3394024372254589,,-4.09953784942627,7.859365463256836,1.2374131679534912
1751124687.052938,d500a44f-2051-d64b-3d63-8985cc792954,4919cb62-145b-9a40-7bcc-d288b8703c3b,8,-69.0,,-61.0,,-2.957243849244546,,-0.208682107225301,,0.38030559551284954,,0.42049099859695044,,,,
1751124688.075921,d500a44f-2051-d64b-3d63-8985cc792954,c9d172d9-d17d-d4a7-7c98-70f1e7a1b54f,25,-69.0,,-71.0,,-2.9333555605826445,,-0.21140918418154214,,0.38108476986877954,,0.46639613933324164,,,,
1751124689.053073,d500a44f-2051-d64b-3d63-8985cc792954,bac55a45-669e-ae19-adf0-037403d31e22,7,-73.0,-85.0,-52.0,,-2.939050197941561,-2.010054921199258,-0.13490269133407282,,0.36468379216406743,0.12318288503544748,0.37059900584026967,,-4.08482265472412,7.883989334106445,1.2125000953674316
1751124690.036493,d500a44f-2051-d64b-3d63-8985cc792954,f0c342a5-7d54-009d-0cc4-5d7aa2f47e48,6,,-85.0,-51.0,-73.0,,-2.1536424471641884,-0.09824374629691408,-1.99390617813929,,0.1719093286962982,0.31750303055514195,0.12698462239294125,-4.077661514282227,7.907849311828613,1.1966423988342285
1751124691.037357,d500a44f-2051-d64b-3d63-8985cc792954,80498c6f-ad7e-9e18-58ab-996499bfb1b8,34,,-89.0,-61.0,-75.0,,-2.135657055058447,-0.07184169988208654,-1.935590939749825,,0.19487671289800737,0.3675584748237262,0.18705068113967327,,,
