create_time,idppe,idbeacon,bluetooth_channel,rssi_1,rssi_2,rssi_3,rssi_4,az_1,az_2,az_3,az_4,el_1,el_2,el_3,el_4,x,y,z
1751124359.069404,d500a44f-2051-d64b-3d63-8985cc792954,06229ad7-b2cb-0dcd-e243-dfb67598e662,5,-66.0,-74.0,-66.0,-67.0,-2.786195936647591,-1.8970503382444706,0.13706810761641625,-1.578538935032084,0.4038791651129313,0.24087990789668395,0.16172744799292318,0.1152060018461172,-2.10439133644104,7.973325729370117,1.2016308307647705
1751124360.019314,d500a44f-2051-d64b-3d63-8985cc792954,d7eb5a64-c43b-e21e-1500-211face9ad51,26,-75.0,-76.0,-75.0,-75.0,-2.7763470343042598,-1.818664585773787,-0.0162737784731472,-1.5169669169455609,0.3506460370316644,0.2094888952327837,0.3263271152214968,0.1408747135652778,-2.2249512672424316,7.955312252044678,1.226637840270996
1751124361.021514,d500a44f-2051-d64b-3d63-8985cc792954,20c9365b-08c2-2b20-97b3-7e3333e16e0c,6,-69.0,-85.0,-67.0,-76.0,-2.761121209720059,-1.8890246359834078,-0.009576993596033949,-1.5394598423543158,0.3468304928483943,0.15606227185356578,0.23168123297825258,0.16201228971626397,-2.3449110984802246,7.9453253746032715,1.22452175617218
1751124362.04788,d500a44f-2051-d64b-3d63-8985cc792954,696a785f-c359-715a-e04e-98b6c4c559a3,10,-79.0,-83.0,-67.0,-68.0,-2.633581359851728,-1.8585832399852027,-0.0017286578635704335,-1.604605289991507,0.34364155718010614,0.12805133492281567,0.17036536105432476,0.1600588610566909,-2.4651031494140625,7.936115264892578,1.2273749113082886
1751124363.020436,d500a44f-2051-d64b-3d63-8985cc792954,912879d8-7a41-bbed-d74a-c40b96bfce32,16,-67.0,,-70.0,-83.0,-2.673805744956285,,-0.0857479281461533,-1.5650918357399468,0.3029662323239717,,0.1234056334934974,0.20611007617877292,,,
1751124364.019207,d500a44f-2051-d64b-3d63-8985cc792954,cfca4da0-8b25-be96-5bd3-925140ef22fd,19,-68.0,-87.0,-74.0,-75.0,-2.7103965130695373,-1.8187768380137337,-0.11376624702654993,-1.5742335356558073,0.3847577683547032,0.15670417690005894,0.10417815970010012,0.13290079314266026,-2.5754776000976562,7.93311309814453,1.236750602722168
1751124365.068114,d500a44f-2051-d64b-3d63-8985cc792954,500cb364-9da5-3b04-eb29-3ea4295be1c5,28,-74.0,-89.0,-75.0,-82.0,-2.597208438315644,-1.8028700431387996,-0.05240035760839909,-1.5206812277178943,0.6160920913114594,0.20881566475396848,0.16613865808826,0.19137465606455314,-2.6811928749084473,7.930171966552734,1.1740092039108276
1751124366.013404,d500a44f-2051-d64b-3d63-8985cc792954,e3645563-3fd2-9d61-a90a-ce6e629db3de,36,-73.0,-88.0,-78.0,-78.0,-2.788578666874885,-1.7532771899515618,-0.1166118346512996,-1.488066292796021,0.8496126364965751,0.23423552071401796,0.20785181682119835,0.25291167022749844,-2.7577686309814453,7.958710670471191,1.0981669425964355
1751124367.02164,d500a44f-2051-d64b-3d63-8985cc792954,fa6e3317-3c2f-2a32-7c0a-53b5fad0b037,26,-76.0,-80.0,-75.0,-76.0,-2.737282455854433,-1.7100418349185618,-0.009546899875716053,-1.4813520642137676,0.8948745905400987,0.18293201929008165,0.3005261442647002,0.20306395252394027,-2.8111355304718018,7.9624152183532715,1.0454607009887695
1751124368.016074,d500a44f-2051-d64b-3d63-8985cc792954,e58712d4-e17d-8e25-da09-3c436dd80b29,35,-67.0,-84.0,-79.0,-78.0,-2.4714534390098843,-1.7594077867809241,-0.07187685360847558,-1.47630071341616,0.6099190170627102,0.21045600553788918,0.33962181512025413,0.14450804759571612,-2.86091685295105,7.966578483581543,1.050278663635254
1751124369.048675,d500a44f-2051-d64b-3d63-8985cc792954,0714b847-9b50-02b0-1ada-550cccf369df,30,-82.0,-78.0,-76.0,-71.0,-2.4847074591229905,-1.7524180541839023,-0.04622022598276121,-1.5177287141753781,0.6251941101270777,0.19089210791978764,0.3955185370552774,0.15638363217335424,-2.9065661430358887,7.96372413635254,1.1436866521835327
1751124370.015726,d500a44f-2051-d64b-3d63-8985cc792954,3326ecd7-8003-1bf2-fe6e-10a7a560ac04,33,-74.0,-86.0,-82.0,-79.0,-2.479803514291719,-1.701298543901777,-0.12294083698187291,-1.4982512860689199,0.784725914959285,0.10836529807922039,0.40805383656919864,0.09881529395635871,-2.9239087104797363,7.995656967163086,1.161178708076477
1751124371.013369,d500a44f-2051-d64b-3d63-8985cc792954,5bf5be61-aa04-de6e-db7e-2d474a7e066f,34,-72.0,-94.0,-76.0,,-2.4926708434145457,-1.744603540597283,-0.23244309678709696,,0.9507803339333145,0.11474895346878917,0.3557413965662858,,-2.93707275390625,8.04386901855469,1.1245976686477661
1751124372.0488,d500a44f-2051-d64b-3d63-8985cc792954,1868ccf7-a0c1-45bd-46f9-f7f150da46ab,19,-73.0,-79.0,-73.0,-72.0,-2.4692552658461326,-1.7966180061637296,-0.2124728507209198,-1.5175129981270818,1.0317572755656181,0.17808440031586492,0.3470511024551937,0.08325988654250358,,,
1751124373.015325,d500a44f-2051-d64b-3d63-8985cc792954,315ef651-6704-eb33-5505-81f5ae9fb8fc,22,-72.0,-80.0,-71.0,-72.0,-2.45968865857835,-1.7736345264821822,-0.1969383657663786,-1.5691013579191153,1.1966217941646002,0.17772489021346105,0.33745017369886265,0.09063016821454105,-2.966787338256836,8.087358474731445,1.1113390922546387
1751124374.016288,d500a44f-2051-d64b-3d63-8985cc792954,31867128-0d30-1c8e-1227-10f43abf5af1,27,-78.0,-79.0,-95.0,-72.0,-2.499916772108433,-1.7519461420387403,-0.19815383248789076,-1.5672235630345006,1.2252288048039586,0.14068557919361172,0.37692764198619316,0.1105250717890042,-2.9983482360839844,8.13374137878418,1.074601411819458
1751124375.016634,d500a44f-2051-d64b-3d63-8985cc792954,d7ea9e6b-b93c-f64b-8b5b-5957491bd4b1,9,-64.0,-75.0,-73.0,-69.0,-2.5020201367373778,-1.7557976056072129,-0.18843089766412047,-1.5822712221417754,0.9157786074634848,0.10940842498869081,0.2987580716169966,0.12576061691118404,,,
1751124376.013299,d500a44f-2051-d64b-3d63-8985cc792954,62e1194f-64c8-6fc2-30e9-48b196994cf4,23,-71.0,-82.0,-73.0,-70.0,-2.536850555370088,-1.821053174955479,0.0875058807817146,-1.5766341090624048,1.0343632452712879,0.11656048557653151,0.3166080086917935,0.09298912140672759,-3.0247488021850586,8.147223472595215,1.0501670837402344
1751124377.04764,d500a44f-2051-d64b-3d63-8985cc792954,0812bc35-1c28-2082-0c16-f9c11b3a1921,20,-72.0,-80.0,-66.0,-72.0,-2.5796230530056325,-1.7196193611468134,0.16475939031495113,-1.5905141051897342,0.9609896951301877,0.11116937368047844,0.2878227327069677,0.09307247834884706,-3.0489466190338135,8.11757755279541,1.05604887008667
1751124378.016549,d500a44f-2051-d64b-3d63-8985cc792954,1a9dfbf6-c385-93a3-6771-df619784f547,24,-68.0,-82.0,-70.0,,-2.603296424567565,-1.7457060892885756,0.2168548159785362,,0.8973599856274151,0.11918639570086326,0.41011042943149867,,-3.0660603046417236,8.061737060546875,1.0642101764678955
1751124379.049693,d500a44f-2051-d64b-3d63-8985cc792954,45ea2252-7914-c42f-35b3-9607a2f69347,9,-75.0,-81.0,-68.0,-66.0,-2.59337348634593,-1.7244790975039899,0.21086510037083894,-1.5555995306665775,0.6255917200778265,0.14800078336535502,0.30868051049592743,0.1212739228437003,-3.07294511795044,8.00742721557617,1.1064342260360718
1751124380.015874,d500a44f-2051-d64b-3d63-8985cc792954,46832275-017f-cfb1-49e1-08afc4d8cf96,35,-82.0,-92.0,-72.0,-78.0,-2.613875565681796,-1.670359003621672,0.12691507227659815,-1.5361334209947526,0.5127680656295965,0.16626692258426096,0.1791484663294061,0.1745713080086437,,,
1751124381.013613,d500a44f-2051-d64b-3d63-8985cc792954,0d9922f1-80be-2ad8-3dcc-68087c08fa9e,19,-78.0,-75.0,-76.0,-73.0,-2.659056892523317,-1.744430568284482,0.10743245100601448,-1.5375789848344472,0.938868280693499,0.16922432968528028,0.1436595977619305,0.15532555827226577,-3.0911989212036133,7.92061710357666,1.143823266029358
1751124382.021721,d500a44f-2051-d64b-3d63-8985cc792954,83521564-5614-6cf4-df44-f13bcc73ba37,4,-69.0,-76.0,-65.0,-66.0,-2.6432070892957102,-1.7931142182755668,0.08488959132682075,-1.54536580154573,0.5155922813865982,0.3032263232939315,0.15607122673273113,0.20006882840398268,-3.121492624282837,7.82892370223999,1.134713053703308
1751124383.069854,d500a44f-2051-d64b-3d63-8985cc792954,259d4044-b8f0-0c7d-6b34-ec51ec9f9966,34,-73.0,-93.0,-76.0,-80.0,-2.6696000809628315,-1.7835896889530074,-0.025963690099400506,-1.513123709176468,0.5689922232206451,0.2225576592025614,0.13466254078277493,0.28717122363579345,-3.1462175846099854,7.7231011390686035,1.0864653587341309
1751124384.016591,d500a44f-2051-d64b-3d63-8985cc792954,41116a4d-859c-6943-d09d-6de9fadcb65a,21,-68.0,-87.0,-75.0,-82.0,-2.6410834846424813,-1.79796410093671,-0.009070460356700878,-1.518548834633068,0.4701502310743582,0.2757342117554209,0.15515897754608132,0.23970433865725255,-3.1744582653045654,7.603309154510498,1.0469931364059448
1751124385.069954,d500a44f-2051-d64b-3d63-8985cc792954,d2693f50-91ba-d356-7952-dd6b3b191189,14,-65.0,-80.0,-76.0,-91.0,-2.642445158907839,-1.8489913326870644,-0.002125735182101248,-1.5403121870611955,0.6034272290105058,0.13762848664403934,0.12912985690764892,0.28506902413982577,,,
1751124386.013548,d500a44f-2051-d64b-3d63-8985cc792954,e84246ba-c919-0460-0c53-60ce3ac564ff,36,-68.0,-80.0,-84.0,-75.0,-2.5628121149406167,-1.8342822945123933,-0.045022602440552575,-1.5004819497979704,0.6577089101919641,0.14173704512624546,0.11446625059669885,0.20264014372596778,-3.18970251083374,7.48891258239746,1.0453016757965088
1751124387.049308,d500a44f-2051-d64b-3d63-8985cc792954,8eec6dee-6ec8-36ba-b7ba-821f825b2cd9,13,-79.0,-83.0,-73.0,-71.0,-2.516562860501973,-1.8728969318960516,0.03498221881484484,-1.4882774814704647,0.6077525355159307,0.2932101411446299,0.13676162770921857,0.16137807454741845,-3.197638988494873,7.383548736572266,1.0596851110458374
1751124388.069898,d500a44f-2051-d64b-3d63-8985cc792954,859723a1-6302-7d61-2cda-05bc56dc493b,7,-64.0,,-75.0,-74.0,-2.5532803950831138,,0.06365114794954783,-1.5345531012038989,0.4894121095800879,,0.18752394151013718,0.1328146482037746,,,
1751124389.015671,d500a44f-2051-d64b-3d63-8985cc792954,db14ea37-1e16-7f69-6612-cc41f5ada88f,7,-67.0,-81.0,-74.0,-71.0,-2.5831413551217364,-1.886668271050906,-0.013758689139676367,-1.4332548422947191,0.41824598708752725,0.17577633846763413,0.17355459632823553,0.10265313379137987,-3.1920995712280273,7.330543518066406,1.0860381126403809
1751124390.015966,d500a44f-2051-d64b-3d63-8985cc792954,3f0c8052-5d3f-8ad1-93e2-6099eeb247b4,27,-67.0,-84.0,-83.0,-76.0,-2.5480912256990944,-1.83677567908298,-0.027525634078731983,-1.4121836454339025,0.3876578509132586,0.13494060809009278,0.19514654105070284,0.13000425591730602,-3.17684555053711,7.339849948883057,1.1475518941879272
1751124391.011921,d500a44f-2051-d64b-3d63-8985cc792954,f933b3af-2407-8ce2-c060-204c46c4b431,15,-69.0,-80.0,-71.0,-75.0,-2.5586844815671026,-1.7354071127210213,-0.049201901139213924,-1.4650617741418621,0.5354546361391136,0.12199379193110552,0.12096246615421552,0.12373754658910532,-3.1626150608062744,7.35992670059204,1.2087106704711914
1751124392.048145,d500a44f-2051-d64b-3d63-8985cc792954,1165d4fa-4c58-ca02-bca9-2a9891fb0b3f,32,-71.0,-87.0,-85.0,-80.0,-2.5404729870848137,-1.7397768274376233,-0.11349513722757987,-1.4933168480431669,0.5561625112482155,0.14357004897027661,0.15721295718156175,0.16201906413228687,-3.1609537601470947,7.415987491607666,1.2201087474823
1751124393.022499,d500a44f-2051-d64b-3d63-8985cc792954,e78c948e-9974-1cd0-f10d-2b0fe17b248c,19,-72.0,-81.0,-77.0,-78.0,-2.5401936214864644,-1.7302666791849504,-0.04192534609279042,-1.496526356630876,0.7936201406308498,0.1807609105009082,0.16491035825924502,0.16470950597878262,-3.1494762897491455,7.49897289276123,1.205289602279663
1751124394.021454,d500a44f-2051-d64b-3d63-8985cc792954,efb4e152-1d31-d2ba-9963-d2436bd6bb02,36,-65.0,-86.0,-93.0,-76.0,-2.4557461149005966,-1.705432302545798,-0.14115313041248875,-1.5043977287067685,0.5492084982993142,0.18742512158893843,0.1622516413192349,0.11140642830700913,-3.125666618347168,7.6003265380859375,1.246437430381775
1751124395.016513,d500a44f-2051-d64b-3d63-8985cc792954,8a266b9b-4a66-5144-c5b2-ddd15a134c79,14,-75.0,-92.0,-75.0,-69.0,-2.5533387183109864,-1.8283867216492302,-0.08115637211074768,-1.5762094680265917,0.7952127109627174,0.27527789574739264,0.1406702826621006,0.08210892657602017,-3.117799758911133,7.704397201538086,1.3174976110458374
1751124396.011875,d500a44f-2051-d64b-3d63-8985cc792954,ae0e6ea5-0ff6-ae5d-5428-c972bcb563c2,22,-68.0,-82.0,-76.0,-75.0,-2.5810933842434656,-1.8272752513682857,-0.04438504167558761,-1.57548508821009,0.4954989306990321,0.23711604568331815,0.15003106086713378,0.11557355968844019,-3.1154723167419434,7.796473503112793,1.4048569202423096
1751124397.020671,d500a44f-2051-d64b-3d63-8985cc792954,f4beded4-977f-e521-9304-8e5cf591d6f8,34,-69.0,-82.0,-78.0,-78.0,-2.6156471004389164,-1.9087267017278142,-0.07821810648006326,-1.5321643788641524,0.4948611701969854,0.12178734701235394,0.14228201110905975,0.16551304825868673,-3.1144237518310547,7.88881015777588,1.476891279220581
1751124398.016271,d500a44f-2051-d64b-3d63-8985cc792954,dc7f050a-7d42-259d-615c-463ec8664cbe,12,-68.0,,,,-2.618086555997429,,,,0.4679751608330633,,,,,,
1751124399.022825,d500a44f-2051-d64b-3d63-8985cc792954,c4b6a3dc-a77d-ba2f-9aa4-9bf2f20b7d75,15,-68.0,-78.0,-79.0,-78.0,-2.64903515102524,-1.8977507496111614,-0.1309929045377275,-1.5291249131120452,0.6445726017990392,0.1843855393235333,0.1292211367540114,0.24610726035283234,,,
1751124400.015281,d500a44f-2051-d64b-3d63-8985cc792954,9942a88c-a98b-f736-7be6-a1454870d2e9,10,-66.0,-78.0,-74.0,-66.0,-2.5712522050672955,-1.8541992773567686,-0.06883818680469517,-1.5336032848011225,0.5028906674626016,0.15888851827089873,0.17942748238786232,0.16276305147231412,-3.1216180324554443,7.964250087738037,1.5051435232162476
1751124401.015063,d500a44f-2051-d64b-3d63-8985cc792954,b8cf20e0-b17b-6073-a20f-7406372f66fa,7,-64.0,,-77.0,-73.0,-2.581112825319423,,-0.025823874142171348,-1.4972394180127446,0.4238702171251247,,0.1866513567789727,0.14291845667531827,-3.1260409355163574,8.02040672302246,1.5240272283554077
1751124402.01599,d500a44f-2051-d64b-3d63-8985cc792954,896d0b30-1132-5fce-fe61-42f3a0823194,31,-66.0,-92.0,-83.0,-85.0,-2.4435062265305927,-1.8567504525230103,-0.02932166991788142,-1.471409684916175,0.3637530173630848,0.193935052426069,0.1632942355964872,0.11639129162352742,,,
1751124403.021692,d500a44f-2051-d64b-3d63-8985cc792954,63f6aa83-efa8-ccf3-ed92-eecfbb815ae9,20,-78.0,-82.0,-75.0,-73.0,-2.485623320221869,-1.8124132145889895,0.002073270908626687,-1.481482425949127,0.4006869004932806,0.23334014931077654,0.15152710825424262,0.08715049025662194,-3.139101505279541,8.039626121520996,1.5154470205307007
1751124404.022918,d500a44f-2051-d64b-3d63-8985cc792954,c84bec38-5df7-68cb-38ae-eaab49333778,17,-75.0,-81.0,-75.0,-79.0,-2.500954872301346,-1.7790065218750357,-0.06212702085769549,-1.4813535289523672,0.39532276142564293,0.288172239310527,0.12630253690350152,0.0938145182523272,,,
1751124405.068395,d500a44f-2051-d64b-3d63-8985cc792954,e924b242-819b-5152-8e34-94c868944db9,32,-65.0,-91.0,-77.0,-78.0,-2.5122410826849926,-1.8464603975451075,-0.06713722581646156,-1.4680766056538863,0.41061516503709594,0.30429911116004266,0.18926350168942013,0.11230589432042658,-3.1567208766937256,8.04789924621582,1.4950966835021973
1751124406.013442,d500a44f-2051-d64b-3d63-8985cc792954,3d2d0389-519c-4812-4eaf-d68897ccb299,34,-70.0,-88.0,-90.0,-98.0,-2.5557355632920578,-1.8395080823614012,-0.06564052928383703,-1.4372531791973093,0.5096993383950118,0.3476162252385085,0.2514931541176245,0.135956562434066,-3.163092613220215,8.04305934906006,1.472233533859253
1751124407.048409,d500a44f-2051-d64b-3d63-8985cc792954,365126d9-a81c-5620-6cd7-2a6dd9cc132c,12,-64.0,-84.0,-74.0,-78.0,-2.5829578633226298,-1.9416855839044713,-0.05756475959428075,-1.4666114675801794,0.5300603034826172,0.33341848070361896,0.12854313755236924,0.14000289449292677,-3.1749303340911865,8.039554595947266,1.4939954280853271
1751124408.016301,d500a44f-2051-d64b-3d63-8985cc792954,6220c6cb-d56a-ed5d-02d9-8d6c62ba0a97,31,-67.0,-91.0,-81.0,-76.0,-2.5776571074889363,-1.73566783619174,0.044649493571832476,-1.4689296161510388,0.5375275408630904,0.25960993648796804,0.15114945536691254,0.14342437405864922,-3.188713550567627,8.01240634918213,1.5028505325317383
1751124409.017279,d500a44f-2051-d64b-3d63-8985cc792954,9d1c0984-e951-d39d-c783-49c7551f97ba,8,-75.0,-83.0,-74.0,-73.0,-2.559437889839486,-1.7796049341719762,0.04336078992034313,-1.4234713205561491,0.4287631431273864,0.2848376287306115,0.10731327454723344,0.17515039574292462,-3.1769323348999023,7.982520580291748,1.4943645000457764
1751124410.024147,d500a44f-2051-d64b-3d63-8985cc792954,ca6d4c88-37b7-41c2-d587-b23781381ecc,12,-66.0,-80.0,-84.0,-73.0,-2.593977224965051,-1.8792028978831956,0.08517854430509436,-1.3798502066392508,0.3033062181266339,0.5077185790447517,0.15523174842286774,0.19437781960205147,-3.147592306137085,7.95162582397461,1.4561469554901123
1751124411.014221,d500a44f-2051-d64b-3d63-8985cc792954,e3bddd72-cd3b-9831-7fd0-12530f1effbf,12,-69.0,-81.0,-78.0,-69.0,-2.5469399411598532,-1.886084106665797,0.031129689981936215,-1.4723684229086034,0.3496084694709696,0.2570441139357312,0.14691128416340363,0.19955879976571886,-3.132673978805542,7.922232151031494,1.4092845916748047
1751124412.02167,d500a44f-2051-d64b-3d63-8985cc792954,01afd292-0f05-34bb-e7ce-529ddb74c4af,33,-71.0,-83.0,-92.0,-78.0,-2.6007086309363348,-1.8626743880517824,-0.0034695662681552314,-1.4577565901137202,0.321239545433064,0.22403191860300203,0.15388768431021838,0.18047187429885053,,,
1751124413.016824,d500a44f-2051-d64b-3d63-8985cc792954,051b859b-5796-2e50-38ef-ea670a2b8aeb,21,-64.0,,-75.0,-76.0,-2.6318511040915036,,0.03396861970396069,-1.4556729328768423,0.3064588349355561,,0.2931612721386269,0.21863397403427726,-3.1145875453948975,7.895511150360107,1.397531270980835
1751124414.015299,d500a44f-2051-d64b-3d63-8985cc792954,6aedbdd1-be58-3f2d-24b9-d498ce5d610e,13,-72.0,,-75.0,-68.0,-2.638687438609737,,0.08320860404676274,-1.4900803083703935,0.3044097987928491,,0.1418601497476344,0.24613019682772064,,,
1751124415.070828,d500a44f-2051-d64b-3d63-8985cc792954,d7113970-1c7a-fa2f-20fe-d6f2846fec1e,23,-66.0,,-81.0,-72.0,-2.8448776260030506,,0.12726261479885348,-1.4693701029953379,0.2750593001561676,,0.12732196167927023,0.2135715544733888,-3.107847213745117,7.852108478546143,1.3330638408660889
1751124416.013364,d500a44f-2051-d64b-3d63-8985cc792954,28afef77-d972-7ade-aca7-ba7449b76d2f,2,-68.0,,-75.0,-76.0,-2.8336385535706987,,0.13273141609733122,-1.4781830356746282,0.24641678625052682,,0.20751739036731165,0.24566775554918518,-3.1084189414978027,7.819936752319336,1.2972609996795654
1751124417.02452,d500a44f-2051-d64b-3d63-8985cc792954,51f808da-d7bc-ebb0-5416-abb2e814a973,16,-65.0,,-69.0,-95.0,-2.8388516914045288,,0.08642863212077755,-1.5102602783724146,0.2538329075828273,,0.2595644796571117,0.1710439844343474,,,
1751124418.016774,d500a44f-2051-d64b-3d63-8985cc792954,1c1b59d5-fb49-ca59-33a3-a9a6cec54d13,23,-72.0,-80.0,-78.0,-80.0,-2.8405542502894163,-1.7394495249396524,-0.0435477438288667,-1.4459297580287875,0.2721997475804518,0.39538358136703766,0.2675886006662773,0.10802147566011278,-3.101398468017578,7.79735517501831,1.234287977218628
1751124419.069643,d500a44f-2051-d64b-3d63-8985cc792954,c9a8908c-90c2-9068-85e6-51ab195ea641,25,-66.0,-80.0,-76.0,-73.0,-2.8150997565904388,-1.7772163449902842,-0.1077022292244395,-1.4562961125719212,0.2541852937293152,0.2812845723622823,0.23368992223044482,0.11666584688715778,-3.101595878601074,7.782287120819092,1.21013081073761
1751124420.049788,d500a44f-2051-d64b-3d63-8985cc792954,0d7c227d-1d29-b1ba-6a49-0eb975a7a7e8,24,-68.0,-75.0,-78.0,-73.0,-2.8537960198615084,-1.806903533767779,0.16505580014427695,-1.3767882371759321,0.17217456289611327,0.1413185127161827,0.17970501706296224,0.11352371627502779,-3.0893869400024414,7.761403560638428,1.2001969814300537
1751124421.014597,d500a44f-2051-d64b-3d63-8985cc792954,6a16d25f-aa80-5922-75c6-7cf9a7474150,35,-67.0,-85.0,-77.0,-75.0,-2.785628150703186,-1.791526308475607,0.1537509476329996,-1.514868212848524,0.16957230497121276,0.13598028953490296,0.19027297290061465,0.13696140640286653,-3.08415412902832,7.750362396240234,1.2078191041946411
1751124422.015342,d500a44f-2051-d64b-3d63-8985cc792954,5ae6ac70-b39a-2a2f-12af-3da2d03b9846,8,-65.0,-81.0,-77.0,-85.0,-2.803545365885021,-1.8420989386278848,0.16276415002626377,-1.5145925756757008,0.16331192897297944,0.14361287592955638,0.18237443658160316,0.14927091146824104,-3.0993056297302246,7.735647678375244,1.2307779788970947
1751124423.048634,d500a44f-2051-d64b-3d63-8985cc792954,49a2e624-a39c-16a0-d815-76254e373757,10,-70.0,-81.0,-74.0,-67.0,-2.670886654085449,-1.822917520876589,0.1801175740053291,-1.529045550911561,0.2007229839914902,0.18206001712540565,0.14937873620287562,0.10820070640147508,-3.1297762393951416,7.720185279846191,1.2748842239379883
1751124424.069591,d500a44f-2051-d64b-3d63-8985cc792954,84e3ea94-76c1-ef7a-2986-8b047ec9a6df,22,-70.0,-72.0,-76.0,-75.0,-2.6853936914914374,-1.900155850391612,-0.03290948053843617,-1.5223110823050228,0.19975480842194873,0.16402627200112277,0.11160744703503968,0.12943187602002074,-3.1474552154541016,7.71233606338501,1.2891337871551514
1751124425.049827,d500a44f-2051-d64b-3d63-8985cc792954,beafc4cd-83a1-299b-d1e8-7a357320e524,22,-69.0,-83.0,-85.0,-74.0,-2.757016745848029,-1.8466297745904363,0.05544435073435966,-1.5478959377393597,0.2192289741560714,0.14449583034421537,0.11870528732756204,0.12195790583541669,-3.1647770404815674,7.70763921737671,1.3080244064331055
1751124426.012762,d500a44f-2051-d64b-3d63-8985cc792954,5eca74e9-1a59-b62a-51d8-c96b2981e9da,20,-67.0,-80.0,,-74.0,-2.887985415619837,-1.7959530148395366,,-1.5647128679168283,0.2642758113625437,0.15740805037616684,,0.1632517581771005,-3.182938575744629,7.727932453155518,1.3402043581008911
1751124427.048825,d500a44f-2051-d64b-3d63-8985cc792954,765a9f14-7b6c-2cb3-6641-f638f8786bd7,25,-78.0,-74.0,,-78.0,-2.830598288870264,-1.801172011627765,,-1.5668625715487403,0.20384023069218477,0.14732735314945805,,0.11169248509759727,-3.194179058074951,7.756916046142578,1.3458669185638428
1751124428.047963,d500a44f-2051-d64b-3d63-8985cc792954,b40aac6c-c9cf-c8e9-a33f-3c564a4f624d,32,-69.0,-78.0,,-80.0,-2.8048186232021877,-1.7236798828608575,,-1.5231081664192838,0.2094259114730033,0.08635107587640739,,0.1142931368034653,-3.215315818786621,7.76900053024292,1.3888732194900513
1751124429.01479,d500a44f-2051-d64b-3d63-8985cc792954,b7c49563-d041-286d-8fa9-bf98135bf3c7,31,-69.0,-79.0,,-72.0,-2.9127522811253552,-1.7010858904887338,,-1.5487199197806303,0.208542274623315,0.08923349002560581,,0.17124054236755207,-3.2396280765533447,7.76828956604004,1.3788721561431885
1751124430.024959,d500a44f-2051-d64b-3d63-8985cc792954,59bec2d2-09fe-9e10-8f1d-0357d396b40c,19,-74.0,-72.0,,-76.0,-2.8275857210451663,-1.7778328667826375,,-1.5587656297285182,0.19612871486072408,0.13076402248679198,,0.13261610954450917,-3.272426128387451,7.776023864746094,1.3371500968933105
1751124431.014345,d500a44f-2051-d64b-3d63-8985cc792954,9b49cb44-5f9f-0a81-6fca-57a5bcc74fd4,3,-72.0,-71.0,-71.0,-66.0,-2.894317613743718,-1.8728444676225768,-0.09602213731556998,-1.5349492464160486,0.31950319769184593,0.10795583706162071,0.12003539481162372,0.1921028475303649,,,
1751124432.048932,d500a44f-2051-d64b-3d63-8985cc792954,ae5e6b73-697e-4d19-aa06-146d44c0a41a,34,-66.0,-86.0,-84.0,-81.0,-2.841418446063147,-1.8652569885188865,-0.1707983744028148,-1.5066596845786275,0.3758786561223246,0.11977529551928545,0.08998824652329108,0.12245689899991348,-3.289506196975708,7.823235988616943,1.3208447694778442
1751124433.047893,d500a44f-2051-d64b-3d63-8985cc792954,dbb1f2df-25d8-6dfc-3d05-7a90e8d0318e,18,-72.0,-80.0,-75.0,-76.0,-2.8668084912637446,-1.8614947408469318,-0.1069893010006253,-1.533369592415468,0.42302689387643755,0.1049598224471736,0.0921374008782282,0.09676352807353443,-3.3026936054229736,7.882822513580322,1.3508223295211792
1751124434.024788,d500a44f-2051-d64b-3d63-8985cc792954,2095a060-436d-5d47-ab6d-5299a5843118,30,-83.0,-80.0,-87.0,-77.0,-2.885373653538796,-1.7771946402274001,-0.175341194590272,-1.4947002270714083,0.33693102373386535,0.12632842782272416,0.07004022952983766,0.12352926242472591,-3.3051061630249023,7.95288848876953,1.3804084062576294
1751124435.04942,d500a44f-2051-d64b-3d63-8985cc792954,8914e8c7-80ec-9781-b8f8-1dad4e1104b2,36,-69.0,-93.0,-81.0,,-2.883266560484325,-1.769867751436374,-0.17384103594823036,,0.3952878074363356,0.15012545328302027,0.08575888871851464,,-3.2967522144317627,8.01411247253418,1.3703221082687378
1751124436.014351,d500a44f-2051-d64b-3d63-8985cc792954,dbc9a5f8-ed9c-af45-9205-69eaa0168c7c,25,-67.0,,-74.0,,-2.8963983415033967,,-0.16419959385381652,,0.37337335390585985,,0.12411192878172161,,-3.284667491912842,8.0744571685791,1.3276900053024292
1751124438.049567,d500a44f-2051-d64b-3d63-8985cc792954,65049f13-cfe0-b30a-f067-e5c3cc781c02,13,-74.0,-83.0,,,-2.859472015092794,-1.7785608418666108,,,0.23826103850448407,0.17703967550974048,,,-3.24720573425293,8.110962867736816,1.28642463684082
1751124439.01706,d500a44f-2051-d64b-3d63-8985cc792954,77f6065f-ce7b-369e-0a03-dd320f08a713,10,-69.0,-79.0,,,-3.0017495321175143,-1.4362351858706262,,,0.21942148741337048,0.2844373556187726,,,-3.2053654193878174,8.12977981567383,1.140344500541687
1751124440.049829,d500a44f-2051-d64b-3d63-8985cc792954,d3fffdb4-202a-b9f5-9b2b-87ef0535d7f9,12,-67.0,-82.0,,,-2.9705087883181216,-1.2939359640830221,,,0.20088795017626382,0.19062520924429127,,,,,
1751124441.015603,d500a44f-2051-d64b-3d63-8985cc792954,f4c17df0-d993-d8cd-b799-7176120fb84b,22,-75.0,-78.0,,-86.0,-2.6691287014498877,-1.3068280606039866,,-1.5320887450891945,0.244639209446683,0.2036547914565312,,0.24498808354948337,-3.183673858642578,8.15291500091553,1.0240964889526367
1751124442.071098,d500a44f-2051-d64b-3d63-8985cc792954,f1b9ca20-33a7-cc6c-e6cc-fa67ad78bf1b,19,-74.0,-80.0,-78.0,-80.0,-2.6810223788781817,-1.2824813087604274,-0.0649201442089706,-1.5099980901630963,0.3241059390038299,0.26629823253910667,0.343003031019246,0.13413452748477467,,,
1751124443.025246,d500a44f-2051-d64b-3d63-8985cc792954,4fbad3fe-35c6-abb5-0e62-b6c9a3dde90e,12,-67.0,-79.0,-72.0,-68.0,-2.583812471716436,-1.5192484470514318,-0.007216101289678704,-1.5877734461119337,0.3494917564361968,0.08583331574860398,0.19387957545161127,0.0969991762181144,-3.1946020126342773,8.16389846801758,1.0931107997894287
1751124444.016912,d500a44f-2051-d64b-3d63-8985cc792954,6595bb77-74b7-82ba-0776-55c5806bfc29,8,-67.0,-81.0,-69.0,-70.0,-2.5343565050092285,-1.6063617778884687,0.07508489745758504,-1.6002444968645568,0.2828596324099824,0.11685215165016562,0.10391027898395178,0.12391691048852217,-3.2113471031188965,8.17055416107178,1.1448622941970825
1751124445.070958,d500a44f-2051-d64b-3d63-8985cc792954,8b982ea7-7a88-9b56-02a1-5dc29084f9db,25,-72.0,-75.0,-85.0,-78.0,-2.541800839204327,-1.6413152345635407,0.06092859836715984,-1.5476607806151057,0.32874709641453825,0.12518504954296905,0.06873947923560492,0.09968924355758184,-3.2189478874206543,8.14033508300781,1.1509543657302856
1751124446.014397,d500a44f-2051-d64b-3d63-8985cc792954,f9781264-5fa0-5159-af28-d5982502b911,10,-72.0,-75.0,-70.0,-67.0,-2.5593180475904327,-1.7225511020328272,0.14805844080295524,-1.5883052793816224,0.32581725303080117,0.1494587309041189,0.09655519397488455,0.09883472670993788,-3.227834939956665,8.10439682006836,1.1561335325241089
1751124447.048113,d500a44f-2051-d64b-3d63-8985cc792954,0764eacb-49a7-11cf-a336-209ef4a97db3,0,-68.0,-77.0,-69.0,-70.0,-2.794768385880447,-1.7432156341951883,0.18278339825649842,-1.5594382110618177,0.3240463507744394,0.1337888325305256,0.13281011250754304,0.10942964705362737,,,
1751124448.015791,d500a44f-2051-d64b-3d63-8985cc792954,958ccc08-0871-0b4b-74f2-f25acff1eb87,21,-71.0,-79.0,-77.0,-78.0,-2.7296333245715068,-1.697507001457831,0.11931707368660209,-1.5426528393432664,0.2713994510281262,0.1565396268342056,0.12862021942117025,0.13953089912398065,-3.2412545680999756,8.06009101867676,1.0980820655822754
1751124449.016325,d500a44f-2051-d64b-3d63-8985cc792954,639a3915-fda6-047d-c8cd-a0c1fd6c686d,32,-65.0,-82.0,-76.0,-76.0,-2.7324557426947726,-1.6963378737392862,0.050169960195457726,-1.5185728030828787,0.2115932751918939,0.1446774579305588,0.15452874047411405,0.10217371486089519,,,
1751124450.07041,d500a44f-2051-d64b-3d63-8985cc792954,44bffcf8-63e4-31f3-34e0-af1b09b3ff41,25,-72.0,-86.0,-71.0,-80.0,-2.6860664059827917,-1.705991166900551,-0.01073626761854544,-1.5046434053173283,0.25036520552743513,0.20719882636666773,0.40177996167318997,0.14650032511769076,-3.25522518157959,8.01466178894043,1.0730987787246704
1751124451.013773,d500a44f-2051-d64b-3d63-8985cc792954,ba146757-720e-9f58-2cfa-871587198b2b,0,-67.0,-79.0,-72.0,-71.0,-2.655457097677857,-1.8244986396157692,0.12038713181259592,-1.5671725634996256,0.2573439692297173,0.1810833027956191,0.14005003244422112,0.15250137580477763,,,
1751124452.04912,d500a44f-2051-d64b-3d63-8985cc792954,df503bd5-66c8-883e-c65a-ade81e8b481e,33,-66.0,-85.0,-87.0,-88.0,-2.5570343869556895,-1.81838588596571,-0.08866675270088015,-1.5458796584780607,0.24885502674179202,0.15544322005817685,0.07365949874076896,0.16333321761694328,-3.2761597633361816,7.971818447113037,1.0492380857467651
1751124453.017419,d500a44f-2051-d64b-3d63-8985cc792954,2b7f8a68-513a-25dc-9757-c59e45e4ede4,23,-78.0,-81.0,-75.0,-68.0,-2.545251763344852,-1.7736547665064668,-0.043315516181811786,-1.5716943447144713,0.23771740410221484,0.1361181747003418,0.07963274436159973,0.220342841281997,,,
1751124454.024399,d500a44f-2051-d64b-3d63-8985cc792954,b814d2eb-653f-4ed2-f8a0-04eee0c0a645,10,-64.0,-86.0,-72.0,-69.0,-2.6008987806381665,-1.7403708455187654,-0.0028117654789056594,-1.5389842017836275,0.3916899766721795,0.18939614375646288,0.10047234607611964,0.285959518629321,-3.3241212368011475,7.933510780334473,1.0189487934112549
1751124455.056733,d500a44f-2051-d64b-3d63-8985cc792954,9ed0fb48-e7ba-24c4-26e2-abb57e8dde19,20,-73.0,-86.0,-78.0,-71.0,-2.624103435848245,-1.8663116003105582,0.004247741938676385,-1.5446062680028392,0.4469724737912897,0.2653579369372269,0.13597591196386113,0.24620639652441054,-3.37649393081665,7.9100141525268555,1.1337002515792847
1751124456.017564,d500a44f-2051-d64b-3d63-8985cc792954,4413d3e3-4125-cf53-dd69-0ed7d328b01c,1,-70.0,-75.0,-67.0,-69.0,-2.633907330769154,-1.8555010304975996,0.1129752881827964,-1.5078117680661955,0.44408380953590787,0.22642897996591188,0.08249840556306585,0.20610356807885905,-3.400010108947754,7.881654262542725,1.2375366687774658
1751124457.048674,d500a44f-2051-d64b-3d63-8985cc792954,1165f441-8bec-54f0-f1ef-e3cb7b43f2b9,16,-73.0,,-69.0,-77.0,-2.670512213636184,,0.052497296672077975,-1.5538506327787225,0.4767885595655442,,0.08092345370628504,0.12545388733263416,-3.397921562194824,7.865918159484863,1.2716256380081177
1751124458.025836,d500a44f-2051-d64b-3d63-8985cc792954,e671c3f3-d660-1c1c-460e-fdc2c46dbb8a,26,-69.0,-81.0,-81.0,-72.0,-2.7309225608552143,-1.7718428848588312,0.1112378418876287,-1.5498194058366697,0.37285946368401535,0.1784085070205276,0.07130381624329618,0.13060461565079393,-3.385493278503418,7.852427005767822,1.2110964059829712
1751124459.0263,d500a44f-2051-d64b-3d63-8985cc792954,28b13879-07b6-b4b5-0889-4ac2e95d560d,27,-68.0,-78.0,-79.0,-79.0,-2.6878818828978988,-1.7144983686867004,0.14494467285643461,-1.5285002686783669,0.2614644120682879,0.13292307214965446,0.10143524525775142,0.16780275094015284,-3.3849270343780518,7.838026523590088,1.198684811592102
1751124460.050467,d500a44f-2051-d64b-3d63-8985cc792954,cbe52fb6-0602-7725-995b-d7bb9913ac56,23,-68.0,-90.0,-77.0,-75.0,-2.6682682341016832,-1.689568251406359,0.05993417401612424,-1.5035520419026138,0.1897135925584003,0.11666014605794932,0.06759915526872501,0.18550263553228064,,,
1751124461.019332,d500a44f-2051-d64b-3d63-8985cc792954,48e576c8-a0cb-2486-7bb3-f9dcba7183e3,6,-65.0,-79.0,-70.0,-69.0,-2.738675555420653,-1.790936817768318,0.12145106466808259,-1.4447672882129678,0.24570795263688858,0.10404676598981835,0.09212773027451988,0.2202550401898085,-3.363337755203247,7.822615146636963,1.1752948760986328
1751124462.049728,d500a44f-2051-d64b-3d63-8985cc792954,2b92b5fd-97f2-dc28-c606-50492cc59e22,21,-69.0,-76.0,-80.0,-76.0,-2.667680208132994,-1.7854765385853284,0.0818559845291115,-1.4041871047867762,0.21864935378957245,0.12703300870099662,0.0987246299659983,0.18207910866147017,-3.333879232406616,7.810325622558594,1.213836908340454
1751124463.017503,d500a44f-2051-d64b-3d63-8985cc792954,d393e147-0c14-9870-2638-d2ee32c7c41f,18,-77.0,-77.0,-80.0,-74.0,-2.6866331266627603,-1.772917070884515,0.0549617859448373,-1.4407749434228299,0.25457484761776655,0.14028961707378737,0.12791117774807187,0.17888301574775245,-3.306828260421753,7.7981109619140625,1.2390358448028564
1751124464.02488,d500a44f-2051-d64b-3d63-8985cc792954,243ed64b-6067-353a-4962-556bd5c4423c,13,-70.0,-76.0,-75.0,-68.0,-2.6849502751699394,-1.8076480204505108,0.0017917747814053114,-1.4968805570558565,0.3265726919635158,0.12378983609263335,0.13248376708308907,0.1999171114456322,-3.282365083694458,7.787812232971191,1.2811641693115234
1751124465.017759,d500a44f-2051-d64b-3d63-8985cc792954,bded2ccf-4a28-7ff3-fbaa-65a765bc96b6,16,-71.0,-80.0,-75.0,-77.0,-2.7014008875394677,-1.7727582133254915,-0.023733292686459146,-1.4956800040364486,0.3431015346900653,0.08213231245934244,0.1324120864378739,0.23269654649908844,-3.2544479370117188,7.781350135803223,1.3341615200042725
1751124466.015018,d500a44f-2051-d64b-3d63-8985cc792954,1e0c7963-e491-b9f7-9431-140d35a13eeb,31,-83.0,-98.0,-82.0,-83.0,-2.73323764679082,-1.7383110235736436,0.01198582280201062,-1.5424790680821385,0.33435438208970003,0.1327948159760319,0.16513165030107382,0.3611741786110202,-3.227315902709961,7.775498390197754,1.2739434242248535
1751124467.050426,d500a44f-2051-d64b-3d63-8985cc792954,d6f20627-d47e-f942-ff2a-e941cf36c69d,1,-69.0,-80.0,-75.0,-65.0,-2.771216454464222,-1.7494579506322794,-0.04941468771031125,-1.5528544773729784,0.31068224223977187,0.1485012912027218,0.18224788649555393,0.4909078407168173,-3.208608865737915,7.77362823486328,1.2639669179916382
1751124468.026488,d500a44f-2051-d64b-3d63-8985cc792954,017e0820-73c5-1048-10af-3e00755bc6da,10,-68.0,-86.0,-72.0,-75.0,-2.712295879558982,-1.7255785835600295,0.00697934626877066,-1.5625084363245154,0.32267711978948876,0.16230550375228175,0.20331969921237195,0.27399315354802484,-3.1799120903015137,7.771427631378174,1.1777398586273193
1751124469.026338,d500a44f-2051-d64b-3d63-8985cc792954,04ca49fd-6caf-53ba-2b54-ec819ae77276,27,-72.0,-75.0,-80.0,-75.0,-2.7511615198753803,-1.6997525788889858,0.04996249994654056,-1.5588346056007512,0.3828861320301092,0.1431104373003993,0.2559191780465249,0.21318747670992894,-3.170607805252075,7.768193244934082,1.1672935485839844
1751124470.025096,d500a44f-2051-d64b-3d63-8985cc792954,f46a0204-ecf0-3185-7803-34918245b470,4,-76.0,-88.0,-72.0,-78.0,-2.7769800676953715,-1.6896267077922866,0.004946555408713177,-1.526546840018794,0.3783735387210244,0.16999023817003028,0.22627406721425336,0.17259923722144005,-3.127169132232666,7.771052837371826,1.170832633972168
1751124471.01502,d500a44f-2051-d64b-3d63-8985cc792954,ebea36c3-0d0e-8ffb-78bc-9e6f83581fc1,27,-73.0,-90.0,-76.0,-84.0,-2.7964515036893767,-1.637496794192585,0.1142560023510155,-1.5033400542798436,0.3961808319288665,0.13845141174325226,0.3568217744415037,0.2052601116721173,-3.120516300201416,7.76953125,1.1437066793441772
1751124472.025228,d500a44f-2051-d64b-3d63-8985cc792954,299ce7f3-7f39-d90e-036d-0105c6925317,30,-75.0,-85.0,-85.0,-79.0,-2.8065211820870752,-1.6245620870941793,0.06457633011224137,-1.4859914239907406,0.43598187428864155,0.14465174178128265,0.3554754133524141,0.13930787602744335,-3.1307482719421387,7.769090175628662,1.1254451274871826
1751124473.07245,d500a44f-2051-d64b-3d63-8985cc792954,d1bb7d05-60cc-d5d7-e30b-fc8525bd38da,3,-69.0,-77.0,-69.0,-70.0,-2.7723091494594816,-1.6925275560096553,0.019315641070235708,-1.5479244335630236,0.37698486666011627,0.19807670068481933,0.171244553753944,0.1179956464432184,-3.1503448486328125,7.77006483078003,1.097524642944336
1751124474.026513,d500a44f-2051-d64b-3d63-8985cc792954,a546cd80-1fcf-741e-ed24-00cd930ba675,6,-70.0,-79.0,-70.0,-69.0,-2.7472922131276043,-1.7391881356786614,0.07302600761884477,-1.5269969142430173,0.4152995322364908,0.16633546569281685,0.14854907829953187,0.12721903882551708,-3.1620864868164062,7.763638019561768,1.0966682434082031
1751124475.01676,d500a44f-2051-d64b-3d63-8985cc792954,6a206f0c-4250-8c7f-d86e-7882deaf8818,9,-62.0,-85.0,-80.0,-75.0,-2.712309461680541,-1.8223557270446369,-0.001499626009823619,-1.49767684222179,0.4277561020506866,0.15620957795136073,0.15054541714216893,0.14376024860637865,-3.176966905593872,7.758146286010742,1.1046491861343384
1751124476.015406,d500a44f-2051-d64b-3d63-8985cc792954,0a0a22bd-aafa-beb1-accd-1e5ef011c7bd,25,-72.0,-95.0,-69.0,-79.0,-2.7108010472391206,-1.773976076891985,0.04855794878763276,-1.498756221411599,0.48832344261597715,0.15174081028696465,0.3914610446869735,0.19845814857670274,-3.18816328048706,7.751348972320557,1.1814392805099487
1751124477.048926,d500a44f-2051-d64b-3d63-8985cc792954,b0896d18-5957-b1ac-6102-3e11381d20ee,5,-73.0,-80.0,-67.0,-73.0,-2.688203859073689,-1.6804377367670773,-0.010255567041786139,-1.5010586573320268,0.3985449866075571,0.17295052481397832,0.36239047757037307,0.29019294607713825,-3.201516628265381,7.74797487258911,1.2159391641616821
1751124478.017645,d500a44f-2051-d64b-3d63-8985cc792954,46ad7660-be88-6bfb-f650-075e0326e36a,35,-78.0,,-74.0,-80.0,-2.791229311107841,,-0.08350820966939666,-1.519520355798729,0.4638384394223295,,0.2423132378401214,0.21498782354109294,-3.2201409339904785,7.752531051635742,1.240431785583496
